image_path,target,prediction
"tensor([[[0.4784, 0.4784, 0.4706,  ..., 0.4824, 0.4745, 0.4392],
         [0.4784, 0.4784, 0.4667,  ..., 0.4510, 0.4549, 0.4784],
         [0.4706, 0.4745, 0.4745,  ..., 0.4824, 0.4941, 0.4745],
         ...,
         [0.4667, 0.4706, 0.4667,  ..., 0.4745, 0.4706, 0.4667],
         [0.4745, 0.4745, 0.4745,  ..., 0.4706, 0.4706, 0.4706],
         [0.4745, 0.4745, 0.4745,  ..., 0.4745, 0.4745, 0.4627]]])",0.3599284589290619,0.48893952
"tensor([[[0.5176, 0.5137, 0.5020,  ..., 0.5098, 0.5176, 0.5176],
         [0.5216, 0.5255, 0.5137,  ..., 0.5216, 0.5255, 0.5255],
         [0.5098, 0.5137, 0.5137,  ..., 0.5255, 0.5059, 0.5059],
         ...,
         [0.5216, 0.5216, 0.5098,  ..., 0.5098, 0.5098, 0.5059],
         [0.5137, 0.5137, 0.5098,  ..., 0.5137, 0.5176, 0.5294],
         [0.5216, 0.5098, 0.5137,  ..., 0.5255, 0.5216, 0.5255]]])",0.3455580770969391,0.47673944
"tensor([[[0.4667, 0.4863, 0.4980,  ..., 0.4863, 0.5333, 0.5294],
         [0.4941, 0.4902, 0.4824,  ..., 0.5216, 0.5098, 0.4863],
         [0.5098, 0.5098, 0.5098,  ..., 0.4824, 0.4627, 0.4941],
         ...,
         [0.4941, 0.4941, 0.4784,  ..., 0.4902, 0.5059, 0.5176],
         [0.4784, 0.4902, 0.4863,  ..., 0.4980, 0.5098, 0.5255],
         [0.4941, 0.4706, 0.4784,  ..., 0.5020, 0.5020, 0.4980]]])",0.2376597374677658,0.38484177
"tensor([[[0.4588, 0.4588, 0.4588,  ..., 0.4706, 0.4706, 0.4706],
         [0.4627, 0.4549, 0.4471,  ..., 0.4667, 0.4588, 0.4392],
         [0.4667, 0.4941, 0.4824,  ..., 0.4392, 0.4471, 0.4510],
         ...,
         [0.4706, 0.4588, 0.4549,  ..., 0.4549, 0.4667, 0.4745],
         [0.4667, 0.4471, 0.4588,  ..., 0.4667, 0.4667, 0.4549],
         [0.4706, 0.4510, 0.4549,  ..., 0.4549, 0.4667, 0.4588]]])",0.328320175409317,0.46828794
"tensor([[[0.4980, 0.4863, 0.4549,  ..., 0.4745, 0.4863, 0.4784],
         [0.4941, 0.4549, 0.4667,  ..., 0.4784, 0.4824, 0.4588],
         [0.5059, 0.5529, 0.5412,  ..., 0.4784, 0.4627, 0.4863],
         ...,
         [0.4902, 0.4784, 0.4745,  ..., 0.4902, 0.4863, 0.4784],
         [0.4784, 0.4588, 0.4627,  ..., 0.4784, 0.4902, 0.4863],
         [0.4902, 0.4706, 0.4627,  ..., 0.4980, 0.4745, 0.4510]]])",0.29012998938560486,0.41890883
"tensor([[[0.4824, 0.4196, 0.4706,  ..., 0.4431, 0.4549, 0.4510],
         [0.4667, 0.4549, 0.4980,  ..., 0.4706, 0.4588, 0.4549],
         [0.4745, 0.4863, 0.4510,  ..., 0.4471, 0.4588, 0.4706],
         ...,
         [0.4667, 0.4706, 0.4824,  ..., 0.4549, 0.4588, 0.4588],
         [0.4471, 0.4353, 0.4392,  ..., 0.4549, 0.4588, 0.4627],
         [0.4549, 0.4392, 0.4235,  ..., 0.4667, 0.4549, 0.4431]]])",0.30115100741386414,0.53377867
"tensor([[[0.5294, 0.5098, 0.5686,  ..., 0.5373, 0.5137, 0.5098],
         [0.5373, 0.5098, 0.5451,  ..., 0.5255, 0.5490, 0.5412],
         [0.5804, 0.5529, 0.5137,  ..., 0.5255, 0.5294, 0.5216],
         ...,
         [0.5608, 0.5569, 0.5373,  ..., 0.5294, 0.5412, 0.5373],
         [0.5255, 0.5216, 0.5098,  ..., 0.5216, 0.5373, 0.5255],
         [0.5373, 0.5216, 0.4902,  ..., 0.5216, 0.5294, 0.5216]]])",0.2828732132911682,0.6739627
"tensor([[[0.4863, 0.4510, 0.5294,  ..., 0.4863, 0.4784, 0.5020],
         [0.5098, 0.4588, 0.5098,  ..., 0.4980, 0.4941, 0.4863],
         [0.5529, 0.5294, 0.4980,  ..., 0.4824, 0.4980, 0.5020],
         ...,
         [0.4980, 0.4941, 0.5059,  ..., 0.4902, 0.4941, 0.4824],
         [0.5176, 0.5137, 0.4510,  ..., 0.4745, 0.4941, 0.4941],
         [0.4863, 0.4824, 0.4745,  ..., 0.4902, 0.4980, 0.4902]]])",0.2893783152103424,0.53400314
"tensor([[[0.3922, 0.4667, 0.4941,  ..., 0.4353, 0.4235, 0.4667],
         [0.4745, 0.4431, 0.5373,  ..., 0.4549, 0.4392, 0.4235],
         [0.4471, 0.4039, 0.5255,  ..., 0.4353, 0.4510, 0.4980],
         ...,
         [0.4745, 0.4784, 0.4118,  ..., 0.4549, 0.4431, 0.4471],
         [0.4784, 0.4235, 0.4078,  ..., 0.4314, 0.4392, 0.4549],
         [0.3922, 0.4196, 0.4824,  ..., 0.4510, 0.4471, 0.4667]]])",0.21570445597171783,0.3685843
"tensor([[[0.4157, 0.4627, 0.4784,  ..., 0.4314, 0.4588, 0.4314],
         [0.4118, 0.4196, 0.4784,  ..., 0.4353, 0.4118, 0.4118],
         [0.4392, 0.4000, 0.4471,  ..., 0.4196, 0.4118, 0.4314],
         ...,
         [0.4510, 0.4431, 0.4157,  ..., 0.4471, 0.4353, 0.4353],
         [0.4471, 0.4353, 0.4314,  ..., 0.4235, 0.4157, 0.4353],
         [0.4314, 0.4039, 0.4157,  ..., 0.4196, 0.4157, 0.4392]]])",0.2850746214389801,0.44518816
"tensor([[[0.4235, 0.5176, 0.5176,  ..., 0.4824, 0.4745, 0.4824],
         [0.4314, 0.4588, 0.5294,  ..., 0.4784, 0.4902, 0.4745],
         [0.4549, 0.4157, 0.4745,  ..., 0.4824, 0.4706, 0.4745],
         ...,
         [0.4627, 0.4902, 0.4353,  ..., 0.4784, 0.4863, 0.4902],
         [0.4745, 0.4902, 0.4627,  ..., 0.4353, 0.4196, 0.4392],
         [0.4745, 0.4549, 0.4784,  ..., 0.5412, 0.5176, 0.4745]]])",0.2258235365152359,0.3891433
"tensor([[[0.3882, 0.4980, 0.4706,  ..., 0.4471, 0.4157, 0.4275],
         [0.3686, 0.4510, 0.4863,  ..., 0.4275, 0.4431, 0.4627],
         [0.3882, 0.3961, 0.4902,  ..., 0.4706, 0.4706, 0.4510],
         ...,
         [0.4275, 0.4000, 0.3843,  ..., 0.4471, 0.4549, 0.4431],
         [0.4275, 0.4039, 0.4667,  ..., 0.4118, 0.4039, 0.4157],
         [0.4471, 0.4039, 0.4863,  ..., 0.4902, 0.4667, 0.4431]]])",0.19281573593616486,0.3599862
"tensor([[[0.5020, 0.5098, 0.4902,  ..., 0.4784, 0.4745, 0.4784],
         [0.4510, 0.4980, 0.4667,  ..., 0.4863, 0.4784, 0.4627],
         [0.4235, 0.4980, 0.4784,  ..., 0.4667, 0.4784, 0.4941],
         ...,
         [0.4784, 0.4431, 0.4941,  ..., 0.4745, 0.4863, 0.4863],
         [0.4353, 0.4510, 0.5137,  ..., 0.4745, 0.4745, 0.4706],
         [0.4118, 0.5098, 0.5216,  ..., 0.4510, 0.4549, 0.4706]]])",0.28032079339027405,0.44741344
"tensor([[[0.5373, 0.5020, 0.5412,  ..., 0.4706, 0.4510, 0.4627],
         [0.5098, 0.4549, 0.5059,  ..., 0.4627, 0.5059, 0.5059],
         [0.4902, 0.5059, 0.4510,  ..., 0.5137, 0.4667, 0.4588],
         ...,
         [0.4627, 0.4863, 0.5255,  ..., 0.4745, 0.4824, 0.4941],
         [0.4235, 0.5216, 0.4824,  ..., 0.4902, 0.4824, 0.4824],
         [0.4471, 0.5294, 0.4745,  ..., 0.4745, 0.4784, 0.4902]]])",0.29682376980781555,0.53166986
"tensor([[[0.5373, 0.5608, 0.5490,  ..., 0.5216, 0.5216, 0.5373],
         [0.5569, 0.5176, 0.5725,  ..., 0.5255, 0.5294, 0.5294],
         [0.5608, 0.5255, 0.5490,  ..., 0.5255, 0.5333, 0.5294],
         ...,
         [0.5020, 0.5647, 0.5333,  ..., 0.5216, 0.5373, 0.5412],
         [0.4980, 0.5647, 0.5373,  ..., 0.5333, 0.5373, 0.5333],
         [0.5686, 0.5529, 0.5569,  ..., 0.5255, 0.5294, 0.5333]]])",0.2846831679344177,0.4304813
"tensor([[[0.5059, 0.5255, 0.4980,  ..., 0.4980, 0.4784, 0.4824],
         [0.5255, 0.5255, 0.4784,  ..., 0.4784, 0.5020, 0.5059],
         [0.5216, 0.5294, 0.5137,  ..., 0.5059, 0.5059, 0.4941],
         ...,
         [0.5569, 0.5137, 0.5020,  ..., 0.4902, 0.4980, 0.5059],
         [0.5294, 0.5333, 0.5529,  ..., 0.4980, 0.5020, 0.4980],
         [0.5255, 0.5529, 0.5255,  ..., 0.4784, 0.5020, 0.5098]]])",0.26644793152809143,0.4287044
"tensor([[[0.4980, 0.5137, 0.4941,  ..., 0.4863, 0.4745, 0.4824],
         [0.5451, 0.5137, 0.5020,  ..., 0.4706, 0.5020, 0.5176],
         [0.5137, 0.4745, 0.4863,  ..., 0.5098, 0.5020, 0.4784],
         ...,
         [0.5020, 0.5412, 0.4863,  ..., 0.4784, 0.4863, 0.4941],
         [0.5176, 0.5451, 0.4902,  ..., 0.4667, 0.4824, 0.4863],
         [0.5608, 0.5216, 0.4980,  ..., 0.4745, 0.4863, 0.4902]]])",0.24428097903728485,0.4256054
"tensor([[[0.5216, 0.5137, 0.5176,  ..., 0.5176, 0.5216, 0.5137],
         [0.5216, 0.5333, 0.5176,  ..., 0.4980, 0.4902, 0.4980],
         [0.4980, 0.5098, 0.5098,  ..., 0.5059, 0.5098, 0.5176],
         ...,
         [0.5569, 0.5373, 0.5176,  ..., 0.5020, 0.4980, 0.5255],
         [0.5451, 0.5333, 0.5490,  ..., 0.4706, 0.4941, 0.5176],
         [0.6000, 0.5529, 0.5059,  ..., 0.4941, 0.4902, 0.4863]]])",0.2133331596851349,0.37244725
"tensor([[[0.4902, 0.5176, 0.5176,  ..., 0.4784, 0.4902, 0.5059],
         [0.4510, 0.5333, 0.4902,  ..., 0.4902, 0.4745, 0.4745],
         [0.4353, 0.4902, 0.4824,  ..., 0.4784, 0.4863, 0.4745],
         ...,
         [0.5059, 0.4745, 0.5020,  ..., 0.4824, 0.4980, 0.5216],
         [0.4824, 0.4863, 0.5333,  ..., 0.4000, 0.4667, 0.4863],
         [0.4941, 0.4784, 0.5137,  ..., 0.3294, 0.3098, 0.3569]]])",0.2190355509519577,0.4013889
"tensor([[[0.6471, 0.6157, 0.6510,  ..., 0.6039, 0.6000, 0.5961],
         [0.6157, 0.6392, 0.6510,  ..., 0.5961, 0.6000, 0.6157],
         [0.5765, 0.6275, 0.6039,  ..., 0.6039, 0.5922, 0.5843],
         ...,
         [0.6157, 0.6118, 0.6431,  ..., 0.5804, 0.6157, 0.6314],
         [0.6157, 0.5961, 0.5961,  ..., 0.4392, 0.4627, 0.5373],
         [0.5451, 0.6392, 0.6667,  ..., 0.5569, 0.5255, 0.4745]]])",0.24498626589775085,0.44319668
"tensor([[[0.5294, 0.5569, 0.5137,  ..., 0.5216, 0.5255, 0.5294],
         [0.5490, 0.5490, 0.5451,  ..., 0.5216, 0.5333, 0.5333],
         [0.5569, 0.5216, 0.5529,  ..., 0.5216, 0.5294, 0.5294],
         ...,
         [0.5137, 0.5647, 0.5529,  ..., 0.4980, 0.5137, 0.5255],
         [0.5725, 0.5608, 0.5412,  ..., 0.4000, 0.4431, 0.4863],
         [0.5451, 0.5608, 0.6275,  ..., 0.4588, 0.4392, 0.4118]]])",0.3450801372528076,0.5911783
"tensor([[[0.5961, 0.5412, 0.5412,  ..., 0.5255, 0.5216, 0.5255],
         [0.5451, 0.5451, 0.5373,  ..., 0.5294, 0.5333, 0.5490],
         [0.5608, 0.5961, 0.5255,  ..., 0.5373, 0.5412, 0.5373],
         ...,
         [0.5529, 0.5255, 0.5490,  ..., 0.4471, 0.4627, 0.4784],
         [0.5490, 0.5765, 0.5961,  ..., 0.4588, 0.4902, 0.4863],
         [0.5882, 0.6431, 0.5961,  ..., 0.4196, 0.4588, 0.4980]]])",0.26466071605682373,0.5189209
"tensor([[[0.4196, 0.3608, 0.3804,  ..., 0.3490, 0.3412, 0.3412],
         [0.4000, 0.3882, 0.3608,  ..., 0.3451, 0.3490, 0.3686],
         [0.3725, 0.4078, 0.3569,  ..., 0.3647, 0.3804, 0.3765],
         ...,
         [0.4118, 0.3882, 0.3804,  ..., 0.2706, 0.2980, 0.3137],
         [0.3725, 0.3608, 0.3882,  ..., 0.2784, 0.3255, 0.3294],
         [0.3451, 0.4275, 0.3804,  ..., 0.2745, 0.3137, 0.3373]]])",0.25360071659088135,0.38061076
"tensor([[[0.4667, 0.4392, 0.4314,  ..., 0.4078, 0.4235, 0.4431],
         [0.4941, 0.4745, 0.4039,  ..., 0.4118, 0.4235, 0.4275],
         [0.4706, 0.4706, 0.4431,  ..., 0.4275, 0.4510, 0.4627],
         ...,
         [0.4824, 0.4078, 0.4039,  ..., 0.3608, 0.3804, 0.4196],
         [0.3725, 0.4157, 0.4588,  ..., 0.4000, 0.4235, 0.4314],
         [0.4275, 0.4745, 0.4667,  ..., 0.3882, 0.3765, 0.4118]]])",0.2121758908033371,0.50999445
"tensor([[[0.4667, 0.4392, 0.4588,  ..., 0.4196, 0.4588, 0.4549],
         [0.5176, 0.4588, 0.4627,  ..., 0.4275, 0.4314, 0.4431],
         [0.4863, 0.4471, 0.4627,  ..., 0.4275, 0.4588, 0.4941],
         ...,
         [0.4471, 0.4196, 0.3922,  ..., 0.4078, 0.4549, 0.4784],
         [0.3843, 0.4627, 0.4745,  ..., 0.3922, 0.3882, 0.4196],
         [0.5686, 0.4863, 0.4549,  ..., 0.4314, 0.4000, 0.4039]]])",0.1799674928188324,0.37497213
"tensor([[[0.4824, 0.4824, 0.5098,  ..., 0.5059, 0.4941, 0.5098],
         [0.5255, 0.4980, 0.5255,  ..., 0.4941, 0.5098, 0.5098],
         [0.5176, 0.4706, 0.5255,  ..., 0.4980, 0.4980, 0.4902],
         ...,
         [0.5020, 0.5020, 0.4667,  ..., 0.4784, 0.4902, 0.4941],
         [0.5098, 0.5020, 0.4863,  ..., 0.4902, 0.4471, 0.4549],
         [0.5490, 0.5137, 0.5490,  ..., 0.5020, 0.4941, 0.4863]]])",0.2125692367553711,0.47050035
"tensor([[[0.4275, 0.4392, 0.4627,  ..., 0.4235, 0.4078, 0.4824],
         [0.5176, 0.4196, 0.4784,  ..., 0.4588, 0.4745, 0.4588],
         [0.4902, 0.4471, 0.4784,  ..., 0.4392, 0.4392, 0.4549],
         ...,
         [0.4667, 0.5098, 0.4824,  ..., 0.4196, 0.3804, 0.4118],
         [0.4980, 0.5098, 0.4157,  ..., 0.5294, 0.4863, 0.4353],
         [0.4863, 0.4471, 0.4941,  ..., 0.4510, 0.4157, 0.4235]]])",0.1827167123556137,0.39399084
"tensor([[[0.5098, 0.4863, 0.4863,  ..., 0.5216, 0.4667, 0.4392],
         [0.5412, 0.4706, 0.5098,  ..., 0.5059, 0.4706, 0.4745],
         [0.4980, 0.4745, 0.5137,  ..., 0.5020, 0.4667, 0.4706],
         ...,
         [0.5176, 0.5294, 0.5176,  ..., 0.5137, 0.4706, 0.4392],
         [0.5216, 0.5529, 0.4627,  ..., 0.5176, 0.5490, 0.4980],
         [0.5137, 0.4627, 0.4627,  ..., 0.4784, 0.4667, 0.4471]]])",0.2085331678390503,0.5005746
"tensor([[[0.5020, 0.4706, 0.4745,  ..., 0.5137, 0.4745, 0.4039],
         [0.5255, 0.4157, 0.4784,  ..., 0.4549, 0.4314, 0.4275],
         [0.5373, 0.4627, 0.4667,  ..., 0.4667, 0.4549, 0.4471],
         ...,
         [0.4353, 0.4706, 0.4980,  ..., 0.4431, 0.4549, 0.4471],
         [0.4824, 0.5137, 0.3765,  ..., 0.4706, 0.4627, 0.4431],
         [0.4431, 0.4784, 0.4118,  ..., 0.4824, 0.4627, 0.4706]]])",0.2090744972229004,0.38254923
"tensor([[[0.5490, 0.4980, 0.4902,  ..., 0.4863, 0.5373, 0.4706],
         [0.5333, 0.4588, 0.4824,  ..., 0.4824, 0.4549, 0.4549],
         [0.5373, 0.5137, 0.4980,  ..., 0.4627, 0.4863, 0.4706],
         ...,
         [0.4784, 0.4824, 0.5059,  ..., 0.4824, 0.4588, 0.4745],
         [0.4980, 0.5216, 0.4392,  ..., 0.4980, 0.4510, 0.4863],
         [0.4824, 0.4980, 0.4314,  ..., 0.5412, 0.4706, 0.4510]]])",0.20262382924556732,0.39092368
"tensor([[[0.5725, 0.5961, 0.5216,  ..., 0.5961, 0.5098, 0.5333],
         [0.5529, 0.5882, 0.5294,  ..., 0.5490, 0.5176, 0.5529],
         [0.5922, 0.5765, 0.5529,  ..., 0.5137, 0.5255, 0.5333],
         ...,
         [0.5725, 0.5529, 0.5373,  ..., 0.5843, 0.5098, 0.5255],
         [0.5255, 0.5490, 0.5843,  ..., 0.6118, 0.5216, 0.4902],
         [0.5725, 0.5569, 0.5412,  ..., 0.5804, 0.5647, 0.5137]]])",0.22184613347053528,0.38686195
"tensor([[[0.5647, 0.5765, 0.5490,  ..., 0.5922, 0.5608, 0.5137],
         [0.5686, 0.5804, 0.5804,  ..., 0.5961, 0.5451, 0.5176],
         [0.5608, 0.5529, 0.5569,  ..., 0.5725, 0.5176, 0.5255],
         ...,
         [0.5451, 0.5647, 0.5529,  ..., 0.5843, 0.5686, 0.5098],
         [0.5373, 0.5529, 0.5882,  ..., 0.5961, 0.5804, 0.5373],
         [0.5608, 0.6078, 0.5412,  ..., 0.5922, 0.5529, 0.5608]]])",0.31225135922431946,0.41942698
"tensor([[[0.4941, 0.4314, 0.4471,  ..., 0.4980, 0.5255, 0.4667],
         [0.4471, 0.4627, 0.4588,  ..., 0.5176, 0.4784, 0.3882],
         [0.4118, 0.4549, 0.4353,  ..., 0.4745, 0.4510, 0.3804],
         ...,
         [0.4549, 0.4196, 0.4784,  ..., 0.5137, 0.4745, 0.4510],
         [0.4471, 0.4745, 0.4549,  ..., 0.5059, 0.4863, 0.5059],
         [0.3961, 0.3922, 0.4157,  ..., 0.5059, 0.4627, 0.4314]]])",0.21401920914649963,0.37419236
"tensor([[[0.4745, 0.4941, 0.5137,  ..., 0.5137, 0.5529, 0.6314],
         [0.5059, 0.4980, 0.5176,  ..., 0.5843, 0.6118, 0.5333],
         [0.5098, 0.4980, 0.5216,  ..., 0.5569, 0.5294, 0.4431],
         ...,
         [0.5451, 0.5412, 0.4980,  ..., 0.5529, 0.5569, 0.5725],
         [0.5020, 0.4627, 0.4588,  ..., 0.5373, 0.5216, 0.5373],
         [0.4392, 0.4510, 0.5059,  ..., 0.5569, 0.5294, 0.5255]]])",0.14658275246620178,0.3430375
"tensor([[[0.4118, 0.4235, 0.4510,  ..., 0.4745, 0.4000, 0.4275],
         [0.4157, 0.4118, 0.4510,  ..., 0.4353, 0.4706, 0.4784],
         [0.4275, 0.4196, 0.4314,  ..., 0.4706, 0.4157, 0.4157],
         ...,
         [0.4784, 0.4431, 0.4157,  ..., 0.4588, 0.4353, 0.4431],
         [0.4118, 0.4078, 0.4078,  ..., 0.4549, 0.4510, 0.4039],
         [0.4078, 0.4078, 0.4235,  ..., 0.4471, 0.4627, 0.4314]]])",0.30389171838760376,0.41941082
"tensor([[[0.4039, 0.3961, 0.4196,  ..., 0.5059, 0.3882, 0.4588],
         [0.4078, 0.4039, 0.4118,  ..., 0.4353, 0.4157, 0.4078],
         [0.4118, 0.4196, 0.4118,  ..., 0.3529, 0.4314, 0.4549],
         ...,
         [0.4824, 0.4471, 0.4039,  ..., 0.4824, 0.3608, 0.4078],
         [0.4039, 0.4157, 0.4431,  ..., 0.4941, 0.4314, 0.3725],
         [0.4706, 0.4235, 0.3647,  ..., 0.4863, 0.4863, 0.3608]]])",0.1859360933303833,0.38654965
"tensor([[[0.4667, 0.4706, 0.4784,  ..., 0.5020, 0.4431, 0.4745],
         [0.4706, 0.4745, 0.4667,  ..., 0.4510, 0.4824, 0.5216],
         [0.4706, 0.4902, 0.4824,  ..., 0.4784, 0.5020, 0.4706],
         ...,
         [0.4706, 0.4863, 0.5059,  ..., 0.5059, 0.4471, 0.4627],
         [0.5098, 0.4902, 0.4549,  ..., 0.5451, 0.4627, 0.4706],
         [0.4549, 0.4235, 0.4902,  ..., 0.5529, 0.5059, 0.4549]]])",0.24008908867835999,0.3655299
"tensor([[[0.5529, 0.4784, 0.4627,  ..., 0.4078, 0.4471, 0.5176],
         [0.5098, 0.4980, 0.4667,  ..., 0.4980, 0.4863, 0.5373],
         [0.4824, 0.5333, 0.4941,  ..., 0.4863, 0.4941, 0.5569],
         ...,
         [0.4980, 0.4863, 0.5412,  ..., 0.4549, 0.4784, 0.4627],
         [0.4824, 0.5216, 0.5569,  ..., 0.4667, 0.4980, 0.4706],
         [0.4980, 0.5529, 0.5137,  ..., 0.4706, 0.4824, 0.5137]]])",0.16886776685714722,0.3321621
"tensor([[[0.4627, 0.4392, 0.4588,  ..., 0.4706, 0.4588, 0.4431],
         [0.4667, 0.4353, 0.4510,  ..., 0.4000, 0.4196, 0.4863],
         [0.4510, 0.4392, 0.4431,  ..., 0.4314, 0.5176, 0.4431],
         ...,
         [0.4314, 0.4275, 0.4667,  ..., 0.4235, 0.4039, 0.4627],
         [0.4314, 0.4902, 0.4627,  ..., 0.4353, 0.4314, 0.4549],
         [0.4627, 0.4314, 0.4314,  ..., 0.4510, 0.4431, 0.4314]]])",0.20821629464626312,0.37641287
"tensor([[[0.4235, 0.4549, 0.4275,  ..., 0.4235, 0.4471, 0.4980],
         [0.4235, 0.4235, 0.4588,  ..., 0.4510, 0.4824, 0.4588],
         [0.4314, 0.4118, 0.4431,  ..., 0.4471, 0.4510, 0.4039],
         ...,
         [0.4471, 0.4314, 0.4118,  ..., 0.4196, 0.4118, 0.4431],
         [0.4314, 0.4196, 0.4157,  ..., 0.4471, 0.4314, 0.4431],
         [0.4353, 0.4157, 0.4000,  ..., 0.4431, 0.4471, 0.4431]]])",0.2663726806640625,0.44977242
"tensor([[[0.4431, 0.4431, 0.4745,  ..., 0.4471, 0.4588, 0.4549],
         [0.4471, 0.4471, 0.4510,  ..., 0.4627, 0.4471, 0.4588],
         [0.4510, 0.4471, 0.4353,  ..., 0.4471, 0.4745, 0.4667],
         ...,
         [0.4275, 0.4431, 0.4471,  ..., 0.4431, 0.4353, 0.4392],
         [0.4667, 0.4353, 0.4235,  ..., 0.4627, 0.4627, 0.4510],
         [0.4235, 0.4471, 0.4627,  ..., 0.4667, 0.4667, 0.4667]]])",0.2951771020889282,0.53751886
"tensor([[[0.4980, 0.5059, 0.4902,  ..., 0.5216, 0.5020, 0.4902],
         [0.5020, 0.4980, 0.5020,  ..., 0.5059, 0.4941, 0.5059],
         [0.5020, 0.4980, 0.5020,  ..., 0.4902, 0.5020, 0.5098],
         ...,
         [0.4941, 0.4784, 0.4667,  ..., 0.5020, 0.4863, 0.4902],
         [0.4706, 0.4902, 0.5216,  ..., 0.5059, 0.5020, 0.4902],
         [0.5137, 0.5255, 0.5529,  ..., 0.5020, 0.5098, 0.4980]]])",0.6297615766525269,0.7724533
"tensor([[[0.4000, 0.4000, 0.3961,  ..., 0.3843, 0.3961, 0.4471],
         [0.4000, 0.3961, 0.3961,  ..., 0.4000, 0.4392, 0.4039],
         [0.3961, 0.4000, 0.3922,  ..., 0.4000, 0.4118, 0.3725],
         ...,
         [0.3725, 0.3882, 0.3569,  ..., 0.3804, 0.3686, 0.4000],
         [0.3647, 0.3333, 0.4235,  ..., 0.3922, 0.3804, 0.4039],
         [0.3569, 0.5333, 0.4902,  ..., 0.4039, 0.3961, 0.3922]]])",0.34402644634246826,0.54881537
"tensor([[[0.4196, 0.4118, 0.4078,  ..., 0.4039, 0.4000, 0.4118],
         [0.4118, 0.4118, 0.4118,  ..., 0.4118, 0.4157, 0.4196],
         [0.4078, 0.4039, 0.4118,  ..., 0.4157, 0.4196, 0.4157],
         ...,
         [0.4078, 0.3529, 0.3647,  ..., 0.4000, 0.3922, 0.3843],
         [0.3725, 0.4706, 0.4667,  ..., 0.4078, 0.4157, 0.4000],
         [0.4941, 0.3804, 0.3843,  ..., 0.4118, 0.4157, 0.4157]]])",0.3051843047142029,0.5341555
"tensor([[[0.4667, 0.4784, 0.4706,  ..., 0.4745, 0.4627, 0.4549],
         [0.4706, 0.4667, 0.4667,  ..., 0.4627, 0.4549, 0.4667],
         [0.4627, 0.4745, 0.4745,  ..., 0.4627, 0.4667, 0.4667],
         ...,
         [0.4549, 0.4471, 0.4706,  ..., 0.4745, 0.4510, 0.4431],
         [0.4745, 0.5176, 0.4863,  ..., 0.4824, 0.4667, 0.4588],
         [0.5294, 0.3765, 0.4235,  ..., 0.4667, 0.4824, 0.4667]]])",0.38275760412216187,0.5865824
"tensor([[[0.4471, 0.4392, 0.4275,  ..., 0.4196, 0.4157, 0.4196],
         [0.4314, 0.4235, 0.4353,  ..., 0.4039, 0.4235, 0.4196],
         [0.4353, 0.4392, 0.4275,  ..., 0.4039, 0.4196, 0.4235],
         ...,
         [0.4235, 0.4078, 0.4196,  ..., 0.4196, 0.4118, 0.4196],
         [0.4196, 0.4235, 0.3725,  ..., 0.4510, 0.4118, 0.4235],
         [0.3804, 0.3216, 0.4980,  ..., 0.4431, 0.4314, 0.4314]]])",0.31831642985343933,0.53781545
"tensor([[[0.4902, 0.4824, 0.4784,  ..., 0.4745, 0.4706, 0.4667],
         [0.4824, 0.4784, 0.4824,  ..., 0.4706, 0.4706, 0.4706],
         [0.4784, 0.4824, 0.4824,  ..., 0.4667, 0.4745, 0.4745],
         ...,
         [0.4784, 0.4706, 0.4941,  ..., 0.4667, 0.4706, 0.4824],
         [0.4941, 0.4471, 0.3765,  ..., 0.4745, 0.4784, 0.4745],
         [0.3294, 0.4157, 0.6235,  ..., 0.4667, 0.4824, 0.4824]]])",0.36781516671180725,0.58059865
"tensor([[[0.5216, 0.5059, 0.5216,  ..., 0.5333, 0.5529, 0.5216],
         [0.5176, 0.5176, 0.5294,  ..., 0.5255, 0.4980, 0.4980],
         [0.5098, 0.5255, 0.5216,  ..., 0.4902, 0.5098, 0.5098],
         ...,
         [0.5373, 0.5569, 0.5529,  ..., 0.5098, 0.5098, 0.5137],
         [0.5608, 0.5412, 0.4980,  ..., 0.4980, 0.5059, 0.5059],
         [0.4588, 0.4941, 0.5569,  ..., 0.5020, 0.5020, 0.4980]]])",0.24503274261951447,0.51726556
"tensor([[[0.4275, 0.4431, 0.4314,  ..., 0.4431, 0.4353, 0.4353],
         [0.4353, 0.4353, 0.4314,  ..., 0.4314, 0.4314, 0.4353],
         [0.4510, 0.4431, 0.4353,  ..., 0.4392, 0.4235, 0.4235],
         ...,
         [0.4510, 0.4431, 0.4392,  ..., 0.4392, 0.4353, 0.4275],
         [0.4431, 0.4431, 0.4314,  ..., 0.4431, 0.4431, 0.4314],
         [0.4235, 0.4235, 0.4157,  ..., 0.4392, 0.4392, 0.4275]]])",0.3158480226993561,0.41771126
"tensor([[[0.4824, 0.4667, 0.4784,  ..., 0.4627, 0.4627, 0.4549],
         [0.4784, 0.4588, 0.4784,  ..., 0.4588, 0.4549, 0.4627],
         [0.4667, 0.4627, 0.4667,  ..., 0.4667, 0.4588, 0.4549],
         ...,
         [0.4510, 0.4706, 0.4510,  ..., 0.4667, 0.4667, 0.4667],
         [0.4588, 0.4549, 0.4667,  ..., 0.4706, 0.4706, 0.4627],
         [0.4667, 0.4627, 0.4824,  ..., 0.4667, 0.4745, 0.4745]]])",0.3689131438732147,0.5073663
"tensor([[[0.4941, 0.5020, 0.4980,  ..., 0.4941, 0.4941, 0.5137],
         [0.5020, 0.5098, 0.4941,  ..., 0.4980, 0.4902, 0.4980],
         [0.5137, 0.5176, 0.4980,  ..., 0.5059, 0.4980, 0.4902],
         ...,
         [0.4902, 0.4784, 0.5059,  ..., 0.4980, 0.5098, 0.5216],
         [0.5098, 0.5333, 0.4941,  ..., 0.5059, 0.5059, 0.4980],
         [0.5176, 0.4980, 0.4941,  ..., 0.5216, 0.5333, 0.5176]]])",0.2537391185760498,0.40383682
"tensor([[[0.4510, 0.4392, 0.4431,  ..., 0.4549, 0.4353, 0.4392],
         [0.4549, 0.4549, 0.4431,  ..., 0.4471, 0.4431, 0.4549],
         [0.4471, 0.4431, 0.4353,  ..., 0.4471, 0.4588, 0.4510],
         ...,
         [0.4471, 0.4784, 0.4588,  ..., 0.4510, 0.4392, 0.4353],
         [0.4667, 0.4431, 0.4392,  ..., 0.4706, 0.4824, 0.4588],
         [0.4588, 0.4431, 0.4392,  ..., 0.4275, 0.4510, 0.4549]]])",0.31211087107658386,0.4251358
"tensor([[[0.4275, 0.4235, 0.4353,  ..., 0.4275, 0.4235, 0.4275],
         [0.4431, 0.4275, 0.4275,  ..., 0.4314, 0.4471, 0.4431],
         [0.4196, 0.4157, 0.4353,  ..., 0.4314, 0.4392, 0.4235],
         ...,
         [0.4431, 0.4392, 0.4275,  ..., 0.4353, 0.4392, 0.4392],
         [0.4431, 0.4314, 0.4235,  ..., 0.4392, 0.4392, 0.4314],
         [0.4314, 0.4275, 0.4353,  ..., 0.4118, 0.4392, 0.4431]]])",0.31401920318603516,0.42224997
"tensor([[[0.4392, 0.4118, 0.4078,  ..., 0.4000, 0.4275, 0.4275],
         [0.4471, 0.4235, 0.4235,  ..., 0.4235, 0.4235, 0.4157],
         [0.4275, 0.4000, 0.4078,  ..., 0.4275, 0.4235, 0.4118],
         ...,
         [0.4196, 0.4157, 0.4039,  ..., 0.4275, 0.4157, 0.4157],
         [0.3961, 0.4275, 0.4196,  ..., 0.4314, 0.4431, 0.4471],
         [0.4118, 0.4549, 0.4196,  ..., 0.4235, 0.4275, 0.4392]]])",0.27440565824508667,0.41979104
"tensor([[[0.4588, 0.4510, 0.4431,  ..., 0.4353, 0.4431, 0.4471],
         [0.4353, 0.4392, 0.4549,  ..., 0.4314, 0.4392, 0.4510],
         [0.4431, 0.4431, 0.4431,  ..., 0.4471, 0.4471, 0.4431],
         ...,
         [0.4353, 0.4235, 0.4471,  ..., 0.4824, 0.5059, 0.4941],
         [0.4549, 0.4667, 0.4471,  ..., 0.4118, 0.4431, 0.4941],
         [0.4745, 0.4039, 0.4000,  ..., 0.4471, 0.4431, 0.4353]]])",0.2429932802915573,0.37922615
"tensor([[[0.4510, 0.4471, 0.4549,  ..., 0.4627, 0.4510, 0.4275],
         [0.4392, 0.4431, 0.4549,  ..., 0.4392, 0.4471, 0.4588],
         [0.4353, 0.4510, 0.4588,  ..., 0.4627, 0.4471, 0.4392],
         ...,
         [0.4667, 0.4706, 0.4392,  ..., 0.4471, 0.4706, 0.4784],
         [0.4471, 0.4196, 0.4118,  ..., 0.4431, 0.4392, 0.4471],
         [0.4118, 0.3843, 0.4118,  ..., 0.4549, 0.4549, 0.4431]]])",0.24365346133708954,0.40611765
"tensor([[[0.4196, 0.4431, 0.4667,  ..., 0.4392, 0.4392, 0.4353],
         [0.4588, 0.4392, 0.4353,  ..., 0.4314, 0.4275, 0.4314],
         [0.4314, 0.4431, 0.4667,  ..., 0.4314, 0.4471, 0.4510],
         ...,
         [0.4196, 0.4275, 0.4627,  ..., 0.4510, 0.4549, 0.4549],
         [0.4471, 0.4549, 0.4118,  ..., 0.4392, 0.4431, 0.4431],
         [0.4431, 0.3725, 0.3882,  ..., 0.4353, 0.4275, 0.4314]]])",0.30492791533470154,0.50421333
"tensor([[[0.4471, 0.4275, 0.4275,  ..., 0.4275, 0.4471, 0.4275],
         [0.4510, 0.4784, 0.4706,  ..., 0.4353, 0.4275, 0.4392],
         [0.4510, 0.4196, 0.4235,  ..., 0.4392, 0.4392, 0.4275],
         ...,
         [0.4353, 0.4471, 0.4471,  ..., 0.4471, 0.4510, 0.4353],
         [0.4510, 0.4510, 0.4510,  ..., 0.4431, 0.4353, 0.4353],
         [0.4471, 0.4157, 0.4039,  ..., 0.4627, 0.4549, 0.4510]]])",0.2691609859466553,0.40021235
"tensor([[[0.4471, 0.4627, 0.4941,  ..., 0.4745, 0.5137, 0.5255],
         [0.5725, 0.5137, 0.4627,  ..., 0.5059, 0.5020, 0.4863],
         [0.4745, 0.5137, 0.5608,  ..., 0.4941, 0.4863, 0.4784],
         ...,
         [0.4745, 0.4745, 0.5059,  ..., 0.5255, 0.5098, 0.4902],
         [0.4941, 0.5176, 0.5137,  ..., 0.4902, 0.5059, 0.5216],
         [0.5216, 0.5333, 0.5451,  ..., 0.4824, 0.4980, 0.4941]]])",0.26607903838157654,0.41421378
"tensor([[[0.4510, 0.4667, 0.4784,  ..., 0.4941, 0.4510, 0.4510],
         [0.5098, 0.4745, 0.4549,  ..., 0.4549, 0.4902, 0.4902],
         [0.4824, 0.4902, 0.5059,  ..., 0.4902, 0.4667, 0.4431],
         ...,
         [0.4745, 0.4706, 0.4706,  ..., 0.5098, 0.5294, 0.4941],
         [0.4706, 0.5059, 0.5176,  ..., 0.4549, 0.4706, 0.4902],
         [0.5020, 0.5255, 0.4941,  ..., 0.4392, 0.4510, 0.4706]]])",0.23659645020961761,0.53065807
"tensor([[[0.5059, 0.5137, 0.5176,  ..., 0.5529, 0.4902, 0.4706],
         [0.4980, 0.4902, 0.4941,  ..., 0.4863, 0.5098, 0.5176],
         [0.5020, 0.5059, 0.5059,  ..., 0.5176, 0.4980, 0.4863],
         ...,
         [0.4902, 0.4980, 0.4902,  ..., 0.4784, 0.4980, 0.5216],
         [0.5137, 0.4902, 0.5059,  ..., 0.4941, 0.4902, 0.4824],
         [0.5020, 0.5373, 0.5647,  ..., 0.4667, 0.4824, 0.4941]]])",0.27541235089302063,0.56317544
"tensor([[[0.4902, 0.4980, 0.4941,  ..., 0.4471, 0.4980, 0.5059],
         [0.4941, 0.5020, 0.4980,  ..., 0.5059, 0.4902, 0.4863],
         [0.5020, 0.4980, 0.4980,  ..., 0.4941, 0.5059, 0.4941],
         ...,
         [0.4510, 0.5137, 0.5098,  ..., 0.5569, 0.5294, 0.5333],
         [0.5176, 0.4902, 0.4902,  ..., 0.5137, 0.5608, 0.5765],
         [0.5020, 0.5137, 0.5020,  ..., 0.3882, 0.4275, 0.4902]]])",0.24293087422847748,0.43149295
"tensor([[[0.4627, 0.4667, 0.4667,  ..., 0.4510, 0.4314, 0.4745],
         [0.4588, 0.4627, 0.4667,  ..., 0.4627, 0.4667, 0.4431],
         [0.4627, 0.4706, 0.4706,  ..., 0.4588, 0.4431, 0.4510],
         ...,
         [0.4353, 0.4667, 0.4627,  ..., 0.4745, 0.4706, 0.5059],
         [0.4627, 0.4510, 0.4706,  ..., 0.5020, 0.5333, 0.5098],
         [0.4627, 0.4863, 0.4784,  ..., 0.4118, 0.4471, 0.4667]]])",0.3511661887168884,0.562081
"tensor([[[0.4549, 0.4627, 0.4627,  ..., 0.4627, 0.4392, 0.4353],
         [0.4549, 0.4667, 0.4667,  ..., 0.4392, 0.4510, 0.4471],
         [0.4667, 0.4706, 0.4588,  ..., 0.4588, 0.4510, 0.4471],
         ...,
         [0.4078, 0.3882, 0.4667,  ..., 0.4824, 0.4745, 0.4902],
         [0.4471, 0.5294, 0.5176,  ..., 0.4627, 0.5020, 0.5137],
         [0.5451, 0.4588, 0.4549,  ..., 0.3569, 0.3647, 0.4392]]])",0.23750273883342743,0.4107911
"tensor([[[0.3882, 0.3961, 0.3922,  ..., 0.3922, 0.4157, 0.4078],
         [0.3922, 0.3843, 0.3882,  ..., 0.4000, 0.3725, 0.3882],
         [0.4275, 0.4118, 0.4000,  ..., 0.3725, 0.4157, 0.4471],
         ...,
         [0.4157, 0.4196, 0.4078,  ..., 0.4000, 0.4000, 0.4078],
         [0.3961, 0.4314, 0.4706,  ..., 0.3961, 0.4118, 0.4157],
         [0.4784, 0.4824, 0.4353,  ..., 0.3686, 0.3843, 0.3961]]])",0.24847260117530823,0.38620105
"tensor([[[0.3765, 0.3725, 0.3686,  ..., 0.3686, 0.3647, 0.3647],
         [0.3961, 0.3961, 0.3804,  ..., 0.3569, 0.3804, 0.4275],
         [0.3961, 0.4000, 0.3961,  ..., 0.4157, 0.4353, 0.4157],
         ...,
         [0.3843, 0.3765, 0.4000,  ..., 0.3686, 0.3843, 0.4039],
         [0.3961, 0.4431, 0.4549,  ..., 0.3608, 0.3725, 0.3765],
         [0.4471, 0.4510, 0.4863,  ..., 0.3569, 0.3608, 0.3725]]])",0.3057593107223511,0.53636664
"tensor([[[0.5804, 0.5686, 0.5451,  ..., 0.5451, 0.5490, 0.5843],
         [0.5725, 0.5765, 0.5725,  ..., 0.5608, 0.5725, 0.5647],
         [0.5725, 0.5608, 0.5608,  ..., 0.5608, 0.5804, 0.6196],
         ...,
         [0.5804, 0.5882, 0.5843,  ..., 0.5608, 0.5686, 0.5647],
         [0.5843, 0.5922, 0.6157,  ..., 0.5373, 0.5373, 0.5490],
         [0.5961, 0.6549, 0.6275,  ..., 0.5373, 0.5412, 0.5569]]])",0.3036249577999115,0.57566524
"tensor([[[0.4510, 0.4627, 0.4667,  ..., 0.4392, 0.4549, 0.4549],
         [0.4588, 0.4549, 0.4510,  ..., 0.4431, 0.4706, 0.4980],
         [0.4627, 0.4588, 0.4588,  ..., 0.4824, 0.4824, 0.4627],
         ...,
         [0.4549, 0.4588, 0.4824,  ..., 0.4275, 0.4510, 0.4588],
         [0.4824, 0.4824, 0.4588,  ..., 0.4314, 0.4314, 0.4392],
         [0.4627, 0.4627, 0.5451,  ..., 0.4510, 0.4392, 0.4510]]])",0.39760613441467285,0.58779395
"tensor([[[0.3137, 0.3098, 0.3255,  ..., 0.3294, 0.3176, 0.3451],
         [0.3373, 0.3294, 0.3294,  ..., 0.3216, 0.3373, 0.3412],
         [0.3137, 0.3373, 0.3451,  ..., 0.3059, 0.3216, 0.3255],
         ...,
         [0.3333, 0.3451, 0.3961,  ..., 0.3059, 0.2745, 0.2941],
         [0.3882, 0.4314, 0.4588,  ..., 0.3294, 0.2863, 0.2745],
         [0.4824, 0.4392, 0.3412,  ..., 0.3294, 0.3137, 0.2784]]])",0.2953520119190216,0.5150917
"tensor([[[0.4706, 0.4667, 0.4627,  ..., 0.4863, 0.4824, 0.4000],
         [0.4627, 0.4667, 0.4667,  ..., 0.5137, 0.4275, 0.4235],
         [0.4588, 0.4588, 0.4627,  ..., 0.5020, 0.4314, 0.4745],
         ...,
         [0.4824, 0.5137, 0.5294,  ..., 0.4078, 0.4549, 0.3725],
         [0.5373, 0.5333, 0.5216,  ..., 0.4745, 0.5294, 0.4235],
         [0.5294, 0.5216, 0.4745,  ..., 0.4431, 0.4824, 0.5412]]])",0.18255269527435303,0.47894
"tensor([[[0.4275, 0.4353, 0.4275,  ..., 0.4510, 0.3961, 0.4549],
         [0.4353, 0.4353, 0.4275,  ..., 0.4314, 0.4118, 0.4275],
         [0.4392, 0.4314, 0.4275,  ..., 0.3961, 0.4314, 0.4314],
         ...,
         [0.4627, 0.4745, 0.4902,  ..., 0.4353, 0.3765, 0.3882],
         [0.4980, 0.4980, 0.4667,  ..., 0.4000, 0.4392, 0.4078],
         [0.4784, 0.4784, 0.4471,  ..., 0.3804, 0.4196, 0.3882]]])",0.2812791168689728,0.4336329
"tensor([[[0.4627, 0.4784, 0.4627,  ..., 0.4784, 0.4745, 0.4235],
         [0.4627, 0.4745, 0.4627,  ..., 0.4275, 0.4588, 0.4392],
         [0.4784, 0.4784, 0.4588,  ..., 0.4667, 0.4431, 0.4588],
         ...,
         [0.5451, 0.5686, 0.5098,  ..., 0.4706, 0.4431, 0.3882],
         [0.5451, 0.4902, 0.4902,  ..., 0.5098, 0.4314, 0.4745],
         [0.4902, 0.5216, 0.4471,  ..., 0.5490, 0.4275, 0.4431]]])",0.24383804202079773,0.40785992
"tensor([[[0.5255, 0.5137, 0.5137,  ..., 0.5451, 0.5333, 0.5294],
         [0.5216, 0.5137, 0.5255,  ..., 0.5098, 0.5176, 0.5137],
         [0.5216, 0.5216, 0.5255,  ..., 0.4980, 0.5255, 0.5137],
         ...,
         [0.5176, 0.5373, 0.5294,  ..., 0.5569, 0.5255, 0.5216],
         [0.5373, 0.5216, 0.5333,  ..., 0.5490, 0.4784, 0.5020],
         [0.4980, 0.5529, 0.5725,  ..., 0.5529, 0.5255, 0.5020]]])",0.2943885624408722,0.48079512
"tensor([[[0.5490, 0.4784, 0.5843,  ..., 0.4667, 0.4549, 0.4471],
         [0.5882, 0.4745, 0.5608,  ..., 0.4235, 0.4588, 0.4902],
         [0.4980, 0.5216, 0.4745,  ..., 0.4627, 0.4784, 0.4941],
         ...,
         [0.4824, 0.4863, 0.5294,  ..., 0.3569, 0.3765, 0.4314],
         [0.4510, 0.5451, 0.4627,  ..., 0.4235, 0.3804, 0.3804],
         [0.4549, 0.5412, 0.4863,  ..., 0.4824, 0.4078, 0.4000]]])",0.2784823179244995,0.42642385
"tensor([[[0.4549, 0.5725, 0.4431,  ..., 0.4471, 0.4431, 0.4275],
         [0.5176, 0.5020, 0.5098,  ..., 0.4392, 0.4353, 0.4588],
         [0.5608, 0.4549, 0.5529,  ..., 0.4588, 0.4784, 0.4863],
         ...,
         [0.5059, 0.5922, 0.4314,  ..., 0.3922, 0.4000, 0.4118],
         [0.4784, 0.4902, 0.5255,  ..., 0.4314, 0.4000, 0.3843],
         [0.5686, 0.5255, 0.5804,  ..., 0.4745, 0.5020, 0.4784]]])",0.240557461977005,0.4230092
"tensor([[[0.3922, 0.5020, 0.3922,  ..., 0.4039, 0.3961, 0.3843],
         [0.5373, 0.4314, 0.4510,  ..., 0.4000, 0.4000, 0.4275],
         [0.5804, 0.4196, 0.4863,  ..., 0.4392, 0.4471, 0.4510],
         ...,
         [0.3647, 0.5255, 0.4235,  ..., 0.4078, 0.4275, 0.4196],
         [0.4196, 0.5647, 0.4745,  ..., 0.4039, 0.4275, 0.4157],
         [0.6039, 0.5137, 0.4980,  ..., 0.4157, 0.4314, 0.4353]]])",0.30707883834838867,0.54947966
"tensor([[[0.3882, 0.4275, 0.3922,  ..., 0.3294, 0.2941, 0.3333],
         [0.3333, 0.4706, 0.3529,  ..., 0.3216, 0.3843, 0.4353],
         [0.4706, 0.4078, 0.4000,  ..., 0.4196, 0.4471, 0.4235],
         ...,
         [0.3961, 0.4941, 0.3961,  ..., 0.3804, 0.3804, 0.3922],
         [0.5059, 0.4078, 0.5176,  ..., 0.3961, 0.3725, 0.3843],
         [0.6078, 0.4431, 0.4745,  ..., 0.3922, 0.4078, 0.4039]]])",0.2432222068309784,0.464403
"tensor([[[0.4745, 0.4588, 0.4314,  ..., 0.4941, 0.4196, 0.3686],
         [0.4000, 0.5255, 0.3804,  ..., 0.4157, 0.3255, 0.4157],
         [0.4431, 0.4706, 0.4392,  ..., 0.3569, 0.4510, 0.5216],
         ...,
         [0.4863, 0.5176, 0.5176,  ..., 0.5098, 0.4039, 0.3961],
         [0.5255, 0.4471, 0.5373,  ..., 0.5333, 0.4471, 0.3961],
         [0.4824, 0.4588, 0.5569,  ..., 0.4902, 0.5059, 0.4275]]])",0.3057509958744049,0.5090999
"tensor([[[0.4824, 0.4706, 0.4588,  ..., 0.5922, 0.4667, 0.4157],
         [0.4627, 0.4745, 0.4588,  ..., 0.5608, 0.4078, 0.4196],
         [0.4392, 0.4706, 0.4667,  ..., 0.4667, 0.4235, 0.4667],
         ...,
         [0.4902, 0.4667, 0.5020,  ..., 0.5412, 0.5059, 0.4353],
         [0.4667, 0.4902, 0.5020,  ..., 0.4118, 0.5843, 0.4314],
         [0.4588, 0.4784, 0.4980,  ..., 0.3686, 0.5608, 0.4902]]])",0.3938191533088684,0.5694586
"tensor([[[0.3412, 0.3412, 0.3412,  ..., 0.3529, 0.4431, 0.3020],
         [0.3216, 0.3412, 0.3529,  ..., 0.4118, 0.3647, 0.3294],
         [0.3137, 0.3412, 0.3451,  ..., 0.4314, 0.2863, 0.3216],
         ...,
         [0.3216, 0.3804, 0.4314,  ..., 0.3255, 0.4471, 0.3176],
         [0.4196, 0.3804, 0.3294,  ..., 0.2902, 0.3961, 0.3922],
         [0.3216, 0.2902, 0.3961,  ..., 0.3137, 0.3255, 0.4667]]])",0.3694915473461151,0.5585975
"tensor([[[0.4431, 0.4745, 0.4902,  ..., 0.5059, 0.5333, 0.5569],
         [0.4353, 0.4627, 0.5137,  ..., 0.5529, 0.5255, 0.5020],
         [0.4431, 0.4471, 0.4863,  ..., 0.5137, 0.4706, 0.4745],
         ...,
         [0.4941, 0.5412, 0.5020,  ..., 0.4941, 0.5294, 0.5216],
         [0.5216, 0.5059, 0.5686,  ..., 0.4549, 0.5059, 0.4667],
         [0.5412, 0.5647, 0.5412,  ..., 0.4549, 0.4941, 0.5137]]])",0.2114134430885315,0.3937176
"tensor([[[0.4196, 0.4471, 0.4706,  ..., 0.4549, 0.5098, 0.5176],
         [0.4353, 0.4078, 0.4784,  ..., 0.4667, 0.5020, 0.4941],
         [0.4353, 0.4039, 0.4510,  ..., 0.4902, 0.5059, 0.4784],
         ...,
         [0.5137, 0.5255, 0.4863,  ..., 0.4431, 0.4941, 0.5137],
         [0.5020, 0.4784, 0.4549,  ..., 0.4510, 0.4392, 0.4824],
         [0.5098, 0.4078, 0.3961,  ..., 0.4941, 0.4392, 0.4667]]])",0.19964873790740967,0.4276879
"tensor([[[0.4314, 0.4157, 0.4196,  ..., 0.5176, 0.4941, 0.4353],
         [0.4275, 0.4196, 0.4196,  ..., 0.4745, 0.4275, 0.4588],
         [0.4235, 0.4196, 0.4196,  ..., 0.4588, 0.4392, 0.4902],
         ...,
         [0.4902, 0.5137, 0.5098,  ..., 0.4235, 0.4588, 0.4510],
         [0.5137, 0.4588, 0.3961,  ..., 0.4275, 0.4627, 0.4392],
         [0.4235, 0.3843, 0.3961,  ..., 0.5098, 0.4431, 0.4627]]])",0.2626039683818817,0.42436743
"tensor([[[0.4314, 0.4196, 0.4039,  ..., 0.5686, 0.4118, 0.4471],
         [0.4275, 0.4196, 0.4118,  ..., 0.4275, 0.4549, 0.4510],
         [0.4275, 0.4275, 0.4275,  ..., 0.4392, 0.4510, 0.4588],
         ...,
         [0.5373, 0.4627, 0.4275,  ..., 0.5098, 0.4275, 0.4588],
         [0.4275, 0.4510, 0.4510,  ..., 0.5765, 0.4275, 0.4549],
         [0.4667, 0.4275, 0.4039,  ..., 0.5569, 0.4980, 0.4431]]])",0.1949487179517746,0.3427355
"tensor([[[0.4706, 0.4706, 0.4588,  ..., 0.6235, 0.5922, 0.5020],
         [0.4863, 0.4784, 0.4706,  ..., 0.6471, 0.4745, 0.5373],
         [0.4902, 0.4706, 0.4706,  ..., 0.5569, 0.4980, 0.4706],
         ...,
         [0.5569, 0.5137, 0.4706,  ..., 0.5529, 0.5490, 0.4784],
         [0.4706, 0.4824, 0.4902,  ..., 0.4745, 0.6000, 0.4510],
         [0.5020, 0.4980, 0.4706,  ..., 0.4353, 0.5882, 0.5451]]])",0.2167235016822815,0.35896024
"tensor([[[0.4353, 0.4275, 0.4196,  ..., 0.4431, 0.5373, 0.3843],
         [0.4314, 0.4353, 0.4353,  ..., 0.5333, 0.5333, 0.5059],
         [0.4392, 0.4314, 0.4314,  ..., 0.6471, 0.4863, 0.5137],
         ...,
         [0.4667, 0.4353, 0.4275,  ..., 0.4078, 0.5843, 0.4314],
         [0.4275, 0.4510, 0.4588,  ..., 0.3843, 0.5412, 0.5176],
         [0.4588, 0.4471, 0.4235,  ..., 0.4235, 0.4314, 0.6157]]])",0.19947491586208344,0.3463177
"tensor([[[0.4824, 0.4824, 0.4784,  ..., 0.4275, 0.5176, 0.5451],
         [0.4706, 0.4824, 0.4902,  ..., 0.4275, 0.5255, 0.5294],
         [0.4902, 0.4902, 0.4745,  ..., 0.5137, 0.6588, 0.5961],
         ...,
         [0.4706, 0.4863, 0.5176,  ..., 0.4627, 0.5176, 0.5961],
         [0.4902, 0.4863, 0.4549,  ..., 0.5098, 0.4549, 0.5725],
         [0.4627, 0.4549, 0.5255,  ..., 0.5176, 0.4510, 0.5255]]])",0.22545869648456573,0.37649995
"tensor([[[0.4627, 0.4627, 0.4588,  ..., 0.4706, 0.4588, 0.4588],
         [0.4667, 0.4549, 0.4627,  ..., 0.4549, 0.4706, 0.4863],
         [0.4627, 0.4627, 0.4667,  ..., 0.4627, 0.5098, 0.5529],
         ...,
         [0.4784, 0.4392, 0.4588,  ..., 0.4745, 0.4784, 0.4941],
         [0.4471, 0.4863, 0.5020,  ..., 0.4627, 0.4745, 0.5020],
         [0.5176, 0.5059, 0.4667,  ..., 0.4627, 0.4745, 0.4745]]])",0.3312303125858307,0.47993442
"tensor([[[0.4431, 0.4667, 0.4510,  ..., 0.4431, 0.4627, 0.4431],
         [0.4431, 0.4549, 0.4627,  ..., 0.4471, 0.4588, 0.4314],
         [0.4471, 0.4431, 0.4627,  ..., 0.4588, 0.4431, 0.4314],
         ...,
         [0.5020, 0.4941, 0.4431,  ..., 0.4471, 0.4588, 0.4510],
         [0.4510, 0.4431, 0.4627,  ..., 0.4549, 0.4471, 0.4667],
         [0.4510, 0.4549, 0.4706,  ..., 0.4471, 0.4471, 0.4627]]])",0.507179319858551,0.6071846
"tensor([[[0.4784, 0.4784, 0.4784,  ..., 0.4824, 0.4784, 0.4706],
         [0.4745, 0.4784, 0.4784,  ..., 0.4667, 0.4667, 0.4706],
         [0.4745, 0.4745, 0.4784,  ..., 0.4706, 0.4667, 0.4627],
         ...,
         [0.4627, 0.5098, 0.5373,  ..., 0.4863, 0.4706, 0.4706],
         [0.5373, 0.5176, 0.4980,  ..., 0.4941, 0.4706, 0.4745],
         [0.4980, 0.4745, 0.4667,  ..., 0.4745, 0.4863, 0.4745]]])",0.3866652548313141,0.6181015
"tensor([[[0.4196, 0.4157, 0.4039,  ..., 0.4118, 0.4078, 0.4118],
         [0.4196, 0.4157, 0.4078,  ..., 0.3961, 0.4157, 0.4118],
         [0.4235, 0.4118, 0.4157,  ..., 0.4000, 0.4118, 0.4078],
         ...,
         [0.3961, 0.4235, 0.4902,  ..., 0.4157, 0.4000, 0.4118],
         [0.4824, 0.4824, 0.4235,  ..., 0.4392, 0.3961, 0.4118],
         [0.4314, 0.4118, 0.3961,  ..., 0.4314, 0.4157, 0.3961]]])",0.3712259829044342,0.56987077
"tensor([[[0.4314, 0.4275, 0.4275,  ..., 0.4353, 0.4196, 0.4235],
         [0.4275, 0.4235, 0.4275,  ..., 0.4275, 0.4196, 0.4235],
         [0.4275, 0.4275, 0.4275,  ..., 0.4157, 0.4196, 0.4235],
         ...,
         [0.5294, 0.4549, 0.4078,  ..., 0.4235, 0.4196, 0.4235],
         [0.4000, 0.4431, 0.4588,  ..., 0.4157, 0.4275, 0.4235],
         [0.4824, 0.4353, 0.4235,  ..., 0.4118, 0.4314, 0.4157]]])",0.41606760025024414,0.6596374
"tensor([[[0.4275, 0.4275, 0.4314,  ..., 0.4314, 0.4275, 0.4275],
         [0.4275, 0.4275, 0.4275,  ..., 0.4275, 0.4275, 0.4275],
         [0.4235, 0.4275, 0.4275,  ..., 0.4235, 0.4275, 0.4235],
         ...,
         [0.4235, 0.4314, 0.4275,  ..., 0.4275, 0.4275, 0.4275],
         [0.4235, 0.4824, 0.5059,  ..., 0.4235, 0.4235, 0.4275],
         [0.5451, 0.4392, 0.3922,  ..., 0.4196, 0.4235, 0.4314]]])",0.4136323630809784,0.60534906
"tensor([[[0.4431, 0.4471, 0.4431,  ..., 0.4471, 0.4471, 0.4431],
         [0.4431, 0.4431, 0.4431,  ..., 0.4431, 0.4431, 0.4431],
         [0.4431, 0.4431, 0.4431,  ..., 0.4431, 0.4431, 0.4392],
         ...,
         [0.4235, 0.4118, 0.4667,  ..., 0.4471, 0.4431, 0.4431],
         [0.4588, 0.5216, 0.4980,  ..., 0.4392, 0.4392, 0.4431],
         [0.5176, 0.4314, 0.4157,  ..., 0.4353, 0.4392, 0.4471]]])",0.3927905559539795,0.572649
"tensor([[[0.5255, 0.5255, 0.5176,  ..., 0.5216, 0.5255, 0.5176],
         [0.5255, 0.5216, 0.5216,  ..., 0.5216, 0.5216, 0.5216],
         [0.5255, 0.5216, 0.5255,  ..., 0.5216, 0.5216, 0.5216],
         ...,
         [0.5373, 0.5216, 0.5176,  ..., 0.5255, 0.5255, 0.5216],
         [0.5255, 0.5373, 0.5686,  ..., 0.5137, 0.5216, 0.5216],
         [0.5490, 0.5804, 0.5373,  ..., 0.5137, 0.5137, 0.5137]]])",0.3530329167842865,0.5421685
"tensor([[[0.4941, 0.4784, 0.4863,  ..., 0.5020, 0.4980, 0.5098],
         [0.4902, 0.4824, 0.4902,  ..., 0.5137, 0.5176, 0.5059],
         [0.4824, 0.4784, 0.4824,  ..., 0.5137, 0.4902, 0.4863],
         ...,
         [0.4784, 0.4667, 0.4745,  ..., 0.4784, 0.4902, 0.4863],
         [0.4980, 0.4824, 0.4784,  ..., 0.4745, 0.4824, 0.4745],
         [0.4941, 0.4980, 0.4902,  ..., 0.4980, 0.4941, 0.4824]]])",0.36737537384033203,0.5552474
"tensor([[[0.4627, 0.4471, 0.4588,  ..., 0.4588, 0.4510, 0.4863],
         [0.4588, 0.4510, 0.4510,  ..., 0.4745, 0.5059, 0.4549],
         [0.4549, 0.4588, 0.4510,  ..., 0.4745, 0.4431, 0.4510],
         ...,
         [0.4667, 0.4510, 0.4588,  ..., 0.4471, 0.4431, 0.4627],
         [0.4667, 0.4549, 0.4549,  ..., 0.4706, 0.4745, 0.4627],
         [0.4510, 0.4471, 0.4549,  ..., 0.4549, 0.4510, 0.4549]]])",0.3860926032066345,0.48770645
"tensor([[[0.4392, 0.4392, 0.4549,  ..., 0.4902, 0.5059, 0.4706],
         [0.4627, 0.4510, 0.4627,  ..., 0.4980, 0.4431, 0.4314],
         [0.4588, 0.4549, 0.4667,  ..., 0.4392, 0.4667, 0.4667],
         ...,
         [0.4588, 0.4588, 0.4627,  ..., 0.4549, 0.4471, 0.4510],
         [0.4392, 0.4510, 0.4471,  ..., 0.4627, 0.4706, 0.4588],
         [0.4471, 0.4510, 0.4392,  ..., 0.4549, 0.4471, 0.4471]]])",0.31618985533714294,0.46925327
"tensor([[[0.5059, 0.4980, 0.4824,  ..., 0.5333, 0.4392, 0.4627],
         [0.5333, 0.4980, 0.4863,  ..., 0.4745, 0.5098, 0.4941],
         [0.5216, 0.5020, 0.5216,  ..., 0.5176, 0.4941, 0.4902],
         ...,
         [0.4980, 0.5098, 0.4902,  ..., 0.5020, 0.4941, 0.4784],
         [0.4902, 0.5020, 0.4784,  ..., 0.4902, 0.4824, 0.4863],
         [0.4706, 0.5020, 0.4863,  ..., 0.4980, 0.4824, 0.4745]]])",0.2911074459552765,0.50568545
"tensor([[[0.5412, 0.5255, 0.5373,  ..., 0.5176, 0.5608, 0.5490],
         [0.5451, 0.5451, 0.5333,  ..., 0.5529, 0.5333, 0.5373],
         [0.5333, 0.5412, 0.5255,  ..., 0.5373, 0.5608, 0.5569],
         ...,
         [0.5490, 0.5451, 0.5490,  ..., 0.5569, 0.5412, 0.5373],
         [0.5333, 0.5294, 0.5412,  ..., 0.5412, 0.5373, 0.5333],
         [0.5373, 0.5255, 0.5216,  ..., 0.5373, 0.5451, 0.5451]]])",0.3110486567020416,0.5455387
"tensor([[[0.4549, 0.4784, 0.4314,  ..., 0.4235, 0.4353, 0.4275],
         [0.4353, 0.4549, 0.4471,  ..., 0.4431, 0.4353, 0.4314],
         [0.4431, 0.4471, 0.4392,  ..., 0.4392, 0.4353, 0.4275],
         ...,
         [0.4353, 0.4431, 0.4235,  ..., 0.4392, 0.4471, 0.4392],
         [0.4235, 0.4392, 0.4431,  ..., 0.4471, 0.4392, 0.4314],
         [0.4275, 0.4275, 0.4549,  ..., 0.4392, 0.4314, 0.4235]]])",0.2912907898426056,0.45841503
"tensor([[[0.5137, 0.5098, 0.5020,  ..., 0.5098, 0.5059, 0.5059],
         [0.5098, 0.5137, 0.5020,  ..., 0.5098, 0.5176, 0.4941],
         [0.5098, 0.5333, 0.5216,  ..., 0.4980, 0.4902, 0.5020],
         ...,
         [0.4784, 0.4902, 0.5137,  ..., 0.5098, 0.5137, 0.5137],
         [0.4941, 0.5059, 0.5176,  ..., 0.5137, 0.5098, 0.5059],
         [0.4902, 0.5059, 0.5098,  ..., 0.5176, 0.5137, 0.5059]]])",0.30849361419677734,0.4508806
"tensor([[[0.4549, 0.4667, 0.4667,  ..., 0.4588, 0.4627, 0.4667],
         [0.4549, 0.4667, 0.4627,  ..., 0.4706, 0.4588, 0.4549],
         [0.4549, 0.4627, 0.4706,  ..., 0.4627, 0.4588, 0.4667],
         ...,
         [0.4784, 0.4588, 0.4706,  ..., 0.4549, 0.4667, 0.4706],
         [0.4627, 0.4471, 0.4745,  ..., 0.4627, 0.4627, 0.4588],
         [0.4588, 0.4510, 0.4706,  ..., 0.4588, 0.4627, 0.4667]]])",0.5511331558227539,0.5789401
"tensor([[[0.4000, 0.4039, 0.4078,  ..., 0.4000, 0.4039, 0.4039],
         [0.4000, 0.4039, 0.4078,  ..., 0.4000, 0.4039, 0.3961],
         [0.4000, 0.4000, 0.3961,  ..., 0.3961, 0.4000, 0.4000],
         ...,
         [0.3961, 0.4000, 0.4039,  ..., 0.4039, 0.4039, 0.4039],
         [0.4000, 0.4000, 0.4039,  ..., 0.4000, 0.4000, 0.4000],
         [0.4000, 0.4000, 0.4000,  ..., 0.4000, 0.4039, 0.4000]]])",0.5671108961105347,0.6259364
"tensor([[[0.4510, 0.4431, 0.4392,  ..., 0.4588, 0.4549, 0.4627],
         [0.4510, 0.4627, 0.4627,  ..., 0.4627, 0.4471, 0.4510],
         [0.4549, 0.4667, 0.4627,  ..., 0.4510, 0.4510, 0.4510],
         ...,
         [0.4275, 0.4353, 0.4549,  ..., 0.4510, 0.4667, 0.4627],
         [0.4431, 0.4471, 0.4471,  ..., 0.4667, 0.4627, 0.4392],
         [0.4392, 0.4353, 0.4471,  ..., 0.4314, 0.4667, 0.4824]]])",0.40990814566612244,0.5048317
"tensor([[[0.4667, 0.4588, 0.4706,  ..., 0.4275, 0.4667, 0.5059],
         [0.4706, 0.4431, 0.4588,  ..., 0.4863, 0.4980, 0.4667],
         [0.5020, 0.5137, 0.5059,  ..., 0.4627, 0.4824, 0.5020],
         ...,
         [0.5216, 0.5059, 0.5294,  ..., 0.4706, 0.4745, 0.4902],
         [0.4863, 0.4824, 0.4863,  ..., 0.4706, 0.4588, 0.4784],
         [0.4902, 0.4588, 0.4510,  ..., 0.4902, 0.5216, 0.5059]]])",0.25372692942619324,0.4423833
"tensor([[[0.4118, 0.4196, 0.4078,  ..., 0.3843, 0.3608, 0.3843],
         [0.3961, 0.4000, 0.4000,  ..., 0.3882, 0.4078, 0.4078],
         [0.4510, 0.4275, 0.4039,  ..., 0.4157, 0.4235, 0.4314],
         ...,
         [0.4471, 0.4588, 0.4275,  ..., 0.4588, 0.4431, 0.4196],
         [0.4000, 0.3804, 0.3765,  ..., 0.4118, 0.4314, 0.4471],
         [0.3686, 0.3961, 0.3882,  ..., 0.3725, 0.3765, 0.3922]]])",0.22547125816345215,0.38280985
"tensor([[[0.4902, 0.4941, 0.4980,  ..., 0.5255, 0.4196, 0.4078],
         [0.4706, 0.4863, 0.4902,  ..., 0.4235, 0.4824, 0.5098],
         [0.4706, 0.4863, 0.4824,  ..., 0.5176, 0.4941, 0.4706],
         ...,
         [0.4588, 0.4824, 0.4863,  ..., 0.5059, 0.5059, 0.4980],
         [0.4863, 0.4667, 0.4784,  ..., 0.4824, 0.4902, 0.4863],
         [0.4706, 0.4667, 0.5020,  ..., 0.4627, 0.4588, 0.4627]]])",0.36800283193588257,0.48062676
"tensor([[[0.4980, 0.5020, 0.5137,  ..., 0.4510, 0.5020, 0.5490],
         [0.4941, 0.4941, 0.5176,  ..., 0.5373, 0.4745, 0.4510],
         [0.4706, 0.4745, 0.5176,  ..., 0.4353, 0.5020, 0.5176],
         ...,
         [0.4745, 0.4941, 0.5059,  ..., 0.5255, 0.5137, 0.5059],
         [0.4745, 0.4706, 0.4824,  ..., 0.4941, 0.5020, 0.5020],
         [0.4824, 0.5020, 0.4745,  ..., 0.4863, 0.4980, 0.4784]]])",0.21390081942081451,0.38163996
"tensor([[[0.4706, 0.4863, 0.4745,  ..., 0.4157, 0.4745, 0.4745],
         [0.4706, 0.4667, 0.4549,  ..., 0.4627, 0.4431, 0.4471],
         [0.4353, 0.4510, 0.4706,  ..., 0.4353, 0.4745, 0.4706],
         ...,
         [0.4392, 0.4392, 0.4353,  ..., 0.4431, 0.4431, 0.4471],
         [0.4588, 0.4510, 0.4431,  ..., 0.4863, 0.4902, 0.4745],
         [0.4784, 0.4784, 0.4902,  ..., 0.4588, 0.4588, 0.4902]]])",0.20834697782993317,0.36879486
"tensor([[[0.4196, 0.4118, 0.4000,  ..., 0.3882, 0.4471, 0.4784],
         [0.4118, 0.4078, 0.4157,  ..., 0.4392, 0.4157, 0.3922],
         [0.4000, 0.3882, 0.4039,  ..., 0.3647, 0.3843, 0.4196],
         ...,
         [0.4000, 0.4196, 0.4078,  ..., 0.3961, 0.3961, 0.4157],
         [0.4471, 0.4235, 0.4000,  ..., 0.4314, 0.4157, 0.4039],
         [0.4431, 0.4627, 0.4667,  ..., 0.4275, 0.4392, 0.4471]]])",0.2630701959133148,0.3854795
"tensor([[[0.3961, 0.4118, 0.4157,  ..., 0.3843, 0.4275, 0.4039],
         [0.4039, 0.4157, 0.4078,  ..., 0.3882, 0.3765, 0.3922],
         [0.3882, 0.4000, 0.3882,  ..., 0.3804, 0.4118, 0.4118],
         ...,
         [0.4000, 0.4118, 0.4235,  ..., 0.4039, 0.3922, 0.4000],
         [0.4314, 0.4353, 0.4314,  ..., 0.4314, 0.3882, 0.4000],
         [0.4353, 0.4039, 0.4039,  ..., 0.4157, 0.4314, 0.4275]]])",0.3838997483253479,0.47273356
"tensor([[[0.4588, 0.4627, 0.4824,  ..., 0.4863, 0.4902, 0.4784],
         [0.4902, 0.4745, 0.4667,  ..., 0.5255, 0.4588, 0.4627],
         [0.4863, 0.4980, 0.4902,  ..., 0.4745, 0.4353, 0.4863],
         ...,
         [0.4784, 0.4314, 0.4627,  ..., 0.5098, 0.5137, 0.4745],
         [0.4706, 0.4980, 0.4863,  ..., 0.4549, 0.5333, 0.4980],
         [0.5020, 0.4824, 0.4824,  ..., 0.4392, 0.5216, 0.5294]]])",0.3010707497596741,0.43974787
"tensor([[[0.4118, 0.4196, 0.4235,  ..., 0.3922, 0.4235, 0.4392],
         [0.4314, 0.4196, 0.4078,  ..., 0.4314, 0.3922, 0.4549],
         [0.4549, 0.4471, 0.4392,  ..., 0.4078, 0.4118, 0.4431],
         ...,
         [0.4078, 0.4314, 0.4471,  ..., 0.4235, 0.4431, 0.4235],
         [0.4353, 0.4275, 0.3961,  ..., 0.4706, 0.4392, 0.4118],
         [0.4392, 0.4000, 0.3922,  ..., 0.5412, 0.4314, 0.4824]]])",0.2769644260406494,0.49928662
"tensor([[[0.3725, 0.3765, 0.3804,  ..., 0.5490, 0.4431, 0.2941],
         [0.4078, 0.3882, 0.3686,  ..., 0.5216, 0.3804, 0.3529],
         [0.3961, 0.3882, 0.3961,  ..., 0.4706, 0.3098, 0.3765],
         ...,
         [0.4000, 0.4196, 0.3922,  ..., 0.5451, 0.4784, 0.3294],
         [0.4039, 0.3686, 0.3843,  ..., 0.5373, 0.5686, 0.4353],
         [0.3608, 0.4235, 0.3843,  ..., 0.4706, 0.6353, 0.5765]]])",0.2544228434562683,0.49774823
"tensor([[[0.3922, 0.3843, 0.3804,  ..., 0.6275, 0.4392, 0.3765],
         [0.4157, 0.4078, 0.3882,  ..., 0.5765, 0.4000, 0.3294],
         [0.4392, 0.4196, 0.4078,  ..., 0.4588, 0.3725, 0.3255],
         ...,
         [0.4353, 0.4392, 0.4196,  ..., 0.6118, 0.5255, 0.4353],
         [0.4157, 0.3922, 0.3961,  ..., 0.4941, 0.6314, 0.4275],
         [0.4078, 0.4157, 0.3922,  ..., 0.4392, 0.6706, 0.4824]]])",0.29236769676208496,0.4915954
"tensor([[[0.3843, 0.3725, 0.3725,  ..., 0.4510, 0.3804, 0.4275],
         [0.4118, 0.3961, 0.3569,  ..., 0.4078, 0.3608, 0.6039],
         [0.4275, 0.4275, 0.4157,  ..., 0.3922, 0.4627, 0.6353],
         ...,
         [0.4196, 0.4078, 0.4039,  ..., 0.4549, 0.4353, 0.4196],
         [0.4039, 0.3961, 0.3961,  ..., 0.4745, 0.4588, 0.3765],
         [0.4078, 0.4196, 0.3922,  ..., 0.4902, 0.4510, 0.4275]]])",0.30398550629615784,0.4509112
"tensor([[[0.3647, 0.3451, 0.3529,  ..., 0.3373, 0.4471, 0.4667],
         [0.4039, 0.3843, 0.3569,  ..., 0.4275, 0.4353, 0.5608],
         [0.3961, 0.3922, 0.3843,  ..., 0.4627, 0.4588, 0.5176],
         ...,
         [0.3725, 0.3725, 0.3725,  ..., 0.3647, 0.4627, 0.4471],
         [0.3765, 0.3765, 0.3686,  ..., 0.3725, 0.4118, 0.4196],
         [0.3765, 0.3804, 0.3373,  ..., 0.4314, 0.3490, 0.4745]]])",0.37235987186431885,0.5334358
"tensor([[[0.4667, 0.4549, 0.4784,  ..., 0.4549, 0.6078, 0.5176],
         [0.4824, 0.4667, 0.4902,  ..., 0.5608, 0.5647, 0.6627],
         [0.4863, 0.4863, 0.4941,  ..., 0.6667, 0.6275, 0.6314],
         ...,
         [0.5020, 0.4588, 0.4235,  ..., 0.4157, 0.6078, 0.5725],
         [0.4353, 0.4392, 0.4627,  ..., 0.4510, 0.5529, 0.5490],
         [0.4745, 0.4588, 0.4549,  ..., 0.5569, 0.4667, 0.6431]]])",0.27398261427879333,0.38482583
"tensor([[[0.4314, 0.4588, 0.4235,  ..., 0.4549, 0.4627, 0.6784],
         [0.4196, 0.4588, 0.4588,  ..., 0.5176, 0.5569, 0.5843],
         [0.4157, 0.4275, 0.4745,  ..., 0.5137, 0.5843, 0.4863],
         ...,
         [0.4118, 0.4118, 0.4078,  ..., 0.4157, 0.4353, 0.5059],
         [0.4235, 0.3725, 0.4235,  ..., 0.4471, 0.5294, 0.5098],
         [0.4196, 0.3922, 0.4275,  ..., 0.4392, 0.4627, 0.5137]]])",0.2952381372451782,0.48741812
"tensor([[[0.5412, 0.5608, 0.5255,  ..., 0.5137, 0.6196, 0.6275],
         [0.5216, 0.5804, 0.5294,  ..., 0.5725, 0.6353, 0.5647],
         [0.5216, 0.5569, 0.5725,  ..., 0.6118, 0.6196, 0.5961],
         ...,
         [0.5412, 0.5216, 0.5176,  ..., 0.5529, 0.6078, 0.6039],
         [0.5294, 0.5059, 0.5647,  ..., 0.5608, 0.5725, 0.6667],
         [0.5333, 0.5216, 0.5333,  ..., 0.5686, 0.5608, 0.6118]]])",0.30041027069091797,0.54218477
"tensor([[[0.4196, 0.5020, 0.4824,  ..., 0.5176, 0.5294, 0.5647],
         [0.4549, 0.4392, 0.5451,  ..., 0.4980, 0.4471, 0.5647],
         [0.4588, 0.4235, 0.5176,  ..., 0.4667, 0.5725, 0.5098],
         ...,
         [0.4863, 0.5020, 0.4275,  ..., 0.5529, 0.4863, 0.5647],
         [0.4549, 0.4078, 0.3882,  ..., 0.6039, 0.5725, 0.5412],
         [0.4314, 0.4118, 0.4706,  ..., 0.5569, 0.5804, 0.5294]]])",0.23794867098331451,0.4263228
"tensor([[[0.4471, 0.4824, 0.4510,  ..., 0.5020, 0.4275, 0.4471],
         [0.4196, 0.4627, 0.4510,  ..., 0.4392, 0.4392, 0.4706],
         [0.4510, 0.4431, 0.4667,  ..., 0.4510, 0.4706, 0.4627],
         ...,
         [0.4157, 0.4353, 0.4784,  ..., 0.4078, 0.4118, 0.4745],
         [0.4706, 0.4549, 0.4863,  ..., 0.4431, 0.4118, 0.3765],
         [0.4863, 0.4510, 0.4784,  ..., 0.4353, 0.4392, 0.4196]]])",0.411335289478302,0.6960418
"tensor([[[0.4510, 0.4039, 0.4588,  ..., 0.4510, 0.4039, 0.3922],
         [0.3961, 0.4196, 0.4118,  ..., 0.3529, 0.3608, 0.4196],
         [0.3412, 0.4039, 0.3843,  ..., 0.3804, 0.4353, 0.3686],
         ...,
         [0.4078, 0.4314, 0.4706,  ..., 0.3255, 0.3020, 0.3961],
         [0.4275, 0.4039, 0.4627,  ..., 0.4039, 0.2902, 0.2667],
         [0.4196, 0.4863, 0.4039,  ..., 0.3922, 0.3333, 0.3255]]])",0.25299182534217834,0.42800555
"tensor([[[0.5176, 0.4745, 0.5451,  ..., 0.5255, 0.4510, 0.4824],
         [0.4784, 0.5098, 0.4941,  ..., 0.4980, 0.5059, 0.5373],
         [0.4353, 0.5020, 0.4627,  ..., 0.5137, 0.4863, 0.4706],
         ...,
         [0.5373, 0.4902, 0.5373,  ..., 0.3961, 0.3412, 0.4157],
         [0.4549, 0.4863, 0.5098,  ..., 0.4706, 0.4510, 0.3647],
         [0.4353, 0.4941, 0.4941,  ..., 0.4627, 0.4353, 0.4078]]])",0.20079906284809113,0.41168398
"tensor([[[0.6157, 0.5922, 0.6118,  ..., 0.6196, 0.5882, 0.6275],
         [0.5529, 0.6157, 0.5843,  ..., 0.6196, 0.6314, 0.6118],
         [0.5333, 0.6078, 0.5843,  ..., 0.6196, 0.6157, 0.5922],
         ...,
         [0.6510, 0.6353, 0.6235,  ..., 0.5412, 0.4824, 0.4863],
         [0.5961, 0.5294, 0.5922,  ..., 0.5961, 0.6118, 0.5608],
         [0.5294, 0.5725, 0.6078,  ..., 0.5216, 0.5529, 0.5725]]])",0.2532227039337158,0.51259804
"tensor([[[0.4157, 0.4745, 0.5412,  ..., 0.5137, 0.5255, 0.4588],
         [0.4353, 0.4196, 0.5176,  ..., 0.5686, 0.4431, 0.4510],
         [0.4745, 0.4118, 0.4784,  ..., 0.4941, 0.4275, 0.5137],
         ...,
         [0.4157, 0.4824, 0.4235,  ..., 0.4353, 0.4902, 0.3922],
         [0.4667, 0.4706, 0.4471,  ..., 0.4471, 0.4980, 0.4118],
         [0.5098, 0.4588, 0.4863,  ..., 0.5137, 0.5020, 0.5412]]])",0.23607903718948364,0.518774
"tensor([[[0.3961, 0.4824, 0.4431,  ..., 0.4745, 0.3216, 0.4392],
         [0.3882, 0.4314, 0.4706,  ..., 0.3843, 0.3569, 0.4275],
         [0.3647, 0.3765, 0.4627,  ..., 0.2745, 0.3765, 0.4314],
         ...,
         [0.4078, 0.3843, 0.4196,  ..., 0.4588, 0.2745, 0.3490],
         [0.4118, 0.4235, 0.4314,  ..., 0.5333, 0.3725, 0.2980],
         [0.3922, 0.3961, 0.4627,  ..., 0.4627, 0.5098, 0.3686]]])",0.22576138377189636,0.48353976
"tensor([[[0.4941, 0.5451, 0.5020,  ..., 0.5569, 0.4510, 0.4078],
         [0.4471, 0.5529, 0.4902,  ..., 0.5373, 0.3922, 0.4353],
         [0.4745, 0.4902, 0.5333,  ..., 0.4549, 0.4196, 0.5451],
         ...,
         [0.4118, 0.5137, 0.4980,  ..., 0.5255, 0.4510, 0.3412],
         [0.5294, 0.4549, 0.5451,  ..., 0.5412, 0.5255, 0.3765],
         [0.4941, 0.4941, 0.5882,  ..., 0.5137, 0.5725, 0.5137]]])",0.19057971239089966,0.49383447
"tensor([[[0.5373, 0.4588, 0.6000,  ..., 0.5176, 0.5529, 0.4353],
         [0.5333, 0.4706, 0.5373,  ..., 0.5647, 0.5294, 0.3490],
         [0.4353, 0.5294, 0.4745,  ..., 0.5373, 0.4078, 0.4000],
         ...,
         [0.5294, 0.4549, 0.5373,  ..., 0.5255, 0.5059, 0.4157],
         [0.4627, 0.5569, 0.5216,  ..., 0.5765, 0.5569, 0.5647],
         [0.4431, 0.5608, 0.5216,  ..., 0.5647, 0.5255, 0.5529]]])",0.1945987194776535,0.43272305
"tensor([[[0.4078, 0.5059, 0.5059,  ..., 0.5373, 0.5059, 0.4118],
         [0.4471, 0.4824, 0.4941,  ..., 0.4941, 0.4627, 0.3333],
         [0.5216, 0.4275, 0.5020,  ..., 0.4902, 0.4392, 0.3216],
         ...,
         [0.4980, 0.5412, 0.4980,  ..., 0.5098, 0.4980, 0.4902],
         [0.5451, 0.5412, 0.5059,  ..., 0.5333, 0.5569, 0.5294],
         [0.5569, 0.4667, 0.5451,  ..., 0.5137, 0.5059, 0.5098]]])",0.1432763785123825,0.3668658
"tensor([[[0.4549, 0.5176, 0.5294,  ..., 0.4980, 0.5137, 0.3922],
         [0.5098, 0.4941, 0.5255,  ..., 0.4784, 0.5020, 0.3294],
         [0.5765, 0.4745, 0.5176,  ..., 0.5059, 0.4196, 0.3922],
         ...,
         [0.5569, 0.6275, 0.5529,  ..., 0.5255, 0.5412, 0.4706],
         [0.5922, 0.5804, 0.5176,  ..., 0.5843, 0.4941, 0.5333],
         [0.5961, 0.5137, 0.5333,  ..., 0.5843, 0.5059, 0.5294]]])",0.17621123790740967,0.38554698
"tensor([[[0.3451, 0.4078, 0.3765,  ..., 0.4275, 0.3843, 0.3647],
         [0.3922, 0.4000, 0.3804,  ..., 0.4078, 0.3647, 0.3490],
         [0.5255, 0.3686, 0.4118,  ..., 0.3804, 0.3490, 0.3373],
         ...,
         [0.3686, 0.5294, 0.4157,  ..., 0.4392, 0.3961, 0.3608],
         [0.5216, 0.4784, 0.4118,  ..., 0.4392, 0.4118, 0.3647],
         [0.5569, 0.3843, 0.4196,  ..., 0.4118, 0.4392, 0.3961]]])",0.3716370761394501,0.46142417
"tensor([[[0.5412, 0.4902, 0.4824,  ..., 0.4863, 0.3843, 0.4275],
         [0.4824, 0.5333, 0.4784,  ..., 0.4588, 0.4392, 0.4471],
         [0.5098, 0.5373, 0.4824,  ..., 0.4471, 0.4431, 0.4549],
         ...,
         [0.4941, 0.5333, 0.5451,  ..., 0.5098, 0.4471, 0.4392],
         [0.5608, 0.5020, 0.5333,  ..., 0.5176, 0.4824, 0.4235],
         [0.5176, 0.5020, 0.5294,  ..., 0.5098, 0.5098, 0.4196]]])",0.19815337657928467,0.3575603
"tensor([[[0.4902, 0.5490, 0.5098,  ..., 0.5608, 0.4549, 0.4863],
         [0.5020, 0.5490, 0.5294,  ..., 0.4980, 0.4706, 0.4745],
         [0.5255, 0.5137, 0.5608,  ..., 0.4392, 0.4941, 0.5451],
         ...,
         [0.5020, 0.5176, 0.5176,  ..., 0.5765, 0.4667, 0.5059],
         [0.5216, 0.4902, 0.5255,  ..., 0.5098, 0.5216, 0.4863],
         [0.5059, 0.5137, 0.6039,  ..., 0.4157, 0.5922, 0.4549]]])",0.20780596137046814,0.38613886
"tensor([[[0.4314, 0.4118, 0.4392,  ..., 0.4235, 0.4078, 0.4353],
         [0.4275, 0.4196, 0.4353,  ..., 0.4078, 0.4353, 0.4078],
         [0.4235, 0.4353, 0.4314,  ..., 0.4039, 0.4431, 0.4314],
         ...,
         [0.4275, 0.4588, 0.4118,  ..., 0.4235, 0.4039, 0.4549],
         [0.3961, 0.4157, 0.4471,  ..., 0.4353, 0.4157, 0.4431],
         [0.4431, 0.4549, 0.4353,  ..., 0.4510, 0.4275, 0.3882]]])",0.31844910979270935,0.44527933
"tensor([[[0.4980, 0.4863, 0.4941,  ..., 0.4941, 0.4941, 0.5216],
         [0.4863, 0.4941, 0.4941,  ..., 0.4902, 0.5059, 0.5020],
         [0.4824, 0.4941, 0.5020,  ..., 0.4902, 0.5137, 0.4667],
         ...,
         [0.4980, 0.5137, 0.4667,  ..., 0.4824, 0.4941, 0.5176],
         [0.4627, 0.4706, 0.5412,  ..., 0.4784, 0.4980, 0.4941],
         [0.5059, 0.5412, 0.5216,  ..., 0.4941, 0.5020, 0.4980]]])",0.3198060393333435,0.55782235
"tensor([[[0.4824, 0.4902, 0.4863,  ..., 0.4784, 0.4902, 0.4941],
         [0.4784, 0.4902, 0.4941,  ..., 0.4824, 0.4863, 0.4980],
         [0.4824, 0.4863, 0.5059,  ..., 0.4902, 0.4863, 0.4824],
         ...,
         [0.5176, 0.4745, 0.4863,  ..., 0.4941, 0.4902, 0.4863],
         [0.4784, 0.5176, 0.5020,  ..., 0.5216, 0.4784, 0.4863],
         [0.5098, 0.4235, 0.5176,  ..., 0.5137, 0.4824, 0.4980]]])",0.3699552118778229,0.5665456
"tensor([[[0.4510, 0.4588, 0.4588,  ..., 0.4549, 0.4549, 0.4745],
         [0.4549, 0.4549, 0.4588,  ..., 0.4510, 0.4627, 0.4549],
         [0.4549, 0.4549, 0.4627,  ..., 0.4510, 0.4627, 0.4510],
         ...,
         [0.4549, 0.5255, 0.5059,  ..., 0.4627, 0.4510, 0.4706],
         [0.5216, 0.4235, 0.3843,  ..., 0.4706, 0.4510, 0.4627],
         [0.3412, 0.4314, 0.6078,  ..., 0.4510, 0.4627, 0.4471]]])",0.4112136960029602,0.6584126
"tensor([[[0.5686, 0.5647, 0.5647,  ..., 0.5922, 0.5529, 0.5804],
         [0.5686, 0.5647, 0.5647,  ..., 0.5843, 0.5529, 0.5882],
         [0.5686, 0.5647, 0.5647,  ..., 0.5608, 0.5725, 0.5725],
         ...,
         [0.5098, 0.5529, 0.6118,  ..., 0.5843, 0.5647, 0.5647],
         [0.6157, 0.5843, 0.5961,  ..., 0.5608, 0.5882, 0.5490],
         [0.5725, 0.6471, 0.6314,  ..., 0.5725, 0.5922, 0.5569]]])",0.3496602177619934,0.5789114
"tensor([[[0.4784, 0.4784, 0.4745,  ..., 0.4745, 0.4824, 0.4745],
         [0.4784, 0.4784, 0.4745,  ..., 0.4784, 0.4824, 0.4745],
         [0.4784, 0.4784, 0.4745,  ..., 0.4902, 0.4784, 0.4706],
         ...,
         [0.4863, 0.4235, 0.4745,  ..., 0.4824, 0.4824, 0.4745],
         [0.4627, 0.5725, 0.5569,  ..., 0.4824, 0.4824, 0.4824],
         [0.5961, 0.4784, 0.4588,  ..., 0.4824, 0.4824, 0.4863]]])",0.4762825071811676,0.7286607
"tensor([[[0.5176, 0.5176, 0.5137,  ..., 0.5255, 0.5098, 0.5137],
         [0.5137, 0.5176, 0.5137,  ..., 0.5255, 0.5176, 0.5059],
         [0.5176, 0.5176, 0.5176,  ..., 0.5216, 0.5137, 0.4941],
         ...,
         [0.4902, 0.5608, 0.5725,  ..., 0.5255, 0.5176, 0.5176],
         [0.5804, 0.5490, 0.5451,  ..., 0.5216, 0.5255, 0.5176],
         [0.5529, 0.5333, 0.5020,  ..., 0.5255, 0.5294, 0.5176]]])",0.4075929820537567,0.6179573
"tensor([[[0.4706, 0.4824, 0.4784,  ..., 0.4784, 0.4941, 0.5451],
         [0.4784, 0.4863, 0.4745,  ..., 0.5294, 0.5529, 0.4706],
         [0.4824, 0.4863, 0.4824,  ..., 0.4863, 0.4549, 0.4902],
         ...,
         [0.4667, 0.4824, 0.4784,  ..., 0.4784, 0.4824, 0.4824],
         [0.4706, 0.4784, 0.4706,  ..., 0.4745, 0.4863, 0.4824],
         [0.4706, 0.4863, 0.4824,  ..., 0.4784, 0.4941, 0.4824]]])",0.46223247051239014,0.66692597
"tensor([[[0.4471, 0.4588, 0.4471,  ..., 0.5059, 0.4510, 0.4275],
         [0.4431, 0.4549, 0.4431,  ..., 0.4392, 0.4431, 0.4431],
         [0.4471, 0.4588, 0.4549,  ..., 0.4471, 0.4667, 0.4863],
         ...,
         [0.4314, 0.4510, 0.4510,  ..., 0.4392, 0.4314, 0.4431],
         [0.4510, 0.4471, 0.4431,  ..., 0.4392, 0.4431, 0.4588],
         [0.4392, 0.4510, 0.4667,  ..., 0.4471, 0.4510, 0.4431]]])",0.2790082097053528,0.52656895
"tensor([[[0.4000, 0.3843, 0.3882,  ..., 0.4157, 0.4157, 0.3804],
         [0.3961, 0.3922, 0.3843,  ..., 0.4039, 0.3922, 0.3961],
         [0.3843, 0.3843, 0.3922,  ..., 0.3961, 0.4039, 0.4039],
         ...,
         [0.3804, 0.3804, 0.3843,  ..., 0.3882, 0.3922, 0.3882],
         [0.3882, 0.3804, 0.3843,  ..., 0.3882, 0.3882, 0.3882],
         [0.3922, 0.3922, 0.3804,  ..., 0.3882, 0.3882, 0.3804]]])",0.3400489389896393,0.5583683
"tensor([[[0.4471, 0.4431, 0.4824,  ..., 0.4941, 0.4627, 0.4275],
         [0.4510, 0.4392, 0.4667,  ..., 0.4549, 0.4667, 0.4706],
         [0.4510, 0.4431, 0.4431,  ..., 0.4706, 0.4706, 0.4824],
         ...,
         [0.4471, 0.4431, 0.4314,  ..., 0.4549, 0.4510, 0.4549],
         [0.4510, 0.4588, 0.4431,  ..., 0.4510, 0.4471, 0.4510],
         [0.4392, 0.4471, 0.4431,  ..., 0.4471, 0.4431, 0.4392]]])",0.34247636795043945,0.55891776
"tensor([[[0.4510, 0.4941, 0.4667,  ..., 0.4588, 0.4824, 0.4941],
         [0.4510, 0.4745, 0.4824,  ..., 0.4941, 0.5020, 0.5059],
         [0.4627, 0.4549, 0.4863,  ..., 0.5098, 0.4745, 0.4392],
         ...,
         [0.4510, 0.4549, 0.4588,  ..., 0.4667, 0.4706, 0.4667],
         [0.4588, 0.4549, 0.4706,  ..., 0.4706, 0.4627, 0.4588],
         [0.4549, 0.4471, 0.4902,  ..., 0.4706, 0.4706, 0.4627]]])",0.34163960814476013,0.5463536
"tensor([[[0.3608, 0.3922, 0.3882,  ..., 0.4235, 0.3647, 0.3804],
         [0.3608, 0.3882, 0.3961,  ..., 0.3843, 0.3765, 0.3843],
         [0.3647, 0.3725, 0.4000,  ..., 0.3804, 0.3843, 0.3725],
         ...,
         [0.3608, 0.3647, 0.3608,  ..., 0.3804, 0.3804, 0.3804],
         [0.3647, 0.3608, 0.3765,  ..., 0.3843, 0.3804, 0.3765],
         [0.3608, 0.3529, 0.4000,  ..., 0.3882, 0.3804, 0.3686]]])",0.3738194406032562,0.56479347
"tensor([[[0.4235, 0.4157, 0.4588,  ..., 0.5451, 0.5098, 0.4706],
         [0.4275, 0.4196, 0.4471,  ..., 0.4784, 0.3843, 0.3804],
         [0.4275, 0.4235, 0.4314,  ..., 0.3647, 0.4471, 0.4667],
         ...,
         [0.4235, 0.4118, 0.4157,  ..., 0.4275, 0.4314, 0.4353],
         [0.4196, 0.4353, 0.4157,  ..., 0.4353, 0.4314, 0.4314],
         [0.4275, 0.4157, 0.4157,  ..., 0.4275, 0.4353, 0.4392]]])",0.35654217004776,0.54201084
"tensor([[[0.4235, 0.4196, 0.4667,  ..., 0.5647, 0.4706, 0.3529],
         [0.4275, 0.4196, 0.4431,  ..., 0.4000, 0.4078, 0.4745],
         [0.4314, 0.4314, 0.4235,  ..., 0.4824, 0.4510, 0.4000],
         ...,
         [0.4353, 0.4392, 0.4314,  ..., 0.4549, 0.4510, 0.4510],
         [0.4314, 0.4275, 0.4118,  ..., 0.4510, 0.4431, 0.4392],
         [0.4314, 0.4314, 0.4196,  ..., 0.4588, 0.4471, 0.4314]]])",0.3722483515739441,0.4825381
"tensor([[[0.4275, 0.4471, 0.4667,  ..., 0.4275, 0.4471, 0.5176],
         [0.4392, 0.4392, 0.4627,  ..., 0.4863, 0.4784, 0.4588],
         [0.4471, 0.4471, 0.4431,  ..., 0.4588, 0.4784, 0.4667],
         ...,
         [0.4471, 0.4549, 0.4510,  ..., 0.4471, 0.4471, 0.4549],
         [0.4431, 0.4510, 0.4549,  ..., 0.4510, 0.4510, 0.4510],
         [0.4588, 0.4471, 0.4510,  ..., 0.4549, 0.4510, 0.4471]]])",0.4351164698600769,0.5296012
"tensor([[[0.4275, 0.4353, 0.4706,  ..., 0.4078, 0.4353, 0.4510],
         [0.4235, 0.4275, 0.4510,  ..., 0.4431, 0.4510, 0.4431],
         [0.4118, 0.4078, 0.4353,  ..., 0.4392, 0.4431, 0.4549],
         ...,
         [0.4431, 0.4275, 0.4157,  ..., 0.4510, 0.4510, 0.4431],
         [0.4392, 0.4392, 0.4431,  ..., 0.4392, 0.4549, 0.4588],
         [0.4314, 0.4235, 0.4157,  ..., 0.4353, 0.4235, 0.4275]]])",0.43075376749038696,0.47393596
"tensor([[[0.3686, 0.4000, 0.4000,  ..., 0.3961, 0.4078, 0.4196],
         [0.4078, 0.3608, 0.4196,  ..., 0.4118, 0.4157, 0.4118],
         [0.3882, 0.3490, 0.3961,  ..., 0.4118, 0.4157, 0.4118],
         ...,
         [0.3961, 0.3922, 0.3686,  ..., 0.4275, 0.4157, 0.4078],
         [0.3765, 0.4235, 0.3804,  ..., 0.3922, 0.4196, 0.4353],
         [0.4235, 0.3961, 0.3922,  ..., 0.4078, 0.3765, 0.3725]]])",0.4065650403499603,0.48700696
"tensor([[[0.3608, 0.3490, 0.3765,  ..., 0.3843, 0.3922, 0.3725],
         [0.3373, 0.3451, 0.3569,  ..., 0.3804, 0.3725, 0.3765],
         [0.3529, 0.3451, 0.3373,  ..., 0.3804, 0.3725, 0.3647],
         ...,
         [0.4000, 0.3765, 0.3373,  ..., 0.3804, 0.3843, 0.3804],
         [0.3412, 0.3294, 0.3569,  ..., 0.3725, 0.3843, 0.3882],
         [0.3725, 0.3608, 0.3529,  ..., 0.3686, 0.3569, 0.3804]]])",0.45497244596481323,0.5911416
"tensor([[[0.4353, 0.4353, 0.4588,  ..., 0.4784, 0.4980, 0.5020],
         [0.4471, 0.4353, 0.4314,  ..., 0.4980, 0.4980, 0.4941],
         [0.5059, 0.4863, 0.4627,  ..., 0.4980, 0.4902, 0.4784],
         ...,
         [0.5020, 0.4745, 0.4627,  ..., 0.5333, 0.5216, 0.4941],
         [0.4667, 0.4627, 0.4392,  ..., 0.4980, 0.5059, 0.5255],
         [0.4510, 0.3882, 0.4275,  ..., 0.5098, 0.5294, 0.5216]]])",0.25051918625831604,0.36550984
"tensor([[[0.4510, 0.4431, 0.4314,  ..., 0.4627, 0.4902, 0.4941],
         [0.4863, 0.4745, 0.4314,  ..., 0.4941, 0.5059, 0.5059],
         [0.5176, 0.5490, 0.5020,  ..., 0.5137, 0.4941, 0.4902],
         ...,
         [0.4980, 0.5020, 0.5137,  ..., 0.5373, 0.5176, 0.5137],
         [0.5059, 0.5137, 0.4627,  ..., 0.5451, 0.5412, 0.5373],
         [0.4471, 0.4549, 0.4392,  ..., 0.5451, 0.5412, 0.5333]]])",0.26403120160102844,0.37439442
"tensor([[[0.4157, 0.4039, 0.3686,  ..., 0.4039, 0.4196, 0.4745],
         [0.4471, 0.4196, 0.3882,  ..., 0.4510, 0.4980, 0.4784],
         [0.4667, 0.4471, 0.4314,  ..., 0.4784, 0.4353, 0.4392],
         ...,
         [0.4549, 0.4588, 0.4588,  ..., 0.4078, 0.4196, 0.4510],
         [0.4745, 0.4392, 0.4196,  ..., 0.4784, 0.4745, 0.4627],
         [0.4235, 0.4392, 0.4353,  ..., 0.4824, 0.4745, 0.4980]]])",0.25090232491493225,0.37264404
"tensor([[[0.4314, 0.4118, 0.3882,  ..., 0.4510, 0.4078, 0.3922],
         [0.4510, 0.4353, 0.4157,  ..., 0.3922, 0.4353, 0.5020],
         [0.4510, 0.4431, 0.4431,  ..., 0.4784, 0.5216, 0.5333],
         ...,
         [0.4549, 0.4627, 0.4745,  ..., 0.4471, 0.4431, 0.4431],
         [0.4588, 0.4706, 0.4824,  ..., 0.4980, 0.4863, 0.4706],
         [0.4784, 0.4667, 0.4196,  ..., 0.4471, 0.4588, 0.5098]]])",0.2621963620185852,0.37470904
"tensor([[[0.5451, 0.5176, 0.5137,  ..., 0.5608, 0.5216, 0.4980],
         [0.5804, 0.5686, 0.5373,  ..., 0.4980, 0.5373, 0.6000],
         [0.5490, 0.5647, 0.5647,  ..., 0.5843, 0.6235, 0.6353],
         ...,
         [0.5569, 0.6000, 0.6078,  ..., 0.5608, 0.5490, 0.5451],
         [0.6000, 0.5765, 0.5569,  ..., 0.5725, 0.5843, 0.5843],
         [0.5882, 0.5843, 0.5647,  ..., 0.5451, 0.5686, 0.6000]]])",0.32195764780044556,0.40962976
"tensor([[[0.4275, 0.3843, 0.4235,  ..., 0.4392, 0.4510, 0.4706],
         [0.4627, 0.4314, 0.4157,  ..., 0.4431, 0.4431, 0.4745],
         [0.4588, 0.4510, 0.4353,  ..., 0.4588, 0.4471, 0.4549],
         ...,
         [0.4667, 0.4745, 0.4667,  ..., 0.4549, 0.4314, 0.4392],
         [0.4863, 0.4667, 0.4824,  ..., 0.4353, 0.4431, 0.4863],
         [0.4902, 0.5137, 0.4431,  ..., 0.4745, 0.4784, 0.4784]]])",0.25635552406311035,0.38763365
"tensor([[[0.4039, 0.3882, 0.4078,  ..., 0.4196, 0.4392, 0.4392],
         [0.4157, 0.4000, 0.3961,  ..., 0.4235, 0.4431, 0.4510],
         [0.4078, 0.4000, 0.3843,  ..., 0.4431, 0.4275, 0.4196],
         ...,
         [0.4353, 0.4118, 0.4157,  ..., 0.4235, 0.4118, 0.4078],
         [0.4314, 0.4353, 0.4510,  ..., 0.4157, 0.4196, 0.4353],
         [0.4510, 0.4706, 0.4353,  ..., 0.4471, 0.4196, 0.4275]]])",0.3324485719203949,0.41584975
"tensor([[[0.4196, 0.4235, 0.4745,  ..., 0.4941, 0.4667, 0.4549],
         [0.4314, 0.4157, 0.4431,  ..., 0.4510, 0.4588, 0.4824],
         [0.4549, 0.4235, 0.4196,  ..., 0.4824, 0.5059, 0.5020],
         ...,
         [0.4431, 0.4549, 0.4941,  ..., 0.4745, 0.4588, 0.4392],
         [0.5059, 0.5098, 0.4784,  ..., 0.4980, 0.4941, 0.4863],
         [0.5098, 0.4784, 0.4549,  ..., 0.5020, 0.4980, 0.5176]]])",0.20475268363952637,0.46202797
"tensor([[[0.4039, 0.4431, 0.5490,  ..., 0.4941, 0.4275, 0.4157],
         [0.4039, 0.4353, 0.4784,  ..., 0.4235, 0.4824, 0.5647],
         [0.4588, 0.4392, 0.4471,  ..., 0.5569, 0.5922, 0.5412],
         ...,
         [0.5020, 0.4824, 0.4902,  ..., 0.4980, 0.4549, 0.4118],
         [0.5137, 0.4863, 0.4902,  ..., 0.5294, 0.5216, 0.5098],
         [0.4980, 0.4510, 0.4863,  ..., 0.5059, 0.5255, 0.5451]]])",0.240102618932724,0.38592917
"tensor([[[0.3451, 0.4314, 0.4431,  ..., 0.3922, 0.4471, 0.4157],
         [0.3059, 0.3961, 0.4510,  ..., 0.4118, 0.4000, 0.4314],
         [0.3373, 0.3490, 0.4235,  ..., 0.4157, 0.4627, 0.4941],
         ...,
         [0.4314, 0.4118, 0.3843,  ..., 0.4392, 0.3843, 0.3686],
         [0.3961, 0.3333, 0.4000,  ..., 0.4118, 0.4275, 0.4549],
         [0.3412, 0.3412, 0.4706,  ..., 0.4235, 0.4275, 0.4275]]])",0.2226933240890503,0.3686984
"tensor([[[0.4235, 0.4784, 0.5176,  ..., 0.4902, 0.4824, 0.4745],
         [0.3922, 0.4549, 0.5137,  ..., 0.4745, 0.4784, 0.5098],
         [0.4078, 0.4196, 0.4784,  ..., 0.5137, 0.5059, 0.4863],
         ...,
         [0.4353, 0.4392, 0.4667,  ..., 0.4314, 0.4549, 0.4706],
         [0.4824, 0.4157, 0.4275,  ..., 0.4510, 0.4314, 0.4196],
         [0.4000, 0.3804, 0.4941,  ..., 0.4902, 0.4980, 0.4824]]])",0.24829380214214325,0.3598839
"tensor([[[0.4941, 0.5373, 0.5608,  ..., 0.5686, 0.5569, 0.5373],
         [0.4706, 0.5098, 0.5647,  ..., 0.5490, 0.5333, 0.5490],
         [0.4980, 0.5059, 0.5451,  ..., 0.5569, 0.5490, 0.5490],
         ...,
         [0.5255, 0.5176, 0.5176,  ..., 0.4980, 0.4510, 0.4196],
         [0.5373, 0.4824, 0.4902,  ..., 0.5373, 0.5412, 0.5294],
         [0.4471, 0.4667, 0.5686,  ..., 0.5608, 0.5451, 0.5412]]])",0.29143187403678894,0.38620463
"tensor([[[0.4902, 0.5137, 0.5098,  ..., 0.5176, 0.5294, 0.5216],
         [0.4902, 0.4902, 0.5412,  ..., 0.5255, 0.5098, 0.5059],
         [0.4824, 0.4941, 0.5176,  ..., 0.5098, 0.5098, 0.5098],
         ...,
         [0.4980, 0.4784, 0.5020,  ..., 0.5137, 0.4745, 0.4196],
         [0.4863, 0.5020, 0.4784,  ..., 0.4980, 0.5020, 0.5176],
         [0.4706, 0.4706, 0.4941,  ..., 0.5412, 0.5255, 0.5059]]])",0.4083305299282074,0.62917614
"tensor([[[0.4941, 0.5098, 0.5098,  ..., 0.5216, 0.5137, 0.5412],
         [0.4745, 0.4902, 0.5176,  ..., 0.5412, 0.5255, 0.4980],
         [0.4510, 0.4745, 0.4980,  ..., 0.5020, 0.4902, 0.4941],
         ...,
         [0.4549, 0.4392, 0.4941,  ..., 0.4863, 0.4745, 0.4471],
         [0.4824, 0.4980, 0.5098,  ..., 0.4941, 0.4784, 0.4706],
         [0.4824, 0.5059, 0.4784,  ..., 0.5255, 0.5333, 0.5059]]])",0.3545262813568115,0.5863019
"tensor([[[0.5333, 0.5451, 0.5686,  ..., 0.5686, 0.5725, 0.5490],
         [0.5176, 0.5451, 0.5608,  ..., 0.5647, 0.5490, 0.5451],
         [0.5137, 0.5373, 0.5412,  ..., 0.5451, 0.5490, 0.5451],
         ...,
         [0.5686, 0.5373, 0.5098,  ..., 0.5255, 0.5373, 0.5373],
         [0.5098, 0.5216, 0.5490,  ..., 0.5569, 0.5451, 0.5216],
         [0.5412, 0.5294, 0.5216,  ..., 0.5412, 0.5529, 0.5569]]])",0.37569692730903625,0.62856257
"tensor([[[0.4784, 0.4980, 0.5098,  ..., 0.5098, 0.4824, 0.4824],
         [0.4784, 0.4784, 0.5176,  ..., 0.4824, 0.4941, 0.4941],
         [0.4745, 0.4745, 0.4941,  ..., 0.4980, 0.4902, 0.4824],
         ...,
         [0.4784, 0.4667, 0.5020,  ..., 0.4980, 0.4941, 0.4824],
         [0.4980, 0.4863, 0.4510,  ..., 0.4784, 0.4941, 0.4980],
         [0.4431, 0.4353, 0.4902,  ..., 0.4784, 0.4863, 0.4824]]])",0.40370291471481323,0.5888565
"tensor([[[0.5922, 0.4902, 0.4980,  ..., 0.4980, 0.5059, 0.5098],
         [0.5098, 0.5176, 0.5059,  ..., 0.5098, 0.4980, 0.4863],
         [0.4235, 0.5529, 0.4784,  ..., 0.4824, 0.4902, 0.5020],
         ...,
         [0.4902, 0.4000, 0.5490,  ..., 0.4980, 0.5020, 0.5137],
         [0.4275, 0.5059, 0.5569,  ..., 0.4941, 0.5020, 0.4980],
         [0.4510, 0.5765, 0.5020,  ..., 0.4549, 0.4863, 0.4941]]])",0.2201739400625229,0.51356274
"tensor([[[0.4627, 0.4706, 0.4392,  ..., 0.4588, 0.4627, 0.4431],
         [0.4588, 0.4471, 0.4588,  ..., 0.4431, 0.4549, 0.4627],
         [0.4039, 0.4431, 0.4588,  ..., 0.4588, 0.4431, 0.4314],
         ...,
         [0.3725, 0.3922, 0.4627,  ..., 0.4549, 0.4667, 0.4471],
         [0.4196, 0.4588, 0.4549,  ..., 0.4275, 0.4510, 0.4549],
         [0.4157, 0.4824, 0.4627,  ..., 0.4118, 0.4235, 0.4353]]])",0.2584666907787323,0.41543412
"tensor([[[0.4863, 0.4941, 0.5216,  ..., 0.5059, 0.5098, 0.4980],
         [0.4549, 0.4941, 0.5255,  ..., 0.4745, 0.5098, 0.5098],
         [0.4510, 0.4627, 0.4863,  ..., 0.5098, 0.5137, 0.4941],
         ...,
         [0.4941, 0.4588, 0.4902,  ..., 0.4471, 0.4941, 0.5255],
         [0.4902, 0.4784, 0.5020,  ..., 0.4706, 0.4588, 0.4902],
         [0.4980, 0.4667, 0.5333,  ..., 0.5020, 0.4471, 0.4627]]])",0.19746127724647522,0.3676138
"tensor([[[0.4627, 0.4980, 0.5098,  ..., 0.4627, 0.4980, 0.5059],
         [0.4627, 0.4745, 0.4941,  ..., 0.4745, 0.5020, 0.5059],
         [0.4667, 0.4471, 0.4824,  ..., 0.4902, 0.4863, 0.4784],
         ...,
         [0.5098, 0.4824, 0.4745,  ..., 0.4392, 0.4549, 0.4824],
         [0.4941, 0.4824, 0.4902,  ..., 0.4706, 0.4431, 0.4667],
         [0.5059, 0.4941, 0.5765,  ..., 0.4784, 0.4314, 0.4549]]])",0.2323627471923828,0.39466244
"tensor([[[0.5216, 0.5412, 0.5333,  ..., 0.5098, 0.4902, 0.5294],
         [0.5137, 0.5176, 0.5373,  ..., 0.4980, 0.5451, 0.5569],
         [0.5098, 0.5137, 0.5294,  ..., 0.5333, 0.5216, 0.5216],
         ...,
         [0.5529, 0.5255, 0.5255,  ..., 0.5098, 0.4863, 0.4980],
         [0.5412, 0.5451, 0.5529,  ..., 0.5059, 0.4902, 0.5020],
         [0.5569, 0.5490, 0.5647,  ..., 0.4784, 0.5098, 0.5020]]])",0.2932981252670288,0.4188631
"tensor([[[0.4588, 0.4549, 0.4549,  ..., 0.4118, 0.4431, 0.4118],
         [0.4549, 0.4510, 0.4471,  ..., 0.4235, 0.4275, 0.4549],
         [0.4549, 0.4588, 0.4510,  ..., 0.4510, 0.4314, 0.4431],
         ...,
         [0.4627, 0.4902, 0.4941,  ..., 0.4039, 0.4275, 0.4078],
         [0.4980, 0.4980, 0.4824,  ..., 0.3922, 0.4353, 0.4353],
         [0.5294, 0.4667, 0.4157,  ..., 0.4039, 0.4039, 0.4431]]])",0.24167324602603912,0.39468476
"tensor([[[0.4902, 0.4863, 0.4706,  ..., 0.4157, 0.4627, 0.4745],
         [0.4980, 0.4941, 0.4706,  ..., 0.4157, 0.4549, 0.4392],
         [0.4941, 0.4902, 0.4745,  ..., 0.4392, 0.4784, 0.4588],
         ...,
         [0.5059, 0.5176, 0.5137,  ..., 0.4000, 0.4314, 0.4627],
         [0.5333, 0.4902, 0.4510,  ..., 0.4353, 0.4196, 0.4667],
         [0.4627, 0.4667, 0.4941,  ..., 0.4784, 0.4000, 0.4275]]])",0.20248176157474518,0.39548254
"tensor([[[0.5490, 0.5412, 0.5412,  ..., 0.4745, 0.4980, 0.5569],
         [0.5451, 0.5529, 0.5373,  ..., 0.4627, 0.5137, 0.5333],
         [0.5451, 0.5529, 0.5333,  ..., 0.4667, 0.5412, 0.5216],
         ...,
         [0.5922, 0.5490, 0.5137,  ..., 0.4902, 0.4706, 0.5412],
         [0.5255, 0.5137, 0.5569,  ..., 0.5373, 0.4588, 0.5176],
         [0.5608, 0.5529, 0.5294,  ..., 0.5647, 0.4824, 0.4784]]])",0.20937518775463104,0.37052155
"tensor([[[0.4980, 0.5059, 0.4863,  ..., 0.3882, 0.4196, 0.4824],
         [0.5098, 0.5059, 0.4902,  ..., 0.4000, 0.4118, 0.5569],
         [0.5137, 0.4980, 0.5059,  ..., 0.3843, 0.4863, 0.5373],
         ...,
         [0.5294, 0.4980, 0.4902,  ..., 0.4314, 0.4039, 0.4588],
         [0.4941, 0.4941, 0.4980,  ..., 0.4667, 0.4118, 0.4118],
         [0.4980, 0.5059, 0.4980,  ..., 0.5059, 0.4235, 0.4157]]])",0.22692818939685822,0.37173262
"tensor([[[0.4431, 0.4431, 0.4353,  ..., 0.4118, 0.3176, 0.4039],
         [0.4392, 0.4353, 0.4353,  ..., 0.3412, 0.3961, 0.4118],
         [0.4353, 0.4431, 0.4392,  ..., 0.3412, 0.3961, 0.4588],
         ...,
         [0.4431, 0.4471, 0.4314,  ..., 0.4235, 0.3569, 0.4118],
         [0.4353, 0.4392, 0.4588,  ..., 0.4627, 0.3686, 0.4000],
         [0.4706, 0.4667, 0.4118,  ..., 0.5059, 0.4118, 0.3608]]])",0.2746770679950714,0.46971005
"tensor([[[0.4275, 0.4118, 0.4196,  ..., 0.4902, 0.3020, 0.3569],
         [0.4235, 0.4118, 0.4235,  ..., 0.3804, 0.2941, 0.3961],
         [0.4118, 0.4196, 0.4157,  ..., 0.2980, 0.3255, 0.3882],
         ...,
         [0.4275, 0.4314, 0.4118,  ..., 0.5020, 0.3176, 0.3255],
         [0.4157, 0.4196, 0.4118,  ..., 0.4902, 0.4000, 0.2863],
         [0.4392, 0.3686, 0.3882,  ..., 0.4314, 0.4980, 0.3098]]])",0.26578375697135925,0.41905296
"tensor([[[0.4157, 0.4157, 0.4157,  ..., 0.5020, 0.3255, 0.3608],
         [0.4196, 0.4157, 0.4235,  ..., 0.3961, 0.3647, 0.3804],
         [0.4235, 0.4157, 0.4196,  ..., 0.3294, 0.3765, 0.4157],
         ...,
         [0.4275, 0.4314, 0.3922,  ..., 0.4902, 0.3373, 0.3686],
         [0.4039, 0.3647, 0.4275,  ..., 0.4275, 0.4000, 0.3569],
         [0.4039, 0.4706, 0.4510,  ..., 0.3922, 0.4745, 0.3216]]])",0.3334023952484131,0.46403095
"tensor([[[0.4471, 0.4588, 0.4510,  ..., 0.5412, 0.3451, 0.4235],
         [0.4510, 0.4549, 0.4510,  ..., 0.4863, 0.3529, 0.4549],
         [0.4588, 0.4471, 0.4549,  ..., 0.3725, 0.4078, 0.4706],
         ...,
         [0.4627, 0.4196, 0.4157,  ..., 0.5294, 0.3804, 0.3882],
         [0.4157, 0.4706, 0.5373,  ..., 0.4510, 0.4980, 0.3294],
         [0.5333, 0.5451, 0.4549,  ..., 0.4196, 0.5451, 0.3569]]])",0.331068754196167,0.48171738
"tensor([[[0.4431, 0.4431, 0.4431,  ..., 0.5216, 0.4000, 0.3804],
         [0.4471, 0.4431, 0.4431,  ..., 0.5020, 0.3804, 0.4275],
         [0.4431, 0.4431, 0.4471,  ..., 0.4588, 0.4157, 0.4431],
         ...,
         [0.4196, 0.4235, 0.4588,  ..., 0.4980, 0.4549, 0.3922],
         [0.4549, 0.4745, 0.4706,  ..., 0.4275, 0.5255, 0.3843],
         [0.4706, 0.4745, 0.4745,  ..., 0.4039, 0.5176, 0.4392]]])",0.41015589237213135,0.60081637
"tensor([[[0.3608, 0.3569, 0.3608,  ..., 0.4235, 0.3176, 0.3451],
         [0.3608, 0.3608, 0.3647,  ..., 0.3373, 0.3412, 0.3373],
         [0.3608, 0.3647, 0.3647,  ..., 0.3059, 0.3451, 0.3569],
         ...,
         [0.3843, 0.3922, 0.3765,  ..., 0.4431, 0.3216, 0.3569],
         [0.3765, 0.3765, 0.3843,  ..., 0.4196, 0.3569, 0.3451],
         [0.3922, 0.3725, 0.3686,  ..., 0.3294, 0.4392, 0.3137]]])",0.40454819798469543,0.6338171
"tensor([[[0.4471, 0.4549, 0.4510,  ..., 0.4627, 0.4431, 0.4471],
         [0.4471, 0.4549, 0.4510,  ..., 0.4314, 0.4549, 0.4196],
         [0.4549, 0.4588, 0.4510,  ..., 0.4314, 0.4353, 0.4235],
         ...,
         [0.4353, 0.5020, 0.4941,  ..., 0.4745, 0.4392, 0.4627],
         [0.4941, 0.4627, 0.4627,  ..., 0.4824, 0.4353, 0.4627],
         [0.4549, 0.4863, 0.4863,  ..., 0.4627, 0.4706, 0.4353]]])",0.43102389574050903,0.70807505
"tensor([[[0.4078, 0.4078, 0.4118,  ..., 0.4235, 0.4157, 0.4078],
         [0.4078, 0.4118, 0.4157,  ..., 0.4235, 0.4118, 0.4118],
         [0.4078, 0.4157, 0.4157,  ..., 0.4196, 0.4000, 0.3882],
         ...,
         [0.4275, 0.4706, 0.4353,  ..., 0.4235, 0.4235, 0.4078],
         [0.4392, 0.4078, 0.4314,  ..., 0.4157, 0.4275, 0.4157],
         [0.4314, 0.4510, 0.4314,  ..., 0.4039, 0.4275, 0.4235]]])",0.4116378128528595,0.6152423
"tensor([[[0.4941, 0.4863, 0.4902,  ..., 0.4863, 0.5059, 0.4941],
         [0.4863, 0.4902, 0.4902,  ..., 0.5020, 0.4902, 0.4784],
         [0.4863, 0.4941, 0.4902,  ..., 0.5020, 0.4824, 0.4392],
         ...,
         [0.5451, 0.5098, 0.4941,  ..., 0.4863, 0.5098, 0.4980],
         [0.4902, 0.5098, 0.5020,  ..., 0.4902, 0.5059, 0.4980],
         [0.5216, 0.4784, 0.5137,  ..., 0.5020, 0.4824, 0.5098]]])",0.30961373448371887,0.55752754
"tensor([[[0.4353, 0.4275, 0.4314,  ..., 0.4588, 0.4431, 0.4353],
         [0.4353, 0.4314, 0.4353,  ..., 0.4275, 0.4549, 0.4510],
         [0.4353, 0.4314, 0.4431,  ..., 0.4235, 0.4471, 0.4431],
         ...,
         [0.4157, 0.4392, 0.4510,  ..., 0.4431, 0.4471, 0.4471],
         [0.4549, 0.4353, 0.4196,  ..., 0.4235, 0.4353, 0.4353],
         [0.4314, 0.4353, 0.4353,  ..., 0.4275, 0.4510, 0.4353]]])",0.30099883675575256,0.4593612
"tensor([[[0.4745, 0.4627, 0.4588,  ..., 0.4745, 0.4706, 0.4667],
         [0.4745, 0.4627, 0.4667,  ..., 0.4784, 0.4745, 0.4667],
         [0.4706, 0.4667, 0.4706,  ..., 0.4745, 0.4706, 0.4627],
         ...,
         [0.4745, 0.4627, 0.4667,  ..., 0.4588, 0.4667, 0.4706],
         [0.4627, 0.4706, 0.4627,  ..., 0.4706, 0.4706, 0.4627],
         [0.4627, 0.4745, 0.4667,  ..., 0.4706, 0.4706, 0.4627]]])",0.45995014905929565,0.50749135
"tensor([[[0.5333, 0.5333, 0.5294,  ..., 0.5333, 0.5255, 0.5333],
         [0.5294, 0.5333, 0.5333,  ..., 0.5255, 0.5333, 0.5294],
         [0.5412, 0.5294, 0.5255,  ..., 0.5216, 0.5176, 0.5216],
         ...,
         [0.5412, 0.5412, 0.5412,  ..., 0.5255, 0.5294, 0.5294],
         [0.5333, 0.5373, 0.5294,  ..., 0.5255, 0.5294, 0.5294],
         [0.5333, 0.5333, 0.5333,  ..., 0.5294, 0.5294, 0.5255]]])",0.4192711114883423,0.4652799
"tensor([[[0.4667, 0.4667, 0.4588,  ..., 0.4627, 0.4627, 0.4627],
         [0.4549, 0.4627, 0.4549,  ..., 0.4549, 0.4627, 0.4667],
         [0.4667, 0.4706, 0.4549,  ..., 0.4510, 0.4549, 0.4588],
         ...,
         [0.4667, 0.4745, 0.4667,  ..., 0.4549, 0.4549, 0.4667],
         [0.4627, 0.4549, 0.4588,  ..., 0.4549, 0.4588, 0.4706],
         [0.4627, 0.4627, 0.4627,  ..., 0.4588, 0.4627, 0.4627]]])",0.442621111869812,0.46560848
"tensor([[[0.4980, 0.4902, 0.4980,  ..., 0.4902, 0.5020, 0.4980],
         [0.4941, 0.4980, 0.4980,  ..., 0.4902, 0.4863, 0.4824],
         [0.4863, 0.4941, 0.4863,  ..., 0.4824, 0.4902, 0.5020],
         ...,
         [0.5020, 0.4941, 0.5020,  ..., 0.4941, 0.4941, 0.4980],
         [0.4980, 0.4902, 0.5020,  ..., 0.4980, 0.4941, 0.4941],
         [0.4980, 0.4863, 0.4941,  ..., 0.4902, 0.4980, 0.5059]]])",0.3076127767562866,0.46775502
"tensor([[[0.4471, 0.4431, 0.4275,  ..., 0.4314, 0.4275, 0.4353],
         [0.4392, 0.4392, 0.4353,  ..., 0.4235, 0.4275, 0.4353],
         [0.4392, 0.4392, 0.4314,  ..., 0.4392, 0.4510, 0.4549],
         ...,
         [0.4314, 0.4314, 0.4314,  ..., 0.4392, 0.4392, 0.4392],
         [0.4353, 0.4431, 0.4392,  ..., 0.4392, 0.4392, 0.4392],
         [0.4275, 0.4353, 0.4510,  ..., 0.4471, 0.4471, 0.4392]]])",0.3753770887851715,0.51063114
"tensor([[[0.5725, 0.5725, 0.5373,  ..., 0.5608, 0.5647, 0.5686],
         [0.5686, 0.5961, 0.5765,  ..., 0.5608, 0.5725, 0.5922],
         [0.5686, 0.5647, 0.5529,  ..., 0.5922, 0.6000, 0.5804],
         ...,
         [0.5529, 0.5765, 0.5647,  ..., 0.5725, 0.5765, 0.5765],
         [0.5608, 0.5725, 0.5725,  ..., 0.5765, 0.5725, 0.5686],
         [0.5608, 0.5569, 0.5882,  ..., 0.5686, 0.5725, 0.5804]]])",0.3596768379211426,0.4918329
"tensor([[[0.5490, 0.5020, 0.4902,  ..., 0.5137, 0.5176, 0.5098],
         [0.5137, 0.5255, 0.5451,  ..., 0.5059, 0.5255, 0.5373],
         [0.5176, 0.4902, 0.4863,  ..., 0.5216, 0.5294, 0.5451],
         ...,
         [0.5255, 0.5176, 0.5098,  ..., 0.5176, 0.5216, 0.5333],
         [0.5059, 0.5176, 0.5059,  ..., 0.5137, 0.5176, 0.5255],
         [0.5059, 0.5216, 0.5059,  ..., 0.5098, 0.5216, 0.5255]]])",0.30831846594810486,0.45555013
"tensor([[[0.5922, 0.5686, 0.5490,  ..., 0.5686, 0.5922, 0.5882],
         [0.5608, 0.6118, 0.6196,  ..., 0.5804, 0.5882, 0.5882],
         [0.5608, 0.5137, 0.5216,  ..., 0.5765, 0.5922, 0.5922],
         ...,
         [0.5765, 0.5843, 0.5882,  ..., 0.5686, 0.5804, 0.5843],
         [0.5686, 0.5765, 0.5725,  ..., 0.5647, 0.5686, 0.5765],
         [0.5569, 0.5725, 0.5686,  ..., 0.5686, 0.5843, 0.5843]]])",0.2976304888725281,0.4343324
"tensor([[[0.4353, 0.4627, 0.4588,  ..., 0.4706, 0.4627, 0.4667],
         [0.4431, 0.4353, 0.4431,  ..., 0.4667, 0.4784, 0.4706],
         [0.4588, 0.4471, 0.4549,  ..., 0.4588, 0.4627, 0.4588],
         ...,
         [0.4549, 0.4510, 0.4627,  ..., 0.4627, 0.4706, 0.4627],
         [0.4471, 0.4784, 0.4627,  ..., 0.4706, 0.4627, 0.4627],
         [0.4784, 0.4588, 0.4627,  ..., 0.4627, 0.4784, 0.4706]]])",0.2606462240219116,0.39555377
"tensor([[[0.4902, 0.4667, 0.4667,  ..., 0.4510, 0.4431, 0.4745],
         [0.4745, 0.4824, 0.4902,  ..., 0.4706, 0.4902, 0.4784],
         [0.4549, 0.4667, 0.4784,  ..., 0.4784, 0.4588, 0.4667],
         ...,
         [0.4706, 0.4784, 0.4902,  ..., 0.4588, 0.4745, 0.4667],
         [0.4745, 0.4549, 0.4549,  ..., 0.4510, 0.4314, 0.4431],
         [0.4510, 0.4588, 0.4824,  ..., 0.5020, 0.5020, 0.4667]]])",0.2447049915790558,0.38729122
"tensor([[[0.4902, 0.4941, 0.4784,  ..., 0.4941, 0.4784, 0.4706],
         [0.4941, 0.4784, 0.4824,  ..., 0.4706, 0.4784, 0.4980],
         [0.4902, 0.5098, 0.5137,  ..., 0.4902, 0.5059, 0.5020],
         ...,
         [0.4549, 0.4824, 0.5059,  ..., 0.4667, 0.4667, 0.4745],
         [0.4863, 0.4784, 0.4784,  ..., 0.4667, 0.4824, 0.4784],
         [0.4863, 0.4902, 0.4824,  ..., 0.4627, 0.4588, 0.4588]]])",0.2544713616371155,0.39070964
"tensor([[[0.5176, 0.5059, 0.5098,  ..., 0.5176, 0.5137, 0.5020],
         [0.5098, 0.5216, 0.5216,  ..., 0.5059, 0.5059, 0.5216],
         [0.5176, 0.5216, 0.5176,  ..., 0.5176, 0.5412, 0.5333],
         ...,
         [0.4902, 0.5020, 0.5098,  ..., 0.5098, 0.5176, 0.5216],
         [0.4902, 0.5098, 0.5137,  ..., 0.5020, 0.5059, 0.5059],
         [0.5176, 0.5059, 0.5098,  ..., 0.5059, 0.5059, 0.5020]]])",0.3399517834186554,0.4861271
"tensor([[[0.4039, 0.3922, 0.3882,  ..., 0.3961, 0.3882, 0.3961],
         [0.4118, 0.4157, 0.4078,  ..., 0.3882, 0.4000, 0.4078],
         [0.3961, 0.3961, 0.4118,  ..., 0.4039, 0.4078, 0.4118],
         ...,
         [0.3882, 0.3882, 0.3765,  ..., 0.4000, 0.4078, 0.4157],
         [0.3725, 0.3765, 0.4039,  ..., 0.3804, 0.3882, 0.3922],
         [0.4000, 0.4078, 0.4235,  ..., 0.3765, 0.3765, 0.3804]]])",0.29285183548927307,0.4610742
"tensor([[[0.5020, 0.4784, 0.4588,  ..., 0.4941, 0.4549, 0.4588],
         [0.4824, 0.4980, 0.4980,  ..., 0.4588, 0.4902, 0.4824],
         [0.4706, 0.4824, 0.4784,  ..., 0.4784, 0.4706, 0.4745],
         ...,
         [0.4549, 0.4431, 0.4706,  ..., 0.4902, 0.5059, 0.5137],
         [0.4745, 0.4941, 0.4745,  ..., 0.4039, 0.4157, 0.4588],
         [0.4627, 0.4745, 0.5137,  ..., 0.4824, 0.4824, 0.4353]]])",0.19821570813655853,0.3902706
"tensor([[[0.4196, 0.4078, 0.4000,  ..., 0.4314, 0.4235, 0.4353],
         [0.4314, 0.4235, 0.4157,  ..., 0.4235, 0.4392, 0.4392],
         [0.4275, 0.4353, 0.4353,  ..., 0.4275, 0.4196, 0.4275],
         ...,
         [0.4118, 0.4157, 0.4431,  ..., 0.4235, 0.4314, 0.4353],
         [0.4235, 0.4353, 0.4078,  ..., 0.4039, 0.4039, 0.4235],
         [0.4039, 0.4078, 0.4314,  ..., 0.4314, 0.4549, 0.4431]]])",0.27026432752609253,0.410186
"tensor([[[0.4941, 0.4902, 0.4745,  ..., 0.4980, 0.5098, 0.4980],
         [0.5059, 0.4902, 0.4863,  ..., 0.5137, 0.5137, 0.5176],
         [0.5059, 0.4980, 0.5059,  ..., 0.5098, 0.5176, 0.5216],
         ...,
         [0.4824, 0.5098, 0.5176,  ..., 0.4784, 0.4941, 0.5255],
         [0.5137, 0.5098, 0.4902,  ..., 0.5255, 0.5216, 0.4980],
         [0.4863, 0.4824, 0.4784,  ..., 0.4980, 0.5255, 0.5490]]])",0.29329997301101685,0.39977473
"tensor([[[0.4157, 0.4000, 0.4314,  ..., 0.4510, 0.4510, 0.4353],
         [0.4275, 0.4078, 0.4078,  ..., 0.4392, 0.4549, 0.4549],
         [0.4353, 0.4392, 0.4196,  ..., 0.4510, 0.4549, 0.4471],
         ...,
         [0.4196, 0.4039, 0.4039,  ..., 0.5098, 0.4627, 0.4471],
         [0.4000, 0.4392, 0.4275,  ..., 0.4196, 0.4824, 0.5255],
         [0.4196, 0.4196, 0.4118,  ..., 0.3961, 0.3922, 0.3961]]])",0.25613898038864136,0.3679836
"tensor([[[0.3804, 0.4549, 0.4745,  ..., 0.4588, 0.4588, 0.4510],
         [0.4039, 0.4196, 0.4902,  ..., 0.4549, 0.4549, 0.4627],
         [0.4353, 0.4157, 0.4824,  ..., 0.4588, 0.4706, 0.4510],
         ...,
         [0.4431, 0.4078, 0.3647,  ..., 0.5098, 0.5216, 0.4980],
         [0.3961, 0.4118, 0.4549,  ..., 0.3608, 0.4078, 0.4706],
         [0.4588, 0.4157, 0.4784,  ..., 0.4431, 0.4157, 0.3686]]])",0.29618558287620544,0.4272959
"tensor([[[0.4627, 0.4627, 0.4118,  ..., 0.4471, 0.4510, 0.4510],
         [0.3961, 0.4941, 0.4392,  ..., 0.4510, 0.4549, 0.4588],
         [0.3922, 0.4902, 0.4784,  ..., 0.4588, 0.4627, 0.4588],
         ...,
         [0.4118, 0.3961, 0.4549,  ..., 0.4353, 0.4980, 0.5373],
         [0.4118, 0.3843, 0.4745,  ..., 0.3922, 0.3961, 0.4235],
         [0.3490, 0.4784, 0.5490,  ..., 0.4275, 0.4549, 0.4392]]])",0.23183318972587585,0.38281456
"tensor([[[0.4784, 0.4157, 0.4745,  ..., 0.4314, 0.4706, 0.4745],
         [0.4706, 0.4510, 0.4392,  ..., 0.4667, 0.4392, 0.4392],
         [0.4431, 0.4980, 0.4157,  ..., 0.4275, 0.4588, 0.4627],
         ...,
         [0.4392, 0.4353, 0.4235,  ..., 0.3961, 0.4078, 0.4510],
         [0.3569, 0.4157, 0.4471,  ..., 0.4235, 0.4353, 0.4353],
         [0.3843, 0.5294, 0.4667,  ..., 0.4235, 0.4510, 0.4392]]])",0.21457427740097046,0.48686886
"tensor([[[0.4980, 0.5176, 0.5686,  ..., 0.5176, 0.5176, 0.5294],
         [0.4863, 0.5255, 0.5647,  ..., 0.5176, 0.5216, 0.5176],
         [0.5529, 0.5176, 0.5373,  ..., 0.5098, 0.5176, 0.5412],
         ...,
         [0.4980, 0.5412, 0.4471,  ..., 0.5216, 0.5059, 0.5059],
         [0.5176, 0.4941, 0.5255,  ..., 0.5176, 0.5333, 0.5490],
         [0.5882, 0.5608, 0.5529,  ..., 0.4824, 0.4824, 0.5098]]])",0.21335649490356445,0.5064837
"tensor([[[0.3804, 0.4314, 0.3490,  ..., 0.3961, 0.3843, 0.3882],
         [0.3765, 0.4314, 0.3647,  ..., 0.3843, 0.3961, 0.4039],
         [0.3765, 0.3961, 0.4353,  ..., 0.4078, 0.4118, 0.3882],
         ...,
         [0.4078, 0.3882, 0.3647,  ..., 0.3843, 0.3922, 0.4000],
         [0.3804, 0.3765, 0.4118,  ..., 0.3961, 0.4000, 0.4000],
         [0.3647, 0.3686, 0.4745,  ..., 0.3843, 0.3922, 0.4118]]])",0.3411264419555664,0.5457305
"tensor([[[0.5608, 0.4000, 0.4627,  ..., 0.4431, 0.4471, 0.4510],
         [0.5059, 0.4784, 0.4157,  ..., 0.4510, 0.4549, 0.4627],
         [0.4431, 0.5451, 0.3843,  ..., 0.4588, 0.4706, 0.4510],
         ...,
         [0.4510, 0.4078, 0.5373,  ..., 0.4275, 0.4235, 0.4471],
         [0.4471, 0.4745, 0.4627,  ..., 0.4627, 0.4863, 0.4667],
         [0.4157, 0.5255, 0.3882,  ..., 0.4784, 0.4745, 0.4667]]])",0.2092123180627823,0.5090879
"tensor([[[0.5333, 0.4431, 0.5020,  ..., 0.4784, 0.4471, 0.4588],
         [0.5529, 0.4667, 0.4863,  ..., 0.4471, 0.4510, 0.4588],
         [0.5176, 0.5137, 0.4392,  ..., 0.4392, 0.4902, 0.5020],
         ...,
         [0.4784, 0.4824, 0.5216,  ..., 0.4471, 0.4549, 0.4510],
         [0.4824, 0.5176, 0.4431,  ..., 0.4863, 0.4941, 0.4902],
         [0.4902, 0.5098, 0.4235,  ..., 0.4863, 0.5176, 0.5255]]])",0.2140641212463379,0.3840111
"tensor([[[0.4627, 0.4118, 0.5216,  ..., 0.4078, 0.4588, 0.4431],
         [0.5490, 0.4157, 0.4824,  ..., 0.4078, 0.4078, 0.4235],
         [0.5176, 0.4706, 0.4196,  ..., 0.4000, 0.4235, 0.4471],
         ...,
         [0.4588, 0.4824, 0.4353,  ..., 0.4667, 0.4549, 0.4627],
         [0.4235, 0.5294, 0.4039,  ..., 0.4902, 0.4510, 0.4745],
         [0.4902, 0.4980, 0.3529,  ..., 0.5059, 0.4667, 0.4510]]])",0.21394874155521393,0.361323
"tensor([[[0.4392, 0.5176, 0.5373,  ..., 0.4784, 0.4353, 0.5020],
         [0.5412, 0.4745, 0.5412,  ..., 0.4588, 0.4902, 0.4824],
         [0.5843, 0.4745, 0.5255,  ..., 0.4706, 0.4471, 0.4588],
         ...,
         [0.5255, 0.5686, 0.4471,  ..., 0.5137, 0.4902, 0.5255],
         [0.5020, 0.5294, 0.4471,  ..., 0.5412, 0.5059, 0.5098],
         [0.5490, 0.4745, 0.4941,  ..., 0.5255, 0.4941, 0.4941]]])",0.23346538841724396,0.52616036
"tensor([[[0.4314, 0.5137, 0.4863,  ..., 0.4706, 0.4353, 0.4863],
         [0.4706, 0.4902, 0.5020,  ..., 0.4745, 0.4431, 0.4510],
         [0.5569, 0.4627, 0.5176,  ..., 0.4275, 0.4471, 0.4745],
         ...,
         [0.5020, 0.5373, 0.4196,  ..., 0.5294, 0.4706, 0.4980],
         [0.5137, 0.4824, 0.4706,  ..., 0.5137, 0.5020, 0.4784],
         [0.5686, 0.4353, 0.4902,  ..., 0.4588, 0.5098, 0.4588]]])",0.23587070405483246,0.52345556
"tensor([[[0.4902, 0.5216, 0.5490,  ..., 0.4784, 0.5137, 0.4863],
         [0.5608, 0.4941, 0.5647,  ..., 0.4941, 0.5255, 0.4667],
         [0.5843, 0.5216, 0.5373,  ..., 0.5176, 0.4667, 0.4863],
         ...,
         [0.4902, 0.5412, 0.5059,  ..., 0.5059, 0.5333, 0.5137],
         [0.5333, 0.5843, 0.4588,  ..., 0.5569, 0.5294, 0.5608],
         [0.5569, 0.5216, 0.5294,  ..., 0.5843, 0.4745, 0.5373]]])",0.22133000195026398,0.47909552
"tensor([[[0.4353, 0.4353, 0.4549,  ..., 0.4627, 0.4392, 0.4078],
         [0.4471, 0.4353, 0.4627,  ..., 0.4118, 0.4353, 0.4510],
         [0.4588, 0.4471, 0.4471,  ..., 0.4471, 0.4549, 0.4078],
         ...,
         [0.4784, 0.4941, 0.4353,  ..., 0.4588, 0.4353, 0.4588],
         [0.4549, 0.4549, 0.4392,  ..., 0.4706, 0.4431, 0.4627],
         [0.4510, 0.4706, 0.4510,  ..., 0.4471, 0.4588, 0.4392]]])",0.2779163420200348,0.48703194
"tensor([[[0.4314, 0.4000, 0.4627,  ..., 0.4627, 0.4549, 0.3569],
         [0.4549, 0.4000, 0.4510,  ..., 0.4627, 0.4157, 0.3765],
         [0.4314, 0.4353, 0.4039,  ..., 0.4667, 0.4000, 0.3961],
         ...,
         [0.4706, 0.4471, 0.4588,  ..., 0.4314, 0.4745, 0.4039],
         [0.4157, 0.4549, 0.4196,  ..., 0.4314, 0.4706, 0.4510],
         [0.4314, 0.4824, 0.4431,  ..., 0.4275, 0.4588, 0.4902]]])",0.24867667257785797,0.3771295
"tensor([[[0.4431, 0.4039, 0.4941,  ..., 0.4157, 0.5255, 0.4549],
         [0.4824, 0.4118, 0.4431,  ..., 0.5098, 0.4980, 0.3922],
         [0.4549, 0.4471, 0.3882,  ..., 0.5216, 0.4235, 0.3412],
         ...,
         [0.5294, 0.4667, 0.4510,  ..., 0.4392, 0.5294, 0.4667],
         [0.4627, 0.5176, 0.4667,  ..., 0.4706, 0.4863, 0.4980],
         [0.4941, 0.5176, 0.4000,  ..., 0.5137, 0.4314, 0.5294]]])",0.168203204870224,0.36512378
"tensor([[[0.4863, 0.4745, 0.4392,  ..., 0.4824, 0.5216, 0.4706],
         [0.5059, 0.4863, 0.4549,  ..., 0.5569, 0.4784, 0.5098],
         [0.5098, 0.4941, 0.4706,  ..., 0.5569, 0.4745, 0.5255],
         ...,
         [0.5098, 0.5725, 0.5765,  ..., 0.4784, 0.5490, 0.4784],
         [0.5725, 0.5490, 0.4902,  ..., 0.4824, 0.5765, 0.5020],
         [0.5255, 0.5333, 0.5294,  ..., 0.5176, 0.4863, 0.5647]]])",0.1795877069234848,0.33628583
"tensor([[[0.4627, 0.4275, 0.4431,  ..., 0.5098, 0.4392, 0.4392],
         [0.4588, 0.4275, 0.4627,  ..., 0.5020, 0.4039, 0.4431],
         [0.4471, 0.4549, 0.4353,  ..., 0.4471, 0.4471, 0.4627],
         ...,
         [0.4706, 0.4863, 0.4824,  ..., 0.4980, 0.4784, 0.4510],
         [0.4784, 0.4980, 0.4667,  ..., 0.4118, 0.5255, 0.4314],
         [0.4706, 0.4706, 0.4275,  ..., 0.4039, 0.5137, 0.4549]]])",0.2108687460422516,0.36505443
"tensor([[[0.4863, 0.5412, 0.5255,  ..., 0.5608, 0.4627, 0.5765],
         [0.5020, 0.4980, 0.5569,  ..., 0.5216, 0.5020, 0.5412],
         [0.5059, 0.4941, 0.5569,  ..., 0.4824, 0.5608, 0.5255],
         ...,
         [0.5020, 0.5490, 0.5176,  ..., 0.5686, 0.4980, 0.5765],
         [0.5412, 0.5137, 0.5216,  ..., 0.5176, 0.5569, 0.5020],
         [0.5216, 0.5059, 0.5490,  ..., 0.5137, 0.5647, 0.4588]]])",0.22959254682064056,0.38302562
"tensor([[[0.4235, 0.4745, 0.4627,  ..., 0.4902, 0.4549, 0.4902],
         [0.4314, 0.4549, 0.4706,  ..., 0.5098, 0.4235, 0.5373],
         [0.4431, 0.4392, 0.4667,  ..., 0.4863, 0.4745, 0.4980],
         ...,
         [0.4667, 0.4471, 0.4471,  ..., 0.4902, 0.5059, 0.4667],
         [0.4667, 0.4706, 0.4392,  ..., 0.4471, 0.5373, 0.4235],
         [0.4275, 0.4392, 0.4745,  ..., 0.4392, 0.4941, 0.4784]]])",0.2091950923204422,0.37065235
"tensor([[[0.4588, 0.4745, 0.4510,  ..., 0.4431, 0.5020, 0.5333],
         [0.4471, 0.4667, 0.4471,  ..., 0.4667, 0.5137, 0.4353],
         [0.4510, 0.4627, 0.4627,  ..., 0.4863, 0.5020, 0.4314],
         ...,
         [0.4667, 0.4353, 0.4667,  ..., 0.4667, 0.4941, 0.5451],
         [0.4706, 0.4588, 0.4471,  ..., 0.4863, 0.4667, 0.5373],
         [0.4627, 0.4627, 0.4667,  ..., 0.4980, 0.4588, 0.4824]]])",0.25927066802978516,0.43310893
"tensor([[[0.4392, 0.4627, 0.4471,  ..., 0.4941, 0.4275, 0.4980],
         [0.4549, 0.4431, 0.4706,  ..., 0.4706, 0.4588, 0.4706],
         [0.4588, 0.4353, 0.4627,  ..., 0.4275, 0.4941, 0.4667],
         ...,
         [0.4431, 0.4471, 0.4471,  ..., 0.4863, 0.4471, 0.5176],
         [0.4627, 0.4392, 0.4627,  ..., 0.4353, 0.4824, 0.4627],
         [0.4471, 0.5098, 0.4667,  ..., 0.4471, 0.4941, 0.4039]]])",0.23634092509746552,0.5086501
"tensor([[[0.4902, 0.5020, 0.4863,  ..., 0.4667, 0.4863, 0.4745],
         [0.4902, 0.5020, 0.4824,  ..., 0.4863, 0.4706, 0.4627],
         [0.4824, 0.4941, 0.4863,  ..., 0.4824, 0.4549, 0.4706],
         ...,
         [0.5529, 0.4980, 0.4824,  ..., 0.4784, 0.4902, 0.4745],
         [0.4706, 0.5020, 0.5176,  ..., 0.4863, 0.4941, 0.4824],
         [0.4980, 0.5020, 0.4980,  ..., 0.4863, 0.4824, 0.4980]]])",0.20386239886283875,0.48447743
"tensor([[[0.5373, 0.4980, 0.5294,  ..., 0.5059, 0.4980, 0.5176],
         [0.5451, 0.5059, 0.5176,  ..., 0.4941, 0.5137, 0.5176],
         [0.5216, 0.5255, 0.4980,  ..., 0.5098, 0.5059, 0.4706],
         ...,
         [0.4510, 0.5020, 0.5608,  ..., 0.5098, 0.5059, 0.5333],
         [0.5137, 0.5490, 0.5137,  ..., 0.5255, 0.5137, 0.5137],
         [0.5059, 0.5529, 0.5020,  ..., 0.5176, 0.5176, 0.5020]]])",0.27306827902793884,0.5470971
"tensor([[[0.4980, 0.4784, 0.4941,  ..., 0.4745, 0.4745, 0.4667],
         [0.5098, 0.4784, 0.4941,  ..., 0.4824, 0.4941, 0.4706],
         [0.4941, 0.5020, 0.4784,  ..., 0.4941, 0.4588, 0.4627],
         ...,
         [0.4745, 0.4549, 0.4784,  ..., 0.4745, 0.4941, 0.4863],
         [0.4510, 0.5255, 0.5176,  ..., 0.4784, 0.4980, 0.4902],
         [0.5216, 0.5373, 0.4824,  ..., 0.4824, 0.4863, 0.4980]]])",0.3231472074985504,0.5702031
"tensor([[[0.3725, 0.3725, 0.3569,  ..., 0.3608, 0.3686, 0.3451],
         [0.3725, 0.3686, 0.3647,  ..., 0.3647, 0.3569, 0.3451],
         [0.3725, 0.3686, 0.3725,  ..., 0.3686, 0.3608, 0.3412],
         ...,
         [0.3647, 0.3412, 0.3373,  ..., 0.3608, 0.3725, 0.3647],
         [0.3451, 0.3922, 0.4275,  ..., 0.3647, 0.3686, 0.3725],
         [0.4549, 0.4196, 0.3686,  ..., 0.3725, 0.3608, 0.3804]]])",0.29419127106666565,0.55617684
"tensor([[[0.4706, 0.4706, 0.4784,  ..., 0.4824, 0.4471, 0.4471],
         [0.4706, 0.4745, 0.4784,  ..., 0.4745, 0.4275, 0.4392],
         [0.4745, 0.4745, 0.4745,  ..., 0.4392, 0.4706, 0.5059],
         ...,
         [0.4510, 0.4549, 0.4745,  ..., 0.4824, 0.4627, 0.4471],
         [0.4745, 0.4941, 0.4941,  ..., 0.4627, 0.4824, 0.4510],
         [0.5020, 0.4863, 0.4784,  ..., 0.4588, 0.4863, 0.4588]]])",0.29412585496902466,0.5652282
"tensor([[[0.4314, 0.4353, 0.4196,  ..., 0.4157, 0.4196, 0.4235],
         [0.4353, 0.4392, 0.4314,  ..., 0.4196, 0.4196, 0.4431],
         [0.4275, 0.4314, 0.4314,  ..., 0.4314, 0.4275, 0.4314],
         ...,
         [0.4314, 0.4235, 0.4392,  ..., 0.4235, 0.4353, 0.4235],
         [0.4431, 0.4235, 0.4314,  ..., 0.4314, 0.4314, 0.4275],
         [0.4275, 0.4235, 0.4275,  ..., 0.4353, 0.4314, 0.4314]]])",0.26858776807785034,0.4344241
"tensor([[[0.4745, 0.4627, 0.3961,  ..., 0.4706, 0.4824, 0.4667],
         [0.4824, 0.4863, 0.4353,  ..., 0.4706, 0.4745, 0.4902],
         [0.4627, 0.4627, 0.4549,  ..., 0.4784, 0.4863, 0.4745],
         ...,
         [0.4706, 0.4784, 0.4784,  ..., 0.4745, 0.4784, 0.4784],
         [0.4627, 0.4667, 0.4706,  ..., 0.4824, 0.4863, 0.4667],
         [0.4627, 0.4745, 0.4706,  ..., 0.4745, 0.4667, 0.4706]]])",0.26421305537223816,0.42720422
"tensor([[[0.4627, 0.4980, 0.5294,  ..., 0.4784, 0.4784, 0.4941],
         [0.4471, 0.4039, 0.5569,  ..., 0.4863, 0.5020, 0.5137],
         [0.4392, 0.4000, 0.4863,  ..., 0.5020, 0.4863, 0.4784],
         ...,
         [0.4863, 0.4667, 0.4157,  ..., 0.4863, 0.4902, 0.4863],
         [0.4745, 0.4745, 0.4039,  ..., 0.4824, 0.4824, 0.4784],
         [0.4627, 0.4549, 0.4627,  ..., 0.4745, 0.4824, 0.4784]]])",0.27323687076568604,0.4331817
"tensor([[[0.5373, 0.4941, 0.5216,  ..., 0.4863, 0.4980, 0.5137],
         [0.4627, 0.4902, 0.4627,  ..., 0.5059, 0.5098, 0.4941],
         [0.4510, 0.5333, 0.4627,  ..., 0.4980, 0.4745, 0.4784],
         ...,
         [0.4745, 0.4471, 0.5216,  ..., 0.4902, 0.4863, 0.4824],
         [0.4431, 0.4784, 0.5059,  ..., 0.4863, 0.4863, 0.4902],
         [0.4275, 0.5176, 0.4745,  ..., 0.4863, 0.4863, 0.4863]]])",0.38100820779800415,0.4797418
"tensor([[[0.4706, 0.5020, 0.4980,  ..., 0.4941, 0.4902, 0.4863],
         [0.4588, 0.4588, 0.4667,  ..., 0.4863, 0.4863, 0.4902],
         [0.4588, 0.4863, 0.4902,  ..., 0.4706, 0.4706, 0.4745],
         ...,
         [0.5059, 0.4667, 0.4784,  ..., 0.4784, 0.4784, 0.4863],
         [0.4941, 0.4627, 0.4824,  ..., 0.4784, 0.4784, 0.4824],
         [0.4745, 0.4745, 0.4863,  ..., 0.4706, 0.4784, 0.4824]]])",0.30712297558784485,0.4472469
"tensor([[[0.4902, 0.4902, 0.4863,  ..., 0.4745, 0.4745, 0.4824],
         [0.4824, 0.4824, 0.4902,  ..., 0.4824, 0.5137, 0.5176],
         [0.4902, 0.4902, 0.4863,  ..., 0.5059, 0.5059, 0.4980],
         ...,
         [0.4941, 0.4902, 0.4784,  ..., 0.4824, 0.4902, 0.4863],
         [0.4784, 0.4902, 0.4941,  ..., 0.4784, 0.4902, 0.4941],
         [0.4824, 0.4980, 0.4863,  ..., 0.4941, 0.4863, 0.4784]]])",0.28657999634742737,0.4262628
"tensor([[[0.4745, 0.4706, 0.4549,  ..., 0.4784, 0.4627, 0.4549],
         [0.4549, 0.4706, 0.4745,  ..., 0.4588, 0.4745, 0.4824],
         [0.4745, 0.4706, 0.4627,  ..., 0.4784, 0.4863, 0.4863],
         ...,
         [0.4745, 0.4706, 0.4706,  ..., 0.4706, 0.4706, 0.4667],
         [0.4706, 0.4667, 0.4745,  ..., 0.4667, 0.4706, 0.4667],
         [0.4745, 0.4667, 0.4745,  ..., 0.4667, 0.4706, 0.4667]]])",0.37426018714904785,0.50915515
"tensor([[[0.4627, 0.4588, 0.4588,  ..., 0.4588, 0.4588, 0.4549],
         [0.4627, 0.4588, 0.4627,  ..., 0.4549, 0.4588, 0.4706],
         [0.4627, 0.4627, 0.4588,  ..., 0.4667, 0.4706, 0.4549],
         ...,
         [0.4588, 0.4627, 0.4627,  ..., 0.4627, 0.4588, 0.4588],
         [0.4588, 0.4627, 0.4588,  ..., 0.4588, 0.4588, 0.4588],
         [0.4588, 0.4627, 0.4627,  ..., 0.4588, 0.4588, 0.4588]]])",0.7226123213768005,0.7803627
"tensor([[[0.4549, 0.4471, 0.4431,  ..., 0.4392, 0.4392, 0.4392],
         [0.4510, 0.4431, 0.4471,  ..., 0.4588, 0.4549, 0.4471],
         [0.4471, 0.4431, 0.4471,  ..., 0.4471, 0.4353, 0.4392],
         ...,
         [0.4471, 0.4471, 0.4471,  ..., 0.4431, 0.4392, 0.4353],
         [0.4510, 0.4510, 0.4471,  ..., 0.4431, 0.4431, 0.4431],
         [0.4471, 0.4431, 0.4431,  ..., 0.4431, 0.4431, 0.4431]]])",0.5382054448127747,0.57610196
"tensor([[[0.5922, 0.6000, 0.5882,  ..., 0.5608, 0.5725, 0.5686],
         [0.5804, 0.5843, 0.5765,  ..., 0.5804, 0.5725, 0.5686],
         [0.5922, 0.5922, 0.5765,  ..., 0.5804, 0.5843, 0.5843],
         ...,
         [0.5765, 0.5804, 0.5961,  ..., 0.5804, 0.5725, 0.5569],
         [0.5804, 0.6000, 0.5922,  ..., 0.5765, 0.5725, 0.5804],
         [0.5843, 0.5843, 0.5765,  ..., 0.5725, 0.5804, 0.5843]]])",0.31278929114341736,0.50777984
"tensor([[[0.6235, 0.5882, 0.5412,  ..., 0.5765, 0.5490, 0.5569],
         [0.5765, 0.5686, 0.5804,  ..., 0.5333, 0.5412, 0.5451],
         [0.5843, 0.5765, 0.5765,  ..., 0.5608, 0.5490, 0.5529],
         ...,
         [0.5529, 0.5725, 0.5725,  ..., 0.5882, 0.5961, 0.5765],
         [0.5804, 0.6000, 0.5804,  ..., 0.5176, 0.5137, 0.5490],
         [0.5922, 0.6039, 0.5765,  ..., 0.5608, 0.5843, 0.5490]]])",0.1947353631258011,0.39105806
"tensor([[[0.4039, 0.4196, 0.3961,  ..., 0.3725, 0.3843, 0.3843],
         [0.3843, 0.3765, 0.3804,  ..., 0.3686, 0.3725, 0.3647],
         [0.3843, 0.3882, 0.3922,  ..., 0.3686, 0.3725, 0.3686],
         ...,
         [0.3647, 0.3765, 0.3765,  ..., 0.3608, 0.3961, 0.4510],
         [0.3922, 0.3843, 0.3922,  ..., 0.3451, 0.3647, 0.3647],
         [0.3804, 0.4157, 0.4196,  ..., 0.4039, 0.3529, 0.3333]]])",0.2970817983150482,0.4619254
"tensor([[[0.4784, 0.4902, 0.5020,  ..., 0.4863, 0.4745, 0.4784],
         [0.4902, 0.4902, 0.4784,  ..., 0.4706, 0.4784, 0.4588],
         [0.4745, 0.4863, 0.4941,  ..., 0.4588, 0.4745, 0.4863],
         ...,
         [0.4627, 0.4706, 0.4941,  ..., 0.5216, 0.5176, 0.4745],
         [0.5020, 0.5137, 0.5137,  ..., 0.4549, 0.4667, 0.4980],
         [0.5176, 0.4627, 0.4980,  ..., 0.5098, 0.4863, 0.4627]]])",0.25968343019485474,0.4632275
"tensor([[[0.4431, 0.4431, 0.4431,  ..., 0.4275, 0.4471, 0.4314],
         [0.4431, 0.4235, 0.4196,  ..., 0.4314, 0.4118, 0.4039],
         [0.4078, 0.4353, 0.4431,  ..., 0.4000, 0.4039, 0.4510],
         ...,
         [0.3686, 0.3922, 0.4314,  ..., 0.3804, 0.4118, 0.4431],
         [0.4314, 0.4431, 0.4588,  ..., 0.4784, 0.4510, 0.4196],
         [0.4588, 0.4627, 0.4235,  ..., 0.4235, 0.4745, 0.5020]]])",0.2736636698246002,0.38165626
"tensor([[[0.4706, 0.4706, 0.4980,  ..., 0.4667, 0.5686, 0.5529],
         [0.4784, 0.4824, 0.4902,  ..., 0.5569, 0.4745, 0.4588],
         [0.5020, 0.4745, 0.4667,  ..., 0.4431, 0.5137, 0.5373],
         ...,
         [0.4353, 0.4235, 0.4314,  ..., 0.5020, 0.5569, 0.5451],
         [0.4314, 0.4431, 0.4353,  ..., 0.4549, 0.4431, 0.4549],
         [0.4627, 0.4745, 0.4353,  ..., 0.4824, 0.4863, 0.4784]]])",0.20930059254169464,0.42878932
"tensor([[[0.4471, 0.5412, 0.4549,  ..., 0.4902, 0.5294, 0.5059],
         [0.4275, 0.4314, 0.4510,  ..., 0.4941, 0.4431, 0.4157],
         [0.4510, 0.4627, 0.5098,  ..., 0.4039, 0.4784, 0.5059],
         ...,
         [0.4078, 0.3765, 0.3647,  ..., 0.4235, 0.4588, 0.4667],
         [0.3961, 0.3765, 0.3961,  ..., 0.4196, 0.4510, 0.4471],
         [0.3451, 0.4039, 0.5020,  ..., 0.4431, 0.4196, 0.4196]]])",0.1928953230381012,0.35730684
"tensor([[[0.4353, 0.4549, 0.3961,  ..., 0.4078, 0.4275, 0.4157],
         [0.4000, 0.4549, 0.4314,  ..., 0.4157, 0.3922, 0.4000],
         [0.3804, 0.4353, 0.4667,  ..., 0.3765, 0.4353, 0.5216],
         ...,
         [0.3608, 0.3490, 0.3843,  ..., 0.4000, 0.4667, 0.4745],
         [0.3843, 0.3608, 0.4196,  ..., 0.3569, 0.3647, 0.3804],
         [0.3922, 0.4196, 0.4471,  ..., 0.4353, 0.4549, 0.4000]]])",0.2736901342868805,0.38415253
"tensor([[[0.4902, 0.5294, 0.6667,  ..., 0.4667, 0.4863, 0.4706],
         [0.4784, 0.4627, 0.4667,  ..., 0.4745, 0.4392, 0.4549],
         [0.4706, 0.5294, 0.4941,  ..., 0.4471, 0.4784, 0.5373],
         ...,
         [0.4863, 0.4784, 0.4824,  ..., 0.4706, 0.5176, 0.5725],
         [0.4784, 0.4353, 0.4627,  ..., 0.4078, 0.4471, 0.4784],
         [0.4745, 0.4667, 0.4118,  ..., 0.4549, 0.4431, 0.4235]]])",0.2217172533273697,0.50599235
"tensor([[[0.6039, 0.5373, 0.5137,  ..., 0.4863, 0.4745, 0.5020],
         [0.5098, 0.5765, 0.5686,  ..., 0.4863, 0.4980, 0.5059],
         [0.4627, 0.5176, 0.4863,  ..., 0.4784, 0.5098, 0.5294],
         ...,
         [0.5333, 0.5059, 0.5294,  ..., 0.4902, 0.5294, 0.5686],
         [0.5059, 0.4667, 0.5059,  ..., 0.4627, 0.4549, 0.4745],
         [0.4431, 0.5020, 0.4863,  ..., 0.4980, 0.5098, 0.4902]]])",0.257733553647995,0.5344764
"tensor([[[0.4431, 0.4118, 0.5569,  ..., 0.4353, 0.4902, 0.4510],
         [0.4980, 0.4392, 0.5294,  ..., 0.4510, 0.4510, 0.4667],
         [0.5529, 0.4392, 0.4235,  ..., 0.4314, 0.4667, 0.4745],
         ...,
         [0.4627, 0.5451, 0.3961,  ..., 0.3882, 0.4078, 0.4471],
         [0.4784, 0.4941, 0.3922,  ..., 0.4353, 0.4510, 0.4275],
         [0.5216, 0.4392, 0.3765,  ..., 0.4314, 0.4353, 0.4431]]])",0.19446870684623718,0.44490767
"tensor([[[0.4275, 0.4745, 0.4157,  ..., 0.4235, 0.4667, 0.4510],
         [0.3529, 0.4431, 0.4667,  ..., 0.4588, 0.4392, 0.4118],
         [0.3686, 0.3961, 0.4863,  ..., 0.4039, 0.4118, 0.4353],
         ...,
         [0.5412, 0.4196, 0.4118,  ..., 0.4275, 0.4353, 0.4157],
         [0.5804, 0.3412, 0.4196,  ..., 0.4000, 0.4039, 0.4275],
         [0.4118, 0.3765, 0.4431,  ..., 0.4588, 0.4510, 0.4157]]])",0.28308814764022827,0.4964279
"tensor([[[0.4431, 0.4549, 0.4667,  ..., 0.4314, 0.4471, 0.4706],
         [0.4863, 0.4627, 0.4431,  ..., 0.4588, 0.4667, 0.4706],
         [0.4510, 0.4784, 0.4706,  ..., 0.4627, 0.4863, 0.4588],
         ...,
         [0.4353, 0.4196, 0.4431,  ..., 0.4275, 0.4275, 0.4314],
         [0.4000, 0.4667, 0.4471,  ..., 0.4510, 0.4627, 0.4510],
         [0.4078, 0.4353, 0.4471,  ..., 0.4157, 0.4353, 0.4431]]])",0.266819030046463,0.4057733
"tensor([[[0.4627, 0.4510, 0.4627,  ..., 0.4196, 0.3922, 0.4235],
         [0.4510, 0.4745, 0.5020,  ..., 0.4157, 0.4902, 0.5059],
         [0.4824, 0.4471, 0.4588,  ..., 0.5098, 0.4627, 0.4392],
         ...,
         [0.4353, 0.4706, 0.4392,  ..., 0.4157, 0.4314, 0.4549],
         [0.4510, 0.4510, 0.4353,  ..., 0.4314, 0.4471, 0.4392],
         [0.4510, 0.4314, 0.4510,  ..., 0.3922, 0.4353, 0.4471]]])",0.21646592020988464,0.40365833
"tensor([[[0.3961, 0.4353, 0.4549,  ..., 0.4078, 0.3529, 0.4000],
         [0.4549, 0.4627, 0.4549,  ..., 0.3529, 0.4627, 0.4588],
         [0.4706, 0.4431, 0.4588,  ..., 0.4353, 0.4000, 0.3765],
         ...,
         [0.4941, 0.4824, 0.4275,  ..., 0.3961, 0.4275, 0.4510],
         [0.4549, 0.4549, 0.4235,  ..., 0.4392, 0.4196, 0.4275],
         [0.4431, 0.4314, 0.4392,  ..., 0.4118, 0.3412, 0.3961]]])",0.192168727517128,0.50247633
"tensor([[[0.5020, 0.5412, 0.5020,  ..., 0.5725, 0.5608, 0.5725],
         [0.5255, 0.4941, 0.5255,  ..., 0.6039, 0.4902, 0.5412],
         [0.5216, 0.4941, 0.5373,  ..., 0.5412, 0.5529, 0.5020],
         ...,
         [0.4588, 0.5137, 0.5216,  ..., 0.5098, 0.5412, 0.5137],
         [0.5176, 0.5686, 0.5294,  ..., 0.4588, 0.5765, 0.4706],
         [0.5725, 0.5098, 0.5765,  ..., 0.4627, 0.5176, 0.5569]]])",0.21975697576999664,0.50531024
"tensor([[[0.4039, 0.4000, 0.3725,  ..., 0.3882, 0.4353, 0.4039],
         [0.3608, 0.3765, 0.4039,  ..., 0.4471, 0.4039, 0.4039],
         [0.3529, 0.3608, 0.3725,  ..., 0.4275, 0.3843, 0.3765],
         ...,
         [0.3882, 0.3725, 0.3882,  ..., 0.3882, 0.4314, 0.3569],
         [0.4235, 0.3922, 0.4078,  ..., 0.3490, 0.4157, 0.4039],
         [0.3882, 0.3882, 0.4078,  ..., 0.3490, 0.3608, 0.4314]]])",0.3366219103336334,0.5629243
"tensor([[[0.5255, 0.5216, 0.5020,  ..., 0.5529, 0.5647, 0.5137],
         [0.5216, 0.5608, 0.5333,  ..., 0.5647, 0.5490, 0.5333],
         [0.5020, 0.5176, 0.5294,  ..., 0.5490, 0.5137, 0.5412],
         ...,
         [0.6078, 0.5020, 0.5294,  ..., 0.5451, 0.5451, 0.5059],
         [0.5333, 0.5216, 0.5412,  ..., 0.4941, 0.5412, 0.5490],
         [0.5020, 0.5020, 0.5333,  ..., 0.4588, 0.5216, 0.5373]]])",0.33278536796569824,0.54916745
"tensor([[[0.5020, 0.5020, 0.5059,  ..., 0.5255, 0.5647, 0.5529],
         [0.4863, 0.4980, 0.5098,  ..., 0.5020, 0.5843, 0.5137],
         [0.4471, 0.4824, 0.4941,  ..., 0.5255, 0.5725, 0.4941],
         ...,
         [0.6039, 0.5451, 0.5373,  ..., 0.4980, 0.5255, 0.6157],
         [0.5098, 0.4745, 0.5255,  ..., 0.5412, 0.4902, 0.5686],
         [0.4784, 0.5176, 0.5529,  ..., 0.4902, 0.5216, 0.5451]]])",0.19463934004306793,0.49428195
"tensor([[[0.5373, 0.5490, 0.5686,  ..., 0.5804, 0.5686, 0.5765],
         [0.5490, 0.5529, 0.5412,  ..., 0.5843, 0.5961, 0.6000],
         [0.5137, 0.5294, 0.5373,  ..., 0.5804, 0.5725, 0.5804],
         ...,
         [0.6196, 0.5882, 0.5373,  ..., 0.5373, 0.5529, 0.5961],
         [0.4627, 0.5294, 0.6039,  ..., 0.5373, 0.5686, 0.5529],
         [0.5961, 0.6000, 0.5373,  ..., 0.5529, 0.5686, 0.5490]]])",0.1851838380098343,0.49238044
"tensor([[[0.4392, 0.4588, 0.5020,  ..., 0.5137, 0.5373, 0.4078],
         [0.4588, 0.4549, 0.4863,  ..., 0.5098, 0.4980, 0.4980],
         [0.4549, 0.4314, 0.4588,  ..., 0.5294, 0.4510, 0.6000],
         ...,
         [0.4353, 0.5373, 0.5020,  ..., 0.4706, 0.5176, 0.4078],
         [0.5216, 0.4745, 0.4431,  ..., 0.4392, 0.4549, 0.5020],
         [0.4510, 0.5020, 0.5216,  ..., 0.4863, 0.4588, 0.5020]]])",0.1867685467004776,0.36312702
"tensor([[[0.3765, 0.4431, 0.4627,  ..., 0.4784, 0.5333, 0.5294],
         [0.4353, 0.3961, 0.4549,  ..., 0.5020, 0.4863, 0.4627],
         [0.4588, 0.3922, 0.4471,  ..., 0.4667, 0.4902, 0.5216],
         ...,
         [0.3216, 0.4902, 0.4784,  ..., 0.4314, 0.4235, 0.4196],
         [0.4863, 0.5333, 0.4471,  ..., 0.4784, 0.4314, 0.4588],
         [0.5255, 0.4588, 0.5098,  ..., 0.4980, 0.4118, 0.4392]]])",0.1936386525630951,0.37582964
"tensor([[[0.4863, 0.5294, 0.5098,  ..., 0.5059, 0.5843, 0.5922],
         [0.5020, 0.5059, 0.5137,  ..., 0.5882, 0.5922, 0.5765],
         [0.5137, 0.4863, 0.5333,  ..., 0.5725, 0.5451, 0.6549],
         ...,
         [0.4510, 0.5569, 0.5373,  ..., 0.5451, 0.5451, 0.4824],
         [0.5255, 0.5373, 0.5569,  ..., 0.5373, 0.5059, 0.5529],
         [0.5490, 0.5843, 0.6667,  ..., 0.5176, 0.4784, 0.5216]]])",0.19000959396362305,0.35553038
"tensor([[[0.4431, 0.4667, 0.4980,  ..., 0.4745, 0.5373, 0.5569],
         [0.5176, 0.4549, 0.4627,  ..., 0.5725, 0.6078, 0.5294],
         [0.5373, 0.4549, 0.4667,  ..., 0.6275, 0.5529, 0.4549],
         ...,
         [0.3137, 0.4941, 0.5333,  ..., 0.4824, 0.5608, 0.5373],
         [0.4118, 0.5765, 0.4824,  ..., 0.3804, 0.5176, 0.5373],
         [0.5098, 0.5373, 0.5882,  ..., 0.3922, 0.4745, 0.5373]]])",0.20056095719337463,0.3723966
"tensor([[[0.4784, 0.4196, 0.4941,  ..., 0.4745, 0.5608, 0.3922],
         [0.5333, 0.4157, 0.4902,  ..., 0.5490, 0.4627, 0.4235],
         [0.4392, 0.4784, 0.4353,  ..., 0.5765, 0.4588, 0.5137],
         ...,
         [0.4824, 0.4471, 0.5333,  ..., 0.4157, 0.5882, 0.4510],
         [0.3529, 0.5176, 0.4314,  ..., 0.3804, 0.5412, 0.4863],
         [0.3765, 0.5373, 0.4588,  ..., 0.4157, 0.4510, 0.6039]]])",0.21801209449768066,0.3613153
"tensor([[[0.3098, 0.4667, 0.4196,  ..., 0.4353, 0.4863, 0.4275],
         [0.3490, 0.4118, 0.4588,  ..., 0.5098, 0.4314, 0.4353],
         [0.4627, 0.3529, 0.4824,  ..., 0.4667, 0.4039, 0.4510],
         ...,
         [0.5137, 0.4980, 0.3608,  ..., 0.3961, 0.4784, 0.4431],
         [0.4784, 0.4118, 0.4275,  ..., 0.3843, 0.4627, 0.4157],
         [0.5137, 0.3216, 0.4510,  ..., 0.4706, 0.4235, 0.4745]]])",0.2267267405986786,0.36927864
"tensor([[[0.5255, 0.4510, 0.5333,  ..., 0.5490, 0.4784, 0.5529],
         [0.4824, 0.4863, 0.4784,  ..., 0.4902, 0.5490, 0.5294],
         [0.4667, 0.5176, 0.4510,  ..., 0.5216, 0.5569, 0.4157],
         ...,
         [0.5765, 0.5020, 0.5176,  ..., 0.5255, 0.4706, 0.5922],
         [0.4941, 0.4863, 0.5098,  ..., 0.5608, 0.5098, 0.4863],
         [0.4941, 0.5216, 0.4353,  ..., 0.5216, 0.5451, 0.4706]]])",0.19377613067626953,0.34836915
"tensor([[[0.3647, 0.3843, 0.3843,  ..., 0.4118, 0.3686, 0.4039],
         [0.3765, 0.3686, 0.4000,  ..., 0.3882, 0.4000, 0.4118],
         [0.3725, 0.3647, 0.3882,  ..., 0.3882, 0.4196, 0.3961],
         ...,
         [0.3922, 0.3804, 0.3765,  ..., 0.4157, 0.3843, 0.4039],
         [0.3843, 0.3725, 0.3451,  ..., 0.3804, 0.3961, 0.3843],
         [0.3569, 0.3608, 0.3843,  ..., 0.3529, 0.4078, 0.3686]]])",0.37743231654167175,0.595532
"tensor([[[0.4118, 0.4431, 0.4314,  ..., 0.4353, 0.4314, 0.4510],
         [0.4314, 0.4157, 0.4706,  ..., 0.4431, 0.4706, 0.4745],
         [0.4314, 0.4118, 0.4588,  ..., 0.4549, 0.4588, 0.4667],
         ...,
         [0.4510, 0.4471, 0.4196,  ..., 0.4667, 0.4392, 0.4588],
         [0.4275, 0.4196, 0.4000,  ..., 0.4353, 0.4392, 0.4510],
         [0.4235, 0.4078, 0.4235,  ..., 0.4039, 0.4588, 0.4314]]])",0.3468329608440399,0.5712421
"tensor([[[0.4706, 0.4902, 0.4588,  ..., 0.4667, 0.4980, 0.4824],
         [0.4745, 0.4784, 0.4863,  ..., 0.4902, 0.4784, 0.5020],
         [0.4863, 0.4667, 0.4902,  ..., 0.4980, 0.4980, 0.5255],
         ...,
         [0.4627, 0.4824, 0.4667,  ..., 0.4824, 0.5020, 0.4784],
         [0.4824, 0.4588, 0.4667,  ..., 0.4863, 0.4941, 0.4824],
         [0.4902, 0.4706, 0.4902,  ..., 0.4863, 0.4824, 0.5098]]])",0.42065539956092834,0.60825515
"tensor([[[0.3804, 0.4431, 0.3882,  ..., 0.3961, 0.3922, 0.4314],
         [0.3804, 0.4039, 0.4314,  ..., 0.3922, 0.4471, 0.3647],
         [0.3843, 0.3765, 0.4549,  ..., 0.4000, 0.4157, 0.4196],
         ...,
         [0.3843, 0.3804, 0.4039,  ..., 0.4275, 0.4078, 0.4510],
         [0.4235, 0.4000, 0.3922,  ..., 0.4118, 0.4039, 0.4471],
         [0.3922, 0.3412, 0.4745,  ..., 0.4118, 0.4353, 0.4118]]])",0.2549206614494324,0.40296555
"tensor([[[0.4235, 0.4118, 0.4196,  ..., 0.4235, 0.4039, 0.4078],
         [0.4157, 0.4157, 0.4157,  ..., 0.3961, 0.4196, 0.4314],
         [0.4157, 0.4235, 0.4157,  ..., 0.4275, 0.4392, 0.4118],
         ...,
         [0.4000, 0.4157, 0.4392,  ..., 0.4353, 0.4275, 0.4471],
         [0.4314, 0.4235, 0.4118,  ..., 0.4353, 0.4314, 0.4392],
         [0.4118, 0.4000, 0.4000,  ..., 0.4392, 0.4392, 0.4275]]])",0.3282952606678009,0.5587502
"tensor([[[0.3843, 0.3922, 0.3922,  ..., 0.3804, 0.3922, 0.4000],
         [0.3843, 0.3882, 0.3882,  ..., 0.3765, 0.4000, 0.3765],
         [0.3922, 0.3843, 0.3882,  ..., 0.3804, 0.3882, 0.3412],
         ...,
         [0.3490, 0.3647, 0.3686,  ..., 0.3686, 0.3922, 0.4118],
         [0.3843, 0.3529, 0.3647,  ..., 0.3373, 0.3882, 0.4118],
         [0.3686, 0.3882, 0.3922,  ..., 0.3098, 0.3765, 0.3961]]])",0.3330093324184418,0.5554544
"tensor([[[0.4588, 0.4667, 0.4627,  ..., 0.4706, 0.4588, 0.4549],
         [0.4510, 0.4588, 0.4627,  ..., 0.4471, 0.4667, 0.4549],
         [0.4588, 0.4588, 0.4667,  ..., 0.4549, 0.4510, 0.4510],
         ...,
         [0.4353, 0.4392, 0.4745,  ..., 0.4784, 0.4549, 0.4588],
         [0.4745, 0.4510, 0.4275,  ..., 0.4745, 0.4510, 0.4784],
         [0.4078, 0.4275, 0.4863,  ..., 0.4314, 0.4784, 0.4588]]])",0.32477185130119324,0.5543847
"tensor([[[0.4863, 0.4902, 0.4745,  ..., 0.5098, 0.5412, 0.4588],
         [0.4314, 0.4588, 0.4627,  ..., 0.4745, 0.4667, 0.4549],
         [0.4235, 0.4392, 0.4353,  ..., 0.4863, 0.4941, 0.4667],
         ...,
         [0.4510, 0.4627, 0.4510,  ..., 0.4471, 0.4510, 0.4314],
         [0.4667, 0.4471, 0.4353,  ..., 0.4510, 0.4431, 0.4275],
         [0.4431, 0.4588, 0.4627,  ..., 0.4627, 0.4471, 0.4392]]])",0.26554667949676514,0.3623542
"tensor([[[0.4980, 0.5294, 0.5176,  ..., 0.5059, 0.5216, 0.4627],
         [0.5216, 0.5176, 0.5098,  ..., 0.5255, 0.5059, 0.4902],
         [0.4667, 0.5176, 0.5451,  ..., 0.5294, 0.4431, 0.4706],
         ...,
         [0.5137, 0.5137, 0.4471,  ..., 0.4784, 0.4667, 0.4902],
         [0.4824, 0.4784, 0.4941,  ..., 0.5059, 0.4706, 0.4980],
         [0.5412, 0.5216, 0.5216,  ..., 0.5098, 0.4980, 0.5059]]])",0.23257972300052643,0.3545863
"tensor([[[0.4824, 0.4941, 0.4863,  ..., 0.5020, 0.4980, 0.4706],
         [0.5059, 0.4784, 0.5020,  ..., 0.4824, 0.4627, 0.4431],
         [0.5176, 0.5098, 0.5216,  ..., 0.4627, 0.4314, 0.4549],
         ...,
         [0.4824, 0.4471, 0.4824,  ..., 0.4667, 0.4941, 0.5176],
         [0.5098, 0.4941, 0.4627,  ..., 0.4706, 0.4863, 0.4980],
         [0.4824, 0.4824, 0.4627,  ..., 0.4863, 0.4706, 0.4784]]])",0.2204863578081131,0.34645033
"tensor([[[0.4902, 0.4941, 0.4824,  ..., 0.4941, 0.4824, 0.4784],
         [0.4902, 0.4902, 0.4706,  ..., 0.4863, 0.4745, 0.4510],
         [0.5098, 0.5255, 0.5098,  ..., 0.4549, 0.4549, 0.4667],
         ...,
         [0.4941, 0.4863, 0.4784,  ..., 0.4824, 0.5216, 0.5059],
         [0.4980, 0.4863, 0.5059,  ..., 0.4863, 0.5020, 0.5216],
         [0.5216, 0.4902, 0.4745,  ..., 0.4784, 0.4667, 0.5020]]])",0.25369831919670105,0.36040926
"tensor([[[0.4588, 0.4941, 0.4431,  ..., 0.4588, 0.4667, 0.4627],
         [0.4824, 0.4471, 0.4392,  ..., 0.4549, 0.4706, 0.4235],
         [0.5216, 0.5294, 0.5294,  ..., 0.4471, 0.4510, 0.4510],
         ...,
         [0.4902, 0.4745, 0.4902,  ..., 0.4902, 0.5020, 0.4549],
         [0.4784, 0.4392, 0.4667,  ..., 0.4863, 0.5098, 0.4784],
         [0.4706, 0.4549, 0.4667,  ..., 0.4549, 0.4549, 0.4627]]])",0.23697088658809662,0.33468583
"tensor([[[0.5216, 0.4588, 0.5059,  ..., 0.4902, 0.5020, 0.4941],
         [0.5255, 0.4941, 0.5216,  ..., 0.4902, 0.5059, 0.4863],
         [0.5059, 0.5373, 0.5020,  ..., 0.4745, 0.5176, 0.4980],
         ...,
         [0.5294, 0.5294, 0.4980,  ..., 0.5137, 0.4941, 0.4706],
         [0.4745, 0.4824, 0.4745,  ..., 0.5059, 0.5216, 0.5059],
         [0.5059, 0.4980, 0.4941,  ..., 0.5098, 0.4980, 0.4824]]])",0.26383528113365173,0.37638432
"tensor([[[0.4549, 0.4549, 0.5059,  ..., 0.4588, 0.4706, 0.4667],
         [0.4824, 0.4549, 0.4824,  ..., 0.4784, 0.4980, 0.4824],
         [0.5216, 0.4784, 0.4588,  ..., 0.4627, 0.4588, 0.4667],
         ...,
         [0.5137, 0.5059, 0.4627,  ..., 0.4627, 0.4745, 0.4471],
         [0.4431, 0.4588, 0.4471,  ..., 0.4706, 0.4863, 0.4667],
         [0.4824, 0.4667, 0.4078,  ..., 0.4627, 0.4588, 0.4706]]])",0.24635009467601776,0.3805206
"tensor([[[0.4667, 0.4431, 0.5098,  ..., 0.4431, 0.4784, 0.5098],
         [0.4980, 0.4510, 0.4902,  ..., 0.5020, 0.5137, 0.4863],
         [0.5490, 0.4980, 0.4902,  ..., 0.4784, 0.4824, 0.4902],
         ...,
         [0.4706, 0.4588, 0.4745,  ..., 0.4706, 0.4667, 0.4471],
         [0.5216, 0.5137, 0.4588,  ..., 0.4745, 0.4980, 0.4784],
         [0.5020, 0.4706, 0.4627,  ..., 0.4588, 0.4784, 0.4902]]])",0.23916733264923096,0.36925495
"tensor([[[0.4157, 0.4510, 0.4588,  ..., 0.4588, 0.4431, 0.4510],
         [0.4863, 0.4471, 0.5137,  ..., 0.4588, 0.4392, 0.4314],
         [0.4549, 0.4118, 0.5020,  ..., 0.4510, 0.4510, 0.5059],
         ...,
         [0.4863, 0.4627, 0.4039,  ..., 0.4353, 0.4235, 0.4471],
         [0.4588, 0.4196, 0.4353,  ..., 0.4431, 0.4392, 0.4353],
         [0.4157, 0.4275, 0.4784,  ..., 0.4667, 0.4667, 0.4588]]])",0.22102274000644684,0.3363364
"tensor([[[0.4549, 0.4549, 0.4745,  ..., 0.4706, 0.5059, 0.4667],
         [0.4667, 0.4549, 0.4824,  ..., 0.4745, 0.4549, 0.4353],
         [0.4863, 0.4314, 0.4588,  ..., 0.4588, 0.4471, 0.4745],
         ...,
         [0.4824, 0.4667, 0.4588,  ..., 0.4745, 0.4627, 0.4627],
         [0.4902, 0.4667, 0.4745,  ..., 0.4627, 0.4471, 0.4667],
         [0.4667, 0.4392, 0.4588,  ..., 0.4745, 0.4627, 0.4667]]])",0.28885555267333984,0.37307665
"tensor([[[0.4392, 0.4784, 0.5059,  ..., 0.4784, 0.4784, 0.4980],
         [0.4549, 0.4431, 0.4902,  ..., 0.4824, 0.5020, 0.4824],
         [0.4824, 0.4392, 0.4471,  ..., 0.4745, 0.4667, 0.4549],
         ...,
         [0.4471, 0.4745, 0.4510,  ..., 0.4863, 0.4824, 0.4667],
         [0.4667, 0.4941, 0.4745,  ..., 0.4588, 0.4353, 0.4392],
         [0.4745, 0.4549, 0.4784,  ..., 0.5255, 0.4980, 0.4667]]])",0.2209322601556778,0.3857177
"tensor([[[0.4039, 0.4431, 0.4549,  ..., 0.4627, 0.4549, 0.4431],
         [0.4275, 0.4667, 0.4706,  ..., 0.4510, 0.4627, 0.4627],
         [0.4196, 0.4314, 0.4863,  ..., 0.4745, 0.4588, 0.4588],
         ...,
         [0.4275, 0.4039, 0.4235,  ..., 0.4706, 0.4706, 0.4431],
         [0.4392, 0.4235, 0.5020,  ..., 0.4275, 0.4157, 0.4392],
         [0.4549, 0.4235, 0.5020,  ..., 0.5137, 0.4549, 0.4275]]])",0.22274738550186157,0.3363266
"tensor([[[0.5020, 0.5569, 0.5255,  ..., 0.4902, 0.5098, 0.5176],
         [0.4510, 0.5216, 0.5098,  ..., 0.5216, 0.5333, 0.5059],
         [0.4588, 0.5098, 0.5216,  ..., 0.4941, 0.4980, 0.5255],
         ...,
         [0.4941, 0.4784, 0.5490,  ..., 0.5294, 0.5137, 0.5216],
         [0.4745, 0.4980, 0.5490,  ..., 0.5059, 0.5176, 0.4980],
         [0.4431, 0.5333, 0.5490,  ..., 0.4706, 0.4784, 0.4784]]])",0.2456555813550949,0.3472777
"tensor([[[0.5529, 0.5529, 0.5843,  ..., 0.4784, 0.4588, 0.4902],
         [0.4980, 0.4941, 0.5373,  ..., 0.4745, 0.5176, 0.5294],
         [0.4980, 0.5373, 0.4784,  ..., 0.5216, 0.4980, 0.4824],
         ...,
         [0.4784, 0.5216, 0.5569,  ..., 0.5255, 0.5176, 0.5373],
         [0.4549, 0.5529, 0.5020,  ..., 0.5059, 0.5020, 0.4863],
         [0.4627, 0.5490, 0.4902,  ..., 0.4588, 0.5294, 0.4902]]])",0.25332367420196533,0.3674115
"tensor([[[0.5137, 0.5529, 0.5490,  ..., 0.4980, 0.4980, 0.5176],
         [0.5176, 0.5137, 0.5647,  ..., 0.5020, 0.4980, 0.5098],
         [0.5412, 0.5333, 0.5529,  ..., 0.5020, 0.5176, 0.5255],
         ...,
         [0.4902, 0.5490, 0.5294,  ..., 0.5059, 0.5569, 0.5373],
         [0.5020, 0.5647, 0.5451,  ..., 0.4784, 0.5529, 0.5098],
         [0.5608, 0.5255, 0.5333,  ..., 0.4588, 0.5176, 0.5137]]])",0.23943659663200378,0.36642784
"tensor([[[0.5098, 0.5137, 0.4863,  ..., 0.4588, 0.4549, 0.4627],
         [0.5176, 0.5294, 0.4941,  ..., 0.4392, 0.4863, 0.4902],
         [0.5020, 0.5373, 0.5294,  ..., 0.4667, 0.4902, 0.4980],
         ...,
         [0.5529, 0.5412, 0.5020,  ..., 0.4824, 0.4980, 0.5216],
         [0.5373, 0.5294, 0.5412,  ..., 0.4824, 0.5020, 0.5059],
         [0.5490, 0.5216, 0.4745,  ..., 0.4588, 0.4784, 0.5098]]])",0.2508730888366699,0.37051824
"tensor([[[0.5059, 0.5255, 0.4941,  ..., 0.4667, 0.4706, 0.5137],
         [0.5725, 0.5412, 0.5294,  ..., 0.4745, 0.5020, 0.5412],
         [0.5373, 0.5020, 0.5451,  ..., 0.4941, 0.5098, 0.5137],
         ...,
         [0.5412, 0.5843, 0.5255,  ..., 0.5255, 0.5098, 0.5020],
         [0.5059, 0.5412, 0.5098,  ..., 0.5059, 0.5333, 0.5216],
         [0.5529, 0.5176, 0.5059,  ..., 0.5020, 0.5098, 0.5098]]])",0.21319088339805603,0.33344644
"tensor([[[0.4902, 0.5137, 0.5255,  ..., 0.4824, 0.5020, 0.4902],
         [0.4863, 0.4980, 0.5294,  ..., 0.4863, 0.4667, 0.5059],
         [0.4745, 0.4824, 0.5098,  ..., 0.5020, 0.4627, 0.5137],
         ...,
         [0.5686, 0.5608, 0.5176,  ..., 0.5176, 0.5176, 0.5333],
         [0.5373, 0.5020, 0.4784,  ..., 0.4980, 0.5137, 0.5412],
         [0.5216, 0.4902, 0.4980,  ..., 0.4902, 0.5137, 0.5216]]])",0.1822953075170517,0.32520187
"tensor([[[0.5608, 0.5686, 0.6078,  ..., 0.5020, 0.5098, 0.5255],
         [0.4706, 0.5529, 0.5804,  ..., 0.5059, 0.4863, 0.4902],
         [0.4510, 0.5176, 0.5176,  ..., 0.4863, 0.5137, 0.5059],
         ...,
         [0.5412, 0.5098, 0.4902,  ..., 0.5059, 0.5098, 0.5569],
         [0.4706, 0.4706, 0.5412,  ..., 0.3882, 0.4745, 0.5216],
         [0.5333, 0.4745, 0.5255,  ..., 0.2745, 0.3098, 0.3608]]])",0.18750281631946564,0.33015686
"tensor([[[0.6392, 0.6039, 0.6549,  ..., 0.5961, 0.5608, 0.5490],
         [0.6039, 0.6235, 0.6275,  ..., 0.5765, 0.5608, 0.5647],
         [0.5490, 0.6118, 0.5765,  ..., 0.5804, 0.5647, 0.5333],
         ...,
         [0.5725, 0.5804, 0.6000,  ..., 0.5294, 0.5608, 0.5843],
         [0.5843, 0.5529, 0.5490,  ..., 0.3765, 0.4471, 0.5137],
         [0.5176, 0.5843, 0.6235,  ..., 0.4706, 0.4275, 0.4039]]])",0.241427943110466,0.3573354
"tensor([[[0.5961, 0.5961, 0.5765,  ..., 0.5686, 0.5725, 0.5569],
         [0.6235, 0.6118, 0.6118,  ..., 0.5765, 0.5647, 0.5647],
         [0.5765, 0.5608, 0.6157,  ..., 0.5882, 0.5608, 0.5294],
         ...,
         [0.5490, 0.5961, 0.5765,  ..., 0.5098, 0.5216, 0.5647],
         [0.5922, 0.5765, 0.5686,  ..., 0.4118, 0.4588, 0.5098],
         [0.5765, 0.5882, 0.6588,  ..., 0.4392, 0.4431, 0.4314]]])",0.29061126708984375,0.38450897
"tensor([[[0.6118, 0.5255, 0.4667,  ..., 0.5451, 0.5569, 0.5333],
         [0.5686, 0.5765, 0.5059,  ..., 0.5529, 0.5569, 0.5373],
         [0.5608, 0.6118, 0.5216,  ..., 0.5373, 0.5137, 0.5255],
         ...,
         [0.5373, 0.5216, 0.5569,  ..., 0.4510, 0.4627, 0.4706],
         [0.5451, 0.5725, 0.5961,  ..., 0.4471, 0.4824, 0.4784],
         [0.5725, 0.6353, 0.6039,  ..., 0.4275, 0.4588, 0.4745]]])",0.2498795986175537,0.36053622
"tensor([[[0.4627, 0.3608, 0.3529,  ..., 0.3882, 0.3882, 0.3843],
         [0.4667, 0.4314, 0.3490,  ..., 0.3961, 0.4118, 0.4157],
         [0.3529, 0.4275, 0.3608,  ..., 0.4078, 0.4039, 0.4000],
         ...,
         [0.4157, 0.4118, 0.4118,  ..., 0.3333, 0.3373, 0.3529],
         [0.3843, 0.3804, 0.4235,  ..., 0.3294, 0.3569, 0.3373],
         [0.3765, 0.4471, 0.4314,  ..., 0.3137, 0.3647, 0.3569]]])",0.27667567133903503,0.34401962
"tensor([[[0.5529, 0.5255, 0.4824,  ..., 0.4980, 0.5098, 0.5294],
         [0.5451, 0.5608, 0.4588,  ..., 0.5059, 0.5294, 0.5412],
         [0.5020, 0.5490, 0.4902,  ..., 0.5373, 0.5529, 0.5490],
         ...,
         [0.5529, 0.4902, 0.5059,  ..., 0.4784, 0.4863, 0.5137],
         [0.4902, 0.5216, 0.5647,  ..., 0.4941, 0.5059, 0.5216],
         [0.5098, 0.5137, 0.5294,  ..., 0.4745, 0.4706, 0.4941]]])",0.23414109647274017,0.36753902
"tensor([[[0.4588, 0.4549, 0.4314,  ..., 0.4275, 0.4627, 0.4588],
         [0.5216, 0.4745, 0.4118,  ..., 0.4510, 0.4745, 0.4902],
         [0.5020, 0.4902, 0.4745,  ..., 0.4902, 0.5020, 0.5176],
         ...,
         [0.4471, 0.4471, 0.4510,  ..., 0.4431, 0.4627, 0.4902],
         [0.4353, 0.4588, 0.4471,  ..., 0.4196, 0.4314, 0.4549],
         [0.4784, 0.4627, 0.4863,  ..., 0.4275, 0.4000, 0.4235]]])",0.20948126912117004,0.35246697
"tensor([[[0.4745, 0.4196, 0.4706,  ..., 0.4471, 0.4549, 0.4941],
         [0.5529, 0.4667, 0.4588,  ..., 0.4706, 0.5137, 0.5098],
         [0.5294, 0.4627, 0.4588,  ..., 0.4941, 0.4902, 0.4588],
         ...,
         [0.4510, 0.4510, 0.4431,  ..., 0.4392, 0.4431, 0.4667],
         [0.4863, 0.4824, 0.4667,  ..., 0.4745, 0.4431, 0.4431],
         [0.4941, 0.4549, 0.5059,  ..., 0.4588, 0.4706, 0.4784]]])",0.2226639688014984,0.3621293
"tensor([[[0.4706, 0.4196, 0.4431,  ..., 0.4078, 0.3922, 0.4784],
         [0.5490, 0.4392, 0.4549,  ..., 0.4706, 0.4784, 0.4941],
         [0.5137, 0.4784, 0.4588,  ..., 0.4667, 0.4549, 0.4706],
         ...,
         [0.4431, 0.4706, 0.4510,  ..., 0.4118, 0.3922, 0.4157],
         [0.4902, 0.4824, 0.4314,  ..., 0.4902, 0.4667, 0.4431],
         [0.4824, 0.4431, 0.4824,  ..., 0.4667, 0.4353, 0.4471]]])",0.2563714385032654,0.3802399
"tensor([[[0.4471, 0.4471, 0.4588,  ..., 0.5059, 0.4588, 0.4353],
         [0.5529, 0.4588, 0.4706,  ..., 0.4824, 0.4667, 0.4745],
         [0.5294, 0.4667, 0.5176,  ..., 0.4902, 0.4667, 0.4667],
         ...,
         [0.4941, 0.4706, 0.4588,  ..., 0.4706, 0.4235, 0.4039],
         [0.5059, 0.5137, 0.4706,  ..., 0.4824, 0.5216, 0.4745],
         [0.5333, 0.4627, 0.4471,  ..., 0.4549, 0.4392, 0.4353]]])",0.23386411368846893,0.35851887
"tensor([[[0.4235, 0.4157, 0.4196,  ..., 0.4510, 0.4118, 0.3490],
         [0.4549, 0.3961, 0.4275,  ..., 0.3882, 0.3765, 0.3922],
         [0.4588, 0.4314, 0.4431,  ..., 0.4235, 0.4157, 0.4118],
         ...,
         [0.3686, 0.3686, 0.4000,  ..., 0.3725, 0.3569, 0.3647],
         [0.4078, 0.4627, 0.3686,  ..., 0.4157, 0.3961, 0.3725],
         [0.4314, 0.4353, 0.3490,  ..., 0.4275, 0.4196, 0.4078]]])",0.24065051972866058,0.3544036
"tensor([[[0.4549, 0.4196, 0.4039,  ..., 0.4196, 0.4392, 0.3922],
         [0.4431, 0.4196, 0.4314,  ..., 0.4000, 0.3804, 0.4039],
         [0.4510, 0.4392, 0.4392,  ..., 0.4039, 0.4196, 0.4118],
         ...,
         [0.4078, 0.3725, 0.4000,  ..., 0.3804, 0.3490, 0.3804],
         [0.4039, 0.4314, 0.4078,  ..., 0.4275, 0.3843, 0.3922],
         [0.4353, 0.4549, 0.3725,  ..., 0.4627, 0.4157, 0.3922]]])",0.26382002234458923,0.3896425
"tensor([[[0.4980, 0.4941, 0.4392,  ..., 0.5059, 0.4314, 0.4471],
         [0.5216, 0.5294, 0.4863,  ..., 0.4706, 0.4471, 0.4667],
         [0.4980, 0.4863, 0.5059,  ..., 0.4471, 0.4510, 0.4627],
         ...,
         [0.5137, 0.4588, 0.4235,  ..., 0.4784, 0.4118, 0.4235],
         [0.4627, 0.4431, 0.4745,  ..., 0.5373, 0.4549, 0.4353],
         [0.4980, 0.4784, 0.5098,  ..., 0.4863, 0.4784, 0.4667]]])",0.24582083523273468,0.35626215
"tensor([[[0.5765, 0.5569, 0.5490,  ..., 0.5804, 0.5647, 0.5333],
         [0.5804, 0.5922, 0.5922,  ..., 0.5922, 0.5529, 0.5412],
         [0.5608, 0.5373, 0.5529,  ..., 0.5765, 0.5176, 0.5216],
         ...,
         [0.5569, 0.5451, 0.5490,  ..., 0.5843, 0.5608, 0.5255],
         [0.5373, 0.5529, 0.5686,  ..., 0.6000, 0.5843, 0.5529],
         [0.5451, 0.5922, 0.5373,  ..., 0.5765, 0.5529, 0.5686]]])",0.34165894985198975,0.39160553
"tensor([[[0.5176, 0.4863, 0.4588,  ..., 0.5098, 0.5294, 0.4941],
         [0.4235, 0.4706, 0.4627,  ..., 0.5255, 0.5059, 0.4353],
         [0.4353, 0.4549, 0.4196,  ..., 0.4863, 0.4471, 0.3686],
         ...,
         [0.4627, 0.4196, 0.4824,  ..., 0.5255, 0.4706, 0.4549],
         [0.4588, 0.4667, 0.4706,  ..., 0.5137, 0.4980, 0.5059],
         [0.4157, 0.4157, 0.4353,  ..., 0.4980, 0.4588, 0.4353]]])",0.20851315557956696,0.34456047
"tensor([[[0.4275, 0.4431, 0.4745,  ..., 0.4471, 0.4902, 0.5804],
         [0.4549, 0.4471, 0.4627,  ..., 0.5490, 0.5647, 0.5020],
         [0.4706, 0.4314, 0.4549,  ..., 0.4902, 0.4471, 0.3961],
         ...,
         [0.4784, 0.4863, 0.4353,  ..., 0.4863, 0.4706, 0.5098],
         [0.4667, 0.4157, 0.4196,  ..., 0.4824, 0.4588, 0.4627],
         [0.4275, 0.4039, 0.4588,  ..., 0.5098, 0.4863, 0.4510]]])",0.16824226081371307,0.3384693
"tensor([[[0.4353, 0.4588, 0.4824,  ..., 0.5098, 0.4353, 0.4745],
         [0.4706, 0.4431, 0.4824,  ..., 0.4745, 0.5137, 0.5255],
         [0.5020, 0.4549, 0.4745,  ..., 0.5176, 0.4745, 0.4471],
         ...,
         [0.4980, 0.4941, 0.4510,  ..., 0.4784, 0.4627, 0.4863],
         [0.4471, 0.4588, 0.4431,  ..., 0.4863, 0.4588, 0.4314],
         [0.4510, 0.4510, 0.4588,  ..., 0.5137, 0.5059, 0.4667]]])",0.23888938128948212,0.3514347
"tensor([[[0.4275, 0.4157, 0.4353,  ..., 0.4902, 0.4431, 0.4745],
         [0.4471, 0.4392, 0.4314,  ..., 0.4392, 0.4392, 0.4118],
         [0.4392, 0.4431, 0.4353,  ..., 0.3843, 0.4667, 0.4627],
         ...,
         [0.4588, 0.4471, 0.4314,  ..., 0.4706, 0.3765, 0.4078],
         [0.4196, 0.4431, 0.4588,  ..., 0.4941, 0.4353, 0.4118],
         [0.4667, 0.4471, 0.4000,  ..., 0.5059, 0.4667, 0.3882]]])",0.21375197172164917,0.3546633
"tensor([[[0.4980, 0.5176, 0.5216,  ..., 0.5569, 0.4941, 0.4863],
         [0.5059, 0.5098, 0.5098,  ..., 0.4863, 0.5176, 0.5569],
         [0.5098, 0.5255, 0.5333,  ..., 0.5137, 0.4980, 0.4980],
         ...,
         [0.5098, 0.5176, 0.5412,  ..., 0.5569, 0.4745, 0.4745],
         [0.5412, 0.5059, 0.4941,  ..., 0.5725, 0.5020, 0.5059],
         [0.4941, 0.4745, 0.5294,  ..., 0.5843, 0.5529, 0.4863]]])",0.21328623592853546,0.32484964
"tensor([[[0.4471, 0.4000, 0.4078,  ..., 0.3961, 0.4392, 0.4784],
         [0.4078, 0.4039, 0.4235,  ..., 0.4392, 0.4392, 0.4471],
         [0.4118, 0.4275, 0.4196,  ..., 0.4157, 0.4549, 0.4627],
         ...,
         [0.4157, 0.4078, 0.4392,  ..., 0.3922, 0.4157, 0.4078],
         [0.4078, 0.4235, 0.4510,  ..., 0.4392, 0.4471, 0.4157],
         [0.4157, 0.4431, 0.4235,  ..., 0.4157, 0.4314, 0.4706]]])",0.26935815811157227,0.3451697
"tensor([[[0.3882, 0.3608, 0.3882,  ..., 0.4275, 0.4157, 0.3922],
         [0.3922, 0.3804, 0.3843,  ..., 0.3686, 0.3922, 0.4353],
         [0.4039, 0.3765, 0.3765,  ..., 0.3922, 0.4471, 0.3961],
         ...,
         [0.3647, 0.3804, 0.4000,  ..., 0.3843, 0.3725, 0.4196],
         [0.3686, 0.4235, 0.3882,  ..., 0.3843, 0.4039, 0.4118],
         [0.4039, 0.3922, 0.3725,  ..., 0.3882, 0.3882, 0.3804]]])",0.2482639104127884,0.34331998
"tensor([[[0.4078, 0.4196, 0.4039,  ..., 0.4039, 0.4196, 0.4588],
         [0.4078, 0.4000, 0.4275,  ..., 0.4235, 0.4588, 0.4431],
         [0.4392, 0.3882, 0.4000,  ..., 0.4392, 0.4392, 0.3882],
         ...,
         [0.4196, 0.4118, 0.3922,  ..., 0.4078, 0.4000, 0.4275],
         [0.4000, 0.4000, 0.3843,  ..., 0.4118, 0.4078, 0.4314],
         [0.4000, 0.3882, 0.3765,  ..., 0.4314, 0.4196, 0.4157]]])",0.23781703412532806,0.34363335
"tensor([[[0.4275, 0.4118, 0.4431,  ..., 0.4118, 0.4275, 0.4196],
         [0.4431, 0.4118, 0.4157,  ..., 0.4275, 0.4235, 0.4196],
         [0.4392, 0.4157, 0.4039,  ..., 0.4196, 0.4471, 0.4353],
         ...,
         [0.4078, 0.4078, 0.4157,  ..., 0.4118, 0.4039, 0.4039],
         [0.4392, 0.4000, 0.3843,  ..., 0.4314, 0.4157, 0.4196],
         [0.3843, 0.4000, 0.4157,  ..., 0.4431, 0.4431, 0.4392]]])",0.25153663754463196,0.3790525
"tensor([[[0.5059, 0.5216, 0.4941,  ..., 0.5176, 0.5020, 0.4941],
         [0.5137, 0.5020, 0.4980,  ..., 0.5059, 0.5020, 0.5098],
         [0.5137, 0.5098, 0.5098,  ..., 0.4941, 0.5098, 0.5098],
         ...,
         [0.4980, 0.4784, 0.4588,  ..., 0.4980, 0.4784, 0.4824],
         [0.4745, 0.4863, 0.5176,  ..., 0.5098, 0.5098, 0.4863],
         [0.5176, 0.5137, 0.5529,  ..., 0.4980, 0.5176, 0.5020]]])",0.5660345554351807,0.6815844
"tensor([[[0.4588, 0.4784, 0.4588,  ..., 0.4510, 0.4588, 0.5059],
         [0.4510, 0.4784, 0.4627,  ..., 0.4667, 0.4980, 0.4745],
         [0.4510, 0.4627, 0.4588,  ..., 0.4667, 0.4706, 0.4392],
         ...,
         [0.4431, 0.4471, 0.4157,  ..., 0.4314, 0.4314, 0.4471],
         [0.4314, 0.4000, 0.4784,  ..., 0.4471, 0.4392, 0.4627],
         [0.4235, 0.5843, 0.5412,  ..., 0.4471, 0.4431, 0.4588]]])",0.25985804200172424,0.451963
"tensor([[[0.4235, 0.4392, 0.4353,  ..., 0.4314, 0.4353, 0.4275],
         [0.4353, 0.4392, 0.4314,  ..., 0.4392, 0.4431, 0.4314],
         [0.4078, 0.4118, 0.4431,  ..., 0.4471, 0.4392, 0.4275],
         ...,
         [0.4235, 0.3882, 0.3922,  ..., 0.4196, 0.4078, 0.4000],
         [0.3961, 0.4745, 0.4745,  ..., 0.4196, 0.4275, 0.4157],
         [0.4980, 0.4196, 0.4118,  ..., 0.4157, 0.4196, 0.4157]]])",0.2902325689792633,0.38840127
"tensor([[[0.4588, 0.4667, 0.4667,  ..., 0.4667, 0.4667, 0.4431],
         [0.4667, 0.4588, 0.4549,  ..., 0.4627, 0.4588, 0.4549],
         [0.4431, 0.4588, 0.4667,  ..., 0.4706, 0.4588, 0.4627],
         ...,
         [0.4431, 0.4392, 0.4588,  ..., 0.4549, 0.4431, 0.4235],
         [0.4667, 0.5059, 0.4745,  ..., 0.4627, 0.4549, 0.4431],
         [0.5137, 0.3765, 0.4157,  ..., 0.4549, 0.4627, 0.4549]]])",0.3178437352180481,0.50075847
"tensor([[[0.4706, 0.4667, 0.4549,  ..., 0.4745, 0.4588, 0.4706],
         [0.4588, 0.4510, 0.4627,  ..., 0.4627, 0.4627, 0.4667],
         [0.4627, 0.4627, 0.4588,  ..., 0.4510, 0.4627, 0.4667],
         ...,
         [0.4588, 0.4471, 0.4588,  ..., 0.4431, 0.4392, 0.4549],
         [0.4549, 0.4549, 0.4235,  ..., 0.4784, 0.4431, 0.4510],
         [0.4196, 0.3804, 0.5255,  ..., 0.4824, 0.4627, 0.4667]]])",0.2852027714252472,0.50382483
"tensor([[[0.4902, 0.4941, 0.4863,  ..., 0.4980, 0.4863, 0.4941],
         [0.4902, 0.4863, 0.4863,  ..., 0.4980, 0.4824, 0.4941],
         [0.4863, 0.4824, 0.4863,  ..., 0.4863, 0.4863, 0.4941],
         ...,
         [0.4902, 0.4784, 0.5059,  ..., 0.4706, 0.4745, 0.4824],
         [0.5059, 0.4667, 0.4118,  ..., 0.4824, 0.4902, 0.4745],
         [0.3608, 0.4353, 0.6196,  ..., 0.4863, 0.4941, 0.4824]]])",0.31292033195495605,0.4968142
"tensor([[[0.5020, 0.4863, 0.4745,  ..., 0.4863, 0.5098, 0.4902],
         [0.4824, 0.5020, 0.4902,  ..., 0.4941, 0.4706, 0.4745],
         [0.4667, 0.5020, 0.4941,  ..., 0.4706, 0.4824, 0.4863],
         ...,
         [0.5137, 0.5255, 0.5098,  ..., 0.4549, 0.4549, 0.4784],
         [0.5059, 0.5098, 0.4706,  ..., 0.4706, 0.4706, 0.4706],
         [0.4549, 0.4745, 0.5020,  ..., 0.4745, 0.4431, 0.4627]]])",0.25132399797439575,0.48891082
"tensor([[[0.4549, 0.4627, 0.4549,  ..., 0.4588, 0.4510, 0.4941],
         [0.4784, 0.4549, 0.4275,  ..., 0.4627, 0.4549, 0.4824],
         [0.4627, 0.4824, 0.4667,  ..., 0.4549, 0.4510, 0.4431],
         ...,
         [0.4588, 0.4745, 0.4667,  ..., 0.4667, 0.4549, 0.4510],
         [0.4784, 0.4745, 0.4863,  ..., 0.4824, 0.4706, 0.4549],
         [0.4902, 0.4588, 0.4431,  ..., 0.4784, 0.4706, 0.4549]]])",0.2431745082139969,0.34523344
"tensor([[[0.4706, 0.4706, 0.4510,  ..., 0.4784, 0.4745, 0.4471],
         [0.4392, 0.4471, 0.4667,  ..., 0.4667, 0.4588, 0.4627],
         [0.4275, 0.4392, 0.4549,  ..., 0.4784, 0.4588, 0.4314],
         ...,
         [0.4196, 0.4431, 0.4039,  ..., 0.4549, 0.4471, 0.4510],
         [0.4745, 0.4392, 0.4314,  ..., 0.4588, 0.4549, 0.4431],
         [0.4549, 0.4000, 0.4667,  ..., 0.4627, 0.4627, 0.4471]]])",0.2666352391242981,0.35004908
"tensor([[[0.4039, 0.4471, 0.4392,  ..., 0.4627, 0.4431, 0.4353],
         [0.3961, 0.4431, 0.3882,  ..., 0.4314, 0.4235, 0.4314],
         [0.4353, 0.4510, 0.4118,  ..., 0.4431, 0.4235, 0.4000],
         ...,
         [0.4235, 0.3961, 0.4353,  ..., 0.4275, 0.4353, 0.4549],
         [0.4157, 0.4431, 0.4275,  ..., 0.4392, 0.4196, 0.4392],
         [0.4078, 0.4510, 0.4392,  ..., 0.4627, 0.4431, 0.4392]]])",0.23287267982959747,0.33992672
"tensor([[[0.4431, 0.4353, 0.4392,  ..., 0.4196, 0.4078, 0.4235],
         [0.4235, 0.4588, 0.4196,  ..., 0.4157, 0.4549, 0.4588],
         [0.4431, 0.4510, 0.4039,  ..., 0.4314, 0.4314, 0.4118],
         ...,
         [0.4314, 0.4784, 0.4196,  ..., 0.4314, 0.4078, 0.4353],
         [0.4588, 0.4314, 0.4196,  ..., 0.4745, 0.4549, 0.4627],
         [0.4588, 0.4078, 0.4353,  ..., 0.4275, 0.4275, 0.4588]]])",0.2399822324514389,0.35193703
"tensor([[[0.4588, 0.4510, 0.4471,  ..., 0.4196, 0.4588, 0.4627],
         [0.4549, 0.4627, 0.4627,  ..., 0.4314, 0.4471, 0.4510],
         [0.4431, 0.4196, 0.4431,  ..., 0.4549, 0.4667, 0.4314],
         ...,
         [0.4431, 0.4471, 0.4353,  ..., 0.4431, 0.4510, 0.4588],
         [0.4431, 0.4314, 0.4549,  ..., 0.4549, 0.4392, 0.4627],
         [0.4588, 0.4353, 0.4706,  ..., 0.4588, 0.4471, 0.4627]]])",0.26962271332740784,0.36234862
"tensor([[[0.4902, 0.4471, 0.4078,  ..., 0.3529, 0.4824, 0.5255],
         [0.4588, 0.4588, 0.4510,  ..., 0.4863, 0.4745, 0.4314],
         [0.4510, 0.4431, 0.4314,  ..., 0.4314, 0.4353, 0.4431],
         ...,
         [0.4471, 0.4196, 0.4353,  ..., 0.4471, 0.4353, 0.4627],
         [0.4118, 0.4314, 0.4980,  ..., 0.4667, 0.4431, 0.4745],
         [0.4588, 0.4863, 0.4667,  ..., 0.4667, 0.4314, 0.4667]]])",0.232918381690979,0.3414724
"tensor([[[0.4941, 0.4902, 0.4706,  ..., 0.4549, 0.4902, 0.5294],
         [0.4706, 0.4902, 0.4941,  ..., 0.4980, 0.4706, 0.4588],
         [0.4824, 0.4745, 0.4824,  ..., 0.4431, 0.4706, 0.4667],
         ...,
         [0.4667, 0.4510, 0.4745,  ..., 0.5216, 0.5255, 0.5137],
         [0.4863, 0.5098, 0.5059,  ..., 0.4588, 0.4784, 0.5216],
         [0.5176, 0.4745, 0.4627,  ..., 0.4941, 0.4824, 0.4627]]])",0.25256824493408203,0.33624876
"tensor([[[0.4863, 0.4902, 0.4784,  ..., 0.5137, 0.4824, 0.4314],
         [0.4667, 0.4902, 0.4980,  ..., 0.4431, 0.4627, 0.4784],
         [0.4588, 0.4667, 0.4863,  ..., 0.4902, 0.4824, 0.4549],
         ...,
         [0.4824, 0.4863, 0.4863,  ..., 0.4863, 0.4941, 0.5176],
         [0.4941, 0.4706, 0.4667,  ..., 0.4745, 0.4706, 0.4863],
         [0.4588, 0.4431, 0.4745,  ..., 0.5020, 0.4863, 0.4667]]])",0.2450498789548874,0.3423514
"tensor([[[0.4431, 0.4588, 0.4745,  ..., 0.4588, 0.4588, 0.4667],
         [0.4745, 0.4392, 0.4471,  ..., 0.4549, 0.4471, 0.4549],
         [0.4627, 0.4588, 0.4745,  ..., 0.4471, 0.4588, 0.4431],
         ...,
         [0.4314, 0.4314, 0.4471,  ..., 0.4510, 0.4588, 0.4510],
         [0.4471, 0.4549, 0.4196,  ..., 0.4549, 0.4588, 0.4471],
         [0.4431, 0.4039, 0.4196,  ..., 0.4392, 0.4471, 0.4588]]])",0.3102802038192749,0.34571975
"tensor([[[0.4706, 0.4392, 0.4549,  ..., 0.4471, 0.4431, 0.4706],
         [0.4784, 0.4784, 0.4667,  ..., 0.4510, 0.4314, 0.4941],
         [0.4627, 0.4471, 0.4353,  ..., 0.4431, 0.4510, 0.4824],
         ...,
         [0.4353, 0.4667, 0.4353,  ..., 0.4588, 0.4471, 0.4118],
         [0.4353, 0.4510, 0.4510,  ..., 0.4431, 0.4510, 0.4549],
         [0.4431, 0.4000, 0.4431,  ..., 0.4549, 0.4627, 0.4588]]])",0.2558475434780121,0.33553082
"tensor([[[0.4471, 0.4549, 0.4510,  ..., 0.4078, 0.4824, 0.5137],
         [0.5412, 0.5059, 0.4471,  ..., 0.4510, 0.4588, 0.4549],
         [0.4510, 0.4784, 0.5294,  ..., 0.4471, 0.4941, 0.5098],
         ...,
         [0.4431, 0.4392, 0.4784,  ..., 0.4902, 0.4627, 0.4588],
         [0.4706, 0.4745, 0.4627,  ..., 0.4667, 0.4706, 0.4941],
         [0.4510, 0.4549, 0.4863,  ..., 0.4510, 0.4588, 0.4627]]])",0.23397694528102875,0.346875
"tensor([[[0.4588, 0.4667, 0.4431,  ..., 0.4667, 0.4353, 0.4235],
         [0.5059, 0.4863, 0.4471,  ..., 0.4353, 0.4706, 0.4667],
         [0.4549, 0.4980, 0.5098,  ..., 0.4863, 0.4745, 0.4706],
         ...,
         [0.4863, 0.4549, 0.4431,  ..., 0.4980, 0.4863, 0.4706],
         [0.4392, 0.4667, 0.4902,  ..., 0.4627, 0.4588, 0.4745],
         [0.4549, 0.4824, 0.5020,  ..., 0.4549, 0.4627, 0.4588]]])",0.2160056084394455,0.38355413
"tensor([[[0.4980, 0.4941, 0.4941,  ..., 0.5176, 0.4588, 0.4667],
         [0.5020, 0.4941, 0.4706,  ..., 0.4667, 0.5020, 0.5255],
         [0.4824, 0.5020, 0.4980,  ..., 0.5098, 0.5176, 0.5059],
         ...,
         [0.5020, 0.4784, 0.4706,  ..., 0.4588, 0.4863, 0.5176],
         [0.5020, 0.4902, 0.5216,  ..., 0.4980, 0.4863, 0.4667],
         [0.5137, 0.5255, 0.5451,  ..., 0.4392, 0.4627, 0.5020]]])",0.21286731958389282,0.3672155
"tensor([[[0.4824, 0.4745, 0.4627,  ..., 0.4627, 0.4863, 0.4627],
         [0.5059, 0.4980, 0.4667,  ..., 0.4980, 0.4784, 0.4824],
         [0.5176, 0.5176, 0.4902,  ..., 0.5059, 0.4784, 0.4941],
         ...,
         [0.4353, 0.4863, 0.5098,  ..., 0.5020, 0.5059, 0.5137],
         [0.4824, 0.4902, 0.5176,  ..., 0.5098, 0.5137, 0.5255],
         [0.4941, 0.5294, 0.5020,  ..., 0.4353, 0.4314, 0.4980]]])",0.2297002673149109,0.34767988
"tensor([[[0.4941, 0.4549, 0.4784,  ..., 0.4667, 0.4706, 0.5176],
         [0.5216, 0.4941, 0.4902,  ..., 0.4745, 0.5137, 0.4902],
         [0.5333, 0.5098, 0.4980,  ..., 0.4824, 0.4902, 0.4824],
         ...,
         [0.4392, 0.4706, 0.5176,  ..., 0.4902, 0.5059, 0.5333],
         [0.4941, 0.4941, 0.5255,  ..., 0.5333, 0.5490, 0.5529],
         [0.4824, 0.5255, 0.5216,  ..., 0.4745, 0.4706, 0.5176]]])",0.26688462495803833,0.3592819
"tensor([[[0.4784, 0.4588, 0.4549,  ..., 0.4471, 0.4392, 0.5020],
         [0.5176, 0.4863, 0.4784,  ..., 0.4353, 0.4745, 0.5059],
         [0.4980, 0.4941, 0.4824,  ..., 0.4471, 0.4902, 0.4627],
         ...,
         [0.4196, 0.4353, 0.5373,  ..., 0.5059, 0.4745, 0.5137],
         [0.4902, 0.5725, 0.5529,  ..., 0.4863, 0.5137, 0.5373],
         [0.5412, 0.4784, 0.4549,  ..., 0.4078, 0.4078, 0.4627]]])",0.21801848709583282,0.3456329
"tensor([[[0.4275, 0.4392, 0.4314,  ..., 0.4157, 0.4431, 0.4235],
         [0.4000, 0.4078, 0.4314,  ..., 0.4039, 0.3961, 0.4118],
         [0.4275, 0.4118, 0.4118,  ..., 0.3961, 0.4235, 0.4549],
         ...,
         [0.4627, 0.4588, 0.4549,  ..., 0.4235, 0.4000, 0.4039],
         [0.4392, 0.4431, 0.4627,  ..., 0.4392, 0.4471, 0.4353],
         [0.4667, 0.4784, 0.4353,  ..., 0.4078, 0.4078, 0.4314]]])",0.25734180212020874,0.36137748
"tensor([[[0.4078, 0.4039, 0.4157,  ..., 0.3961, 0.3804, 0.3922],
         [0.3922, 0.3961, 0.4118,  ..., 0.3843, 0.3843, 0.4353],
         [0.4000, 0.3922, 0.3922,  ..., 0.4196, 0.4314, 0.4196],
         ...,
         [0.4039, 0.3922, 0.4039,  ..., 0.3922, 0.3922, 0.4157],
         [0.4078, 0.4353, 0.4392,  ..., 0.3922, 0.3882, 0.3961],
         [0.4392, 0.4549, 0.4824,  ..., 0.3804, 0.3804, 0.3843]]])",0.3078349232673645,0.4167486
"tensor([[[0.4784, 0.4745, 0.4588,  ..., 0.4471, 0.4549, 0.4745],
         [0.4588, 0.4667, 0.4745,  ..., 0.4510, 0.4667, 0.4588],
         [0.4745, 0.4588, 0.4510,  ..., 0.4588, 0.4784, 0.4980],
         ...,
         [0.4588, 0.4588, 0.4510,  ..., 0.4588, 0.4549, 0.4667],
         [0.4667, 0.4980, 0.5176,  ..., 0.4392, 0.4353, 0.4471],
         [0.5098, 0.5451, 0.5216,  ..., 0.4471, 0.4431, 0.4471]]])",0.32852503657341003,0.4396767
"tensor([[[0.4824, 0.5098, 0.5059,  ..., 0.4706, 0.4941, 0.4863],
         [0.4824, 0.4863, 0.4902,  ..., 0.4824, 0.4980, 0.5333],
         [0.4863, 0.4902, 0.4941,  ..., 0.5294, 0.5176, 0.5098],
         ...,
         [0.4863, 0.4863, 0.5020,  ..., 0.4549, 0.4863, 0.4941],
         [0.5059, 0.5176, 0.5137,  ..., 0.4549, 0.4706, 0.4745],
         [0.5255, 0.5255, 0.5882,  ..., 0.4941, 0.4745, 0.4824]]])",0.32572296261787415,0.39823404
"tensor([[[0.4275, 0.4157, 0.4235,  ..., 0.4275, 0.4196, 0.4431],
         [0.4314, 0.4392, 0.4392,  ..., 0.4235, 0.4392, 0.4431],
         [0.4078, 0.4157, 0.4275,  ..., 0.4157, 0.4275, 0.4314],
         ...,
         [0.4314, 0.4431, 0.4745,  ..., 0.4275, 0.4078, 0.4196],
         [0.4902, 0.5137, 0.5176,  ..., 0.4353, 0.3882, 0.4000],
         [0.5451, 0.5176, 0.4510,  ..., 0.4471, 0.4118, 0.3804]]])",0.26545676589012146,0.37318847
"tensor([[[0.4549, 0.4392, 0.4078,  ..., 0.4471, 0.4667, 0.4039],
         [0.4706, 0.4706, 0.4471,  ..., 0.5020, 0.4157, 0.4235],
         [0.4392, 0.4392, 0.4510,  ..., 0.4980, 0.4039, 0.4275],
         ...,
         [0.4078, 0.4314, 0.4588,  ..., 0.3725, 0.4549, 0.3765],
         [0.4667, 0.5020, 0.5137,  ..., 0.4431, 0.4980, 0.4314],
         [0.5176, 0.4863, 0.4235,  ..., 0.4471, 0.4471, 0.5294]]])",0.19556714594364166,0.34639198
"tensor([[[0.4588, 0.4863, 0.4706,  ..., 0.4275, 0.4275, 0.4980],
         [0.4667, 0.4745, 0.4745,  ..., 0.4118, 0.4510, 0.4745],
         [0.4588, 0.4588, 0.4667,  ..., 0.3882, 0.4627, 0.4980],
         ...,
         [0.4980, 0.4980, 0.4941,  ..., 0.4745, 0.4314, 0.4353],
         [0.4902, 0.4863, 0.4706,  ..., 0.4510, 0.4902, 0.4431],
         [0.4824, 0.4941, 0.4745,  ..., 0.4392, 0.4667, 0.4314]]])",0.2645828425884247,0.36788812
"tensor([[[0.4941, 0.5137, 0.4863,  ..., 0.4745, 0.5137, 0.4784],
         [0.4784, 0.4980, 0.4824,  ..., 0.4275, 0.4706, 0.4745],
         [0.4549, 0.4745, 0.4627,  ..., 0.4471, 0.4549, 0.5176],
         ...,
         [0.5608, 0.5608, 0.5255,  ..., 0.5020, 0.4941, 0.4353],
         [0.5451, 0.4941, 0.5059,  ..., 0.5412, 0.4745, 0.5137],
         [0.4863, 0.5294, 0.4706,  ..., 0.5843, 0.4667, 0.4824]]])",0.2210291475057602,0.34543124
"tensor([[[0.4588, 0.4863, 0.4549,  ..., 0.4902, 0.4824, 0.4824],
         [0.4510, 0.4941, 0.4549,  ..., 0.4314, 0.4667, 0.4824],
         [0.4118, 0.4510, 0.4784,  ..., 0.4314, 0.4627, 0.4510],
         ...,
         [0.4314, 0.4667, 0.4784,  ..., 0.5020, 0.4824, 0.4941],
         [0.4667, 0.4824, 0.4784,  ..., 0.5098, 0.4510, 0.4667],
         [0.4510, 0.5098, 0.5059,  ..., 0.4980, 0.4824, 0.4706]]])",0.2592174708843231,0.3433454
"tensor([[[0.5137, 0.4627, 0.5216,  ..., 0.4157, 0.3961, 0.3961],
         [0.5020, 0.4353, 0.4980,  ..., 0.3804, 0.3922, 0.4078],
         [0.4431, 0.4667, 0.4078,  ..., 0.3961, 0.4157, 0.4235],
         ...,
         [0.4235, 0.4431, 0.4745,  ..., 0.3529, 0.3569, 0.3922],
         [0.4157, 0.4980, 0.4000,  ..., 0.3882, 0.3882, 0.3804],
         [0.4078, 0.4784, 0.3961,  ..., 0.4235, 0.3804, 0.3725]]])",0.2838873267173767,0.35665774
"tensor([[[0.4471, 0.5451, 0.4275,  ..., 0.3922, 0.3882, 0.3804],
         [0.4588, 0.4588, 0.4627,  ..., 0.3804, 0.3686, 0.4039],
         [0.4824, 0.4235, 0.4824,  ..., 0.4039, 0.4196, 0.4353],
         ...,
         [0.4863, 0.5176, 0.3725,  ..., 0.3804, 0.3922, 0.3882],
         [0.4353, 0.4196, 0.4392,  ..., 0.4314, 0.4078, 0.3725],
         [0.4863, 0.4314, 0.4863,  ..., 0.4471, 0.4667, 0.4588]]])",0.253606379032135,0.34655005
"tensor([[[0.3412, 0.4039, 0.3451,  ..., 0.3333, 0.3333, 0.3216],
         [0.4235, 0.3608, 0.3725,  ..., 0.3333, 0.3216, 0.3412],
         [0.4431, 0.3490, 0.3882,  ..., 0.3490, 0.3529, 0.3686],
         ...,
         [0.3255, 0.4078, 0.3412,  ..., 0.3490, 0.3608, 0.3490],
         [0.3451, 0.4275, 0.3725,  ..., 0.3529, 0.3647, 0.3451],
         [0.4510, 0.3922, 0.3843,  ..., 0.3529, 0.3686, 0.3725]]])",0.41560134291648865,0.46065766
"tensor([[[0.3882, 0.4314, 0.4078,  ..., 0.3373, 0.3020, 0.3373],
         [0.3608, 0.4549, 0.3569,  ..., 0.3255, 0.3804, 0.4078],
         [0.4588, 0.4078, 0.4118,  ..., 0.4000, 0.4314, 0.4078],
         ...,
         [0.3922, 0.4745, 0.3961,  ..., 0.4118, 0.3882, 0.4039],
         [0.4784, 0.4039, 0.4902,  ..., 0.4196, 0.3804, 0.4000],
         [0.5647, 0.4275, 0.4431,  ..., 0.4118, 0.4314, 0.4118]]])",0.2297966033220291,0.41251767
"tensor([[[0.4510, 0.4392, 0.4196,  ..., 0.4627, 0.4039, 0.3569],
         [0.4000, 0.4784, 0.3804,  ..., 0.4039, 0.3373, 0.3922],
         [0.4392, 0.4392, 0.4196,  ..., 0.3686, 0.4275, 0.4745],
         ...,
         [0.4588, 0.4784, 0.4863,  ..., 0.4863, 0.4000, 0.4039],
         [0.4824, 0.4275, 0.4941,  ..., 0.4980, 0.4392, 0.4039],
         [0.4510, 0.4431, 0.5098,  ..., 0.4745, 0.4863, 0.4157]]])",0.3215992748737335,0.3952682
"tensor([[[0.4784, 0.4510, 0.4627,  ..., 0.5686, 0.4627, 0.4078],
         [0.4510, 0.4627, 0.4549,  ..., 0.5412, 0.4157, 0.3961],
         [0.4314, 0.4549, 0.4471,  ..., 0.4510, 0.4275, 0.4471],
         ...,
         [0.4824, 0.4549, 0.4980,  ..., 0.5255, 0.5020, 0.4431],
         [0.4627, 0.4824, 0.5020,  ..., 0.4118, 0.5804, 0.4314],
         [0.4588, 0.4745, 0.4980,  ..., 0.3765, 0.5608, 0.4902]]])",0.31687331199645996,0.39966714
"tensor([[[0.3647, 0.3569, 0.3725,  ..., 0.3686, 0.4588, 0.3294],
         [0.3490, 0.3647, 0.3725,  ..., 0.4314, 0.3843, 0.3569],
         [0.3294, 0.3569, 0.3569,  ..., 0.4510, 0.3137, 0.3490],
         ...,
         [0.3451, 0.4039, 0.4510,  ..., 0.3412, 0.4627, 0.3412],
         [0.4353, 0.4039, 0.3608,  ..., 0.3255, 0.4275, 0.4196],
         [0.3529, 0.3333, 0.4314,  ..., 0.3451, 0.3686, 0.5020]]])",0.31593817472457886,0.45242637
"tensor([[[0.4431, 0.4824, 0.4784,  ..., 0.4902, 0.5020, 0.5176],
         [0.4196, 0.4627, 0.4863,  ..., 0.5059, 0.4824, 0.4902],
         [0.4235, 0.4353, 0.4667,  ..., 0.4784, 0.4627, 0.4902],
         ...,
         [0.4824, 0.5059, 0.4588,  ..., 0.4627, 0.5020, 0.4863],
         [0.4980, 0.4824, 0.5412,  ..., 0.4471, 0.4863, 0.4667],
         [0.5451, 0.5490, 0.5412,  ..., 0.4667, 0.5020, 0.5216]]])",0.2177685797214508,0.34609586
"tensor([[[0.4275, 0.4510, 0.4510,  ..., 0.4549, 0.4667, 0.4667],
         [0.4275, 0.4118, 0.4549,  ..., 0.4392, 0.4667, 0.4588],
         [0.4235, 0.4000, 0.4275,  ..., 0.4510, 0.4824, 0.4784],
         ...,
         [0.4824, 0.4706, 0.4588,  ..., 0.4392, 0.4745, 0.4863],
         [0.4824, 0.4431, 0.4471,  ..., 0.4392, 0.4235, 0.4706],
         [0.4863, 0.4118, 0.4157,  ..., 0.4745, 0.4196, 0.4510]]])",0.21779735386371613,0.34139454
"tensor([[[0.4471, 0.4392, 0.4471,  ..., 0.5137, 0.4863, 0.4353],
         [0.4314, 0.4353, 0.4431,  ..., 0.4863, 0.4549, 0.4784],
         [0.4431, 0.4471, 0.4353,  ..., 0.4824, 0.4510, 0.4863],
         ...,
         [0.4941, 0.4902, 0.4941,  ..., 0.4627, 0.4824, 0.4745],
         [0.5176, 0.4510, 0.4314,  ..., 0.4353, 0.4745, 0.4627],
         [0.4471, 0.3961, 0.4275,  ..., 0.5137, 0.4471, 0.4392]]])",0.22744277119636536,0.3494936
"tensor([[[0.4902, 0.4824, 0.4667,  ..., 0.5608, 0.4863, 0.5059],
         [0.4784, 0.4902, 0.4824,  ..., 0.4941, 0.5216, 0.5137],
         [0.4745, 0.4863, 0.4824,  ..., 0.5098, 0.4941, 0.4902],
         ...,
         [0.5451, 0.4941, 0.4627,  ..., 0.5373, 0.5137, 0.5216],
         [0.4941, 0.4902, 0.5098,  ..., 0.5725, 0.4863, 0.5059],
         [0.5255, 0.4627, 0.4784,  ..., 0.5647, 0.5098, 0.4902]]])",0.2625561058521271,0.36635137
"tensor([[[0.4941, 0.4431, 0.4353,  ..., 0.5843, 0.5765, 0.4902],
         [0.4863, 0.4784, 0.4667,  ..., 0.6078, 0.4784, 0.5373],
         [0.4353, 0.4549, 0.4392,  ..., 0.5569, 0.4980, 0.4431],
         ...,
         [0.5059, 0.4902, 0.4392,  ..., 0.5412, 0.5333, 0.4941],
         [0.4588, 0.4745, 0.4627,  ..., 0.4627, 0.5451, 0.4588],
         [0.5020, 0.4784, 0.4392,  ..., 0.4549, 0.5255, 0.4902]]])",0.19642864167690277,0.32909918
"tensor([[[0.4667, 0.4706, 0.4667,  ..., 0.5020, 0.5843, 0.4549],
         [0.4392, 0.4588, 0.4745,  ..., 0.5529, 0.5647, 0.5176],
         [0.4353, 0.4431, 0.4510,  ..., 0.6392, 0.5294, 0.4863],
         ...,
         [0.4784, 0.4549, 0.4549,  ..., 0.4549, 0.5686, 0.4941],
         [0.4549, 0.4588, 0.4863,  ..., 0.4392, 0.5294, 0.5490],
         [0.4824, 0.4706, 0.4627,  ..., 0.4784, 0.4588, 0.5961]]])",0.2047143131494522,0.3321797
"tensor([[[0.3882, 0.4510, 0.4275,  ..., 0.3922, 0.4745, 0.4980],
         [0.3765, 0.4314, 0.4353,  ..., 0.4275, 0.4824, 0.4549],
         [0.4039, 0.4157, 0.4392,  ..., 0.4549, 0.5451, 0.5020],
         ...,
         [0.4078, 0.4078, 0.4667,  ..., 0.4353, 0.4784, 0.5059],
         [0.4118, 0.4157, 0.4196,  ..., 0.4549, 0.4078, 0.4902],
         [0.3843, 0.4196, 0.4549,  ..., 0.4510, 0.4275, 0.4706]]])",0.27507251501083374,0.35772243
"tensor([[[0.4314, 0.4471, 0.4392,  ..., 0.4824, 0.4667, 0.4471],
         [0.4392, 0.4510, 0.4431,  ..., 0.4549, 0.4510, 0.4706],
         [0.4000, 0.4431, 0.4667,  ..., 0.4588, 0.4824, 0.5490],
         ...,
         [0.4118, 0.4471, 0.4353,  ..., 0.4667, 0.4706, 0.4902],
         [0.3922, 0.4941, 0.4627,  ..., 0.4667, 0.4667, 0.4784],
         [0.4902, 0.5020, 0.4314,  ..., 0.4431, 0.4745, 0.4784]]])",0.26883918046951294,0.36477107
"tensor([[[0.4431, 0.4588, 0.4471,  ..., 0.4431, 0.4588, 0.4588],
         [0.4431, 0.4549, 0.4588,  ..., 0.4431, 0.4627, 0.4431],
         [0.4392, 0.4392, 0.4588,  ..., 0.4510, 0.4510, 0.4392],
         ...,
         [0.4902, 0.4863, 0.4471,  ..., 0.4431, 0.4588, 0.4471],
         [0.4510, 0.4549, 0.4667,  ..., 0.4549, 0.4471, 0.4706],
         [0.4549, 0.4588, 0.4745,  ..., 0.4471, 0.4392, 0.4667]]])",0.47621622681617737,0.50541496
"tensor([[[0.5098, 0.5098, 0.5137,  ..., 0.5176, 0.5137, 0.5373],
         [0.5059, 0.5176, 0.5137,  ..., 0.5059, 0.5137, 0.5255],
         [0.4941, 0.5059, 0.5059,  ..., 0.4941, 0.5176, 0.5059],
         ...,
         [0.5059, 0.5412, 0.5569,  ..., 0.5176, 0.5059, 0.5137],
         [0.5647, 0.5490, 0.5333,  ..., 0.5294, 0.5098, 0.5176],
         [0.5333, 0.5137, 0.5176,  ..., 0.5059, 0.5216, 0.5176]]])",0.384705126285553,0.50205386
"tensor([[[0.3843, 0.3804, 0.3765,  ..., 0.3765, 0.3725, 0.3922],
         [0.3765, 0.3725, 0.3765,  ..., 0.3725, 0.3882, 0.3922],
         [0.3804, 0.3725, 0.3725,  ..., 0.3725, 0.3804, 0.3804],
         ...,
         [0.3647, 0.3961, 0.4549,  ..., 0.3882, 0.3686, 0.3843],
         [0.4431, 0.4471, 0.3922,  ..., 0.4039, 0.3725, 0.3843],
         [0.4000, 0.3882, 0.3686,  ..., 0.4000, 0.3804, 0.3647]]])",0.3312685787677765,0.45086983
"tensor([[[0.4353, 0.4275, 0.4275,  ..., 0.4431, 0.4353, 0.4392],
         [0.4314, 0.4275, 0.4275,  ..., 0.4314, 0.4431, 0.4353],
         [0.4392, 0.4275, 0.4275,  ..., 0.4235, 0.4431, 0.4353],
         ...,
         [0.5373, 0.4627, 0.4314,  ..., 0.4353, 0.4275, 0.4392],
         [0.4275, 0.4627, 0.4745,  ..., 0.4235, 0.4353, 0.4353],
         [0.4784, 0.4392, 0.4392,  ..., 0.4235, 0.4431, 0.4235]]])",0.31778034567832947,0.53441226
"tensor([[[0.4627, 0.4588, 0.4627,  ..., 0.4706, 0.4784, 0.4706],
         [0.4667, 0.4667, 0.4627,  ..., 0.4667, 0.4745, 0.4627],
         [0.4588, 0.4627, 0.4667,  ..., 0.4667, 0.4706, 0.4627],
         ...,
         [0.4588, 0.4667, 0.4706,  ..., 0.4627, 0.4588, 0.4627],
         [0.4745, 0.5216, 0.5412,  ..., 0.4627, 0.4627, 0.4745],
         [0.5686, 0.4706, 0.4353,  ..., 0.4588, 0.4588, 0.4706]]])",0.3390650749206543,0.4698174
"tensor([[[0.4824, 0.4706, 0.4784,  ..., 0.4824, 0.4824, 0.4824],
         [0.4824, 0.4784, 0.4824,  ..., 0.4863, 0.4784, 0.4784],
         [0.4863, 0.4745, 0.4745,  ..., 0.4784, 0.4706, 0.4745],
         ...,
         [0.4549, 0.4510, 0.4941,  ..., 0.4824, 0.4824, 0.4784],
         [0.4941, 0.5451, 0.5294,  ..., 0.4706, 0.4784, 0.4745],
         [0.5451, 0.4745, 0.4588,  ..., 0.4667, 0.4745, 0.4784]]])",0.3833804428577423,0.4614124
"tensor([[[0.4706, 0.4706, 0.4549,  ..., 0.4745, 0.4667, 0.4627],
         [0.4706, 0.4549, 0.4588,  ..., 0.4588, 0.4627, 0.4588],
         [0.4667, 0.4588, 0.4627,  ..., 0.4588, 0.4627, 0.4510],
         ...,
         [0.4667, 0.4588, 0.4549,  ..., 0.4706, 0.4745, 0.4627],
         [0.4667, 0.4784, 0.5098,  ..., 0.4471, 0.4588, 0.4627],
         [0.4902, 0.5137, 0.4863,  ..., 0.4392, 0.4471, 0.4510]]])",0.3208323121070862,0.41716176
"tensor([[[0.5255, 0.4980, 0.5176,  ..., 0.5137, 0.5216, 0.5333],
         [0.5490, 0.5255, 0.5216,  ..., 0.5294, 0.5451, 0.5294],
         [0.5294, 0.5333, 0.5255,  ..., 0.5098, 0.5098, 0.5098],
         ...,
         [0.4941, 0.4745, 0.4706,  ..., 0.5098, 0.5216, 0.5333],
         [0.4980, 0.5216, 0.5176,  ..., 0.5059, 0.5176, 0.5294],
         [0.5451, 0.5529, 0.4941,  ..., 0.5216, 0.5255, 0.5216]]])",0.29905110597610474,0.38057134
"tensor([[[0.4745, 0.4588, 0.4745,  ..., 0.4706, 0.4706, 0.5059],
         [0.4863, 0.4549, 0.4745,  ..., 0.4941, 0.5176, 0.4902],
         [0.4941, 0.4863, 0.4745,  ..., 0.4980, 0.4667, 0.4667],
         ...,
         [0.4784, 0.4588, 0.4706,  ..., 0.4824, 0.4745, 0.4824],
         [0.4667, 0.4706, 0.4784,  ..., 0.4980, 0.4941, 0.4941],
         [0.4745, 0.4980, 0.4784,  ..., 0.4745, 0.4784, 0.4784]]])",0.31132376194000244,0.38006642
"tensor([[[0.4118, 0.4196, 0.4314,  ..., 0.4824, 0.4745, 0.4392],
         [0.4314, 0.4353, 0.4431,  ..., 0.4824, 0.4392, 0.4235],
         [0.4549, 0.4314, 0.4549,  ..., 0.4314, 0.4431, 0.4706],
         ...,
         [0.4510, 0.4431, 0.4706,  ..., 0.4627, 0.4510, 0.4275],
         [0.4314, 0.4510, 0.4235,  ..., 0.4627, 0.4824, 0.4627],
         [0.3961, 0.4392, 0.4314,  ..., 0.4471, 0.4431, 0.4431]]])",0.2540740370750427,0.35267258
"tensor([[[0.4902, 0.4824, 0.5176,  ..., 0.4745, 0.4941, 0.4667],
         [0.5216, 0.4902, 0.5098,  ..., 0.4784, 0.5176, 0.4706],
         [0.5137, 0.4941, 0.5020,  ..., 0.5176, 0.4745, 0.5020],
         ...,
         [0.5255, 0.5294, 0.4902,  ..., 0.5216, 0.4980, 0.4667],
         [0.4941, 0.5059, 0.4902,  ..., 0.5216, 0.5059, 0.4863],
         [0.5059, 0.5098, 0.4667,  ..., 0.5176, 0.5176, 0.4980]]])",0.23670417070388794,0.36586744
"tensor([[[0.4706, 0.4824, 0.4784,  ..., 0.4667, 0.4824, 0.4667],
         [0.4667, 0.4863, 0.4784,  ..., 0.4863, 0.4627, 0.4706],
         [0.4588, 0.4667, 0.4784,  ..., 0.4902, 0.4863, 0.4824],
         ...,
         [0.5020, 0.4863, 0.4824,  ..., 0.5137, 0.4784, 0.4706],
         [0.4863, 0.4667, 0.4902,  ..., 0.5020, 0.5020, 0.4824],
         [0.4980, 0.4471, 0.4667,  ..., 0.4902, 0.4941, 0.4824]]])",0.27591395378112793,0.38242573
"tensor([[[0.4431, 0.4667, 0.4196,  ..., 0.4353, 0.3961, 0.3804],
         [0.4235, 0.4471, 0.4196,  ..., 0.3961, 0.4392, 0.4863],
         [0.4353, 0.4314, 0.4275,  ..., 0.4863, 0.4706, 0.4039],
         ...,
         [0.4471, 0.4431, 0.4157,  ..., 0.4431, 0.4431, 0.4431],
         [0.4235, 0.4235, 0.4235,  ..., 0.4549, 0.4510, 0.4431],
         [0.4235, 0.4235, 0.4431,  ..., 0.4588, 0.4392, 0.4353]]])",0.24891157448291779,0.38307428
"tensor([[[0.4275, 0.4314, 0.4078,  ..., 0.4196, 0.4314, 0.4471],
         [0.4353, 0.4353, 0.4157,  ..., 0.4353, 0.4196, 0.3961],
         [0.4275, 0.4549, 0.4431,  ..., 0.4078, 0.4039, 0.4275],
         ...,
         [0.4196, 0.4314, 0.4314,  ..., 0.4471, 0.4235, 0.4510],
         [0.4157, 0.4392, 0.4275,  ..., 0.4588, 0.4667, 0.4314],
         [0.4235, 0.4588, 0.4196,  ..., 0.4549, 0.4784, 0.4157]]])",0.30383312702178955,0.3919053
"tensor([[[0.4549, 0.4824, 0.4902,  ..., 0.4745, 0.4706, 0.4745],
         [0.4549, 0.4784, 0.4824,  ..., 0.4706, 0.4627, 0.4745],
         [0.4588, 0.4588, 0.4902,  ..., 0.4863, 0.4706, 0.4863],
         ...,
         [0.4863, 0.4510, 0.5098,  ..., 0.4745, 0.4824, 0.4824],
         [0.4549, 0.4745, 0.5020,  ..., 0.4745, 0.4784, 0.4784],
         [0.4431, 0.4902, 0.4863,  ..., 0.4706, 0.4706, 0.4784]]])",0.4876859486103058,0.5018477
"tensor([[[0.3961, 0.3922, 0.3922,  ..., 0.3922, 0.4039, 0.3843],
         [0.3961, 0.4000, 0.4000,  ..., 0.4039, 0.4000, 0.3922],
         [0.3961, 0.3961, 0.4000,  ..., 0.4000, 0.3725, 0.3922],
         ...,
         [0.3922, 0.3922, 0.3961,  ..., 0.3922, 0.3961, 0.3961],
         [0.3882, 0.3882, 0.3882,  ..., 0.3882, 0.3922, 0.3882],
         [0.3882, 0.3922, 0.3843,  ..., 0.3843, 0.3961, 0.3961]]])",0.5684414505958557,0.55268127
"tensor([[[0.4392, 0.4353, 0.4510,  ..., 0.4510, 0.4510, 0.4627],
         [0.4627, 0.4627, 0.4431,  ..., 0.4549, 0.4510, 0.4510],
         [0.4588, 0.4588, 0.4588,  ..., 0.4431, 0.4510, 0.4510],
         ...,
         [0.4510, 0.4353, 0.4588,  ..., 0.4353, 0.4510, 0.4627],
         [0.4549, 0.4471, 0.4588,  ..., 0.4588, 0.4549, 0.4392],
         [0.4471, 0.4471, 0.4588,  ..., 0.4471, 0.4706, 0.4784]]])",0.44909337162971497,0.49380875
"tensor([[[0.4784, 0.4667, 0.4745,  ..., 0.4392, 0.4784, 0.5176],
         [0.4784, 0.4392, 0.4588,  ..., 0.5059, 0.5059, 0.4745],
         [0.5020, 0.5059, 0.4863,  ..., 0.4706, 0.4863, 0.5098],
         ...,
         [0.5098, 0.5098, 0.5490,  ..., 0.4510, 0.4667, 0.4980],
         [0.4863, 0.5020, 0.5059,  ..., 0.4667, 0.4471, 0.4549],
         [0.4902, 0.4980, 0.4667,  ..., 0.4824, 0.5098, 0.5020]]])",0.2716406285762787,0.3882963
"tensor([[[0.4314, 0.4118, 0.4431,  ..., 0.4627, 0.4392, 0.4392],
         [0.4431, 0.4353, 0.4392,  ..., 0.4549, 0.4667, 0.4706],
         [0.4980, 0.4706, 0.4314,  ..., 0.4784, 0.4627, 0.4627],
         ...,
         [0.4627, 0.5137, 0.4824,  ..., 0.4902, 0.4784, 0.4667],
         [0.4235, 0.4667, 0.4392,  ..., 0.4431, 0.4706, 0.4745],
         [0.4392, 0.4745, 0.4392,  ..., 0.4353, 0.4431, 0.4353]]])",0.18650314211845398,0.34222558
"tensor([[[0.4431, 0.4235, 0.4706,  ..., 0.5294, 0.4275, 0.3804],
         [0.4314, 0.4392, 0.4471,  ..., 0.4157, 0.4627, 0.4745],
         [0.4235, 0.4510, 0.4392,  ..., 0.5020, 0.4510, 0.4471],
         ...,
         [0.4078, 0.4745, 0.4863,  ..., 0.4902, 0.4824, 0.4784],
         [0.4353, 0.4549, 0.4627,  ..., 0.4667, 0.4824, 0.4824],
         [0.4392, 0.4745, 0.4941,  ..., 0.4431, 0.4353, 0.4392]]])",0.2715318500995636,0.38343656
"tensor([[[0.4980, 0.4902, 0.5216,  ..., 0.4941, 0.5686, 0.5961],
         [0.4941, 0.5020, 0.5333,  ..., 0.5804, 0.4941, 0.4627],
         [0.4627, 0.4627, 0.5137,  ..., 0.4471, 0.4902, 0.4980],
         ...,
         [0.5059, 0.5176, 0.5373,  ..., 0.5647, 0.5098, 0.5569],
         [0.4824, 0.4784, 0.5176,  ..., 0.5608, 0.5137, 0.5490],
         [0.4784, 0.4980, 0.5137,  ..., 0.5529, 0.5333, 0.5137]]])",0.20204269886016846,0.34798086
"tensor([[[0.4902, 0.4980, 0.5098,  ..., 0.4392, 0.5255, 0.5569],
         [0.4824, 0.5059, 0.5176,  ..., 0.5529, 0.4980, 0.4627],
         [0.4392, 0.4314, 0.4863,  ..., 0.4627, 0.4863, 0.4706],
         ...,
         [0.4941, 0.5020, 0.4784,  ..., 0.5255, 0.5098, 0.4941],
         [0.4980, 0.4980, 0.4941,  ..., 0.5529, 0.5608, 0.5294],
         [0.5176, 0.4980, 0.5373,  ..., 0.4941, 0.4980, 0.5451]]])",0.2003825306892395,0.33183852
"tensor([[[0.4471, 0.4392, 0.4431,  ..., 0.4196, 0.4824, 0.4980],
         [0.4275, 0.4235, 0.4784,  ..., 0.4745, 0.4275, 0.3882],
         [0.4000, 0.3843, 0.4314,  ..., 0.3843, 0.3882, 0.4196],
         ...,
         [0.4353, 0.4510, 0.4510,  ..., 0.4549, 0.4392, 0.4471],
         [0.4667, 0.4549, 0.4392,  ..., 0.4353, 0.4196, 0.4392],
         [0.4510, 0.4510, 0.4667,  ..., 0.4588, 0.4549, 0.4392]]])",0.24103409051895142,0.34998137
"tensor([[[0.4392, 0.4353, 0.4431,  ..., 0.4235, 0.4667, 0.4353],
         [0.4353, 0.4510, 0.4471,  ..., 0.4235, 0.3961, 0.4039],
         [0.4039, 0.4235, 0.4118,  ..., 0.4000, 0.4157, 0.4196],
         ...,
         [0.4471, 0.4549, 0.4902,  ..., 0.4196, 0.4235, 0.4431],
         [0.4863, 0.4549, 0.4510,  ..., 0.4353, 0.4078, 0.4471],
         [0.4549, 0.4431, 0.4275,  ..., 0.4431, 0.4431, 0.4549]]])",0.3272952139377594,0.3876267
"tensor([[[0.4353, 0.4314, 0.4549,  ..., 0.4549, 0.4471, 0.4392],
         [0.4784, 0.4392, 0.4549,  ..., 0.4980, 0.4157, 0.4157],
         [0.4941, 0.4706, 0.4667,  ..., 0.4392, 0.3922, 0.4314],
         ...,
         [0.4510, 0.4118, 0.4588,  ..., 0.4941, 0.4627, 0.4392],
         [0.4392, 0.4745, 0.4706,  ..., 0.4431, 0.4980, 0.4667],
         [0.4706, 0.4824, 0.4824,  ..., 0.4314, 0.4980, 0.4863]]])",0.2242247462272644,0.34351328
"tensor([[[0.4196, 0.4118, 0.4157,  ..., 0.4157, 0.4078, 0.4431],
         [0.4314, 0.4275, 0.4118,  ..., 0.4235, 0.4000, 0.4471],
         [0.4510, 0.4667, 0.4510,  ..., 0.3961, 0.4196, 0.4157],
         ...,
         [0.4196, 0.4196, 0.4000,  ..., 0.4235, 0.4353, 0.4118],
         [0.4000, 0.4314, 0.4314,  ..., 0.4588, 0.4353, 0.4118],
         [0.4863, 0.4353, 0.4157,  ..., 0.5176, 0.4314, 0.4706]]])",0.23982463777065277,0.34638986
"tensor([[[0.4392, 0.4392, 0.4431,  ..., 0.5804, 0.4902, 0.3765],
         [0.4745, 0.4745, 0.4510,  ..., 0.5373, 0.4588, 0.4196],
         [0.4588, 0.4784, 0.4784,  ..., 0.5137, 0.4039, 0.4235],
         ...,
         [0.4431, 0.4549, 0.4510,  ..., 0.5686, 0.5137, 0.4000],
         [0.4706, 0.4510, 0.4745,  ..., 0.5725, 0.5882, 0.4980],
         [0.4353, 0.4824, 0.4588,  ..., 0.5255, 0.6510, 0.6157]]])",0.23045243322849274,0.3577453
"tensor([[[0.4196, 0.4157, 0.3961,  ..., 0.6196, 0.4471, 0.4039],
         [0.4392, 0.4275, 0.4235,  ..., 0.5804, 0.4118, 0.3608],
         [0.4275, 0.4314, 0.4431,  ..., 0.4745, 0.3922, 0.3490],
         ...,
         [0.4549, 0.4471, 0.4157,  ..., 0.5843, 0.5059, 0.4353],
         [0.4196, 0.4196, 0.4275,  ..., 0.4941, 0.6039, 0.4392],
         [0.4471, 0.4392, 0.4196,  ..., 0.4431, 0.6353, 0.4824]]])",0.2648857831954956,0.36156046
"tensor([[[0.4235, 0.4157, 0.3686,  ..., 0.4588, 0.4039, 0.4392],
         [0.4745, 0.4196, 0.3961,  ..., 0.4196, 0.3843, 0.6039],
         [0.4314, 0.4549, 0.4471,  ..., 0.4078, 0.4706, 0.6314],
         ...,
         [0.4510, 0.4392, 0.4353,  ..., 0.4588, 0.4392, 0.4196],
         [0.4314, 0.4314, 0.4275,  ..., 0.4784, 0.4745, 0.3843],
         [0.4314, 0.4431, 0.4118,  ..., 0.5098, 0.4627, 0.4235]]])",0.24356511235237122,0.35534903
"tensor([[[0.3804, 0.3922, 0.3922,  ..., 0.3765, 0.4667, 0.4863],
         [0.4392, 0.4078, 0.3725,  ..., 0.4549, 0.4471, 0.5569],
         [0.4314, 0.4235, 0.4275,  ..., 0.4667, 0.4706, 0.5059],
         ...,
         [0.3961, 0.4000, 0.4078,  ..., 0.3804, 0.4745, 0.4549],
         [0.4118, 0.4196, 0.4157,  ..., 0.3961, 0.4314, 0.4353],
         [0.4196, 0.4196, 0.3725,  ..., 0.4431, 0.3765, 0.4902]]])",0.30760812759399414,0.39924473
"tensor([[[0.4588, 0.4549, 0.4510,  ..., 0.4549, 0.5529, 0.4902],
         [0.4902, 0.4510, 0.4706,  ..., 0.5255, 0.5333, 0.5961],
         [0.4745, 0.4941, 0.5176,  ..., 0.5961, 0.5804, 0.5765],
         ...,
         [0.4980, 0.4706, 0.4510,  ..., 0.4039, 0.5569, 0.5412],
         [0.4510, 0.4431, 0.4706,  ..., 0.4431, 0.5216, 0.5373],
         [0.4706, 0.4824, 0.4667,  ..., 0.5373, 0.4588, 0.6039]]])",0.28064271807670593,0.36495987
"tensor([[[0.4745, 0.4980, 0.4706,  ..., 0.4706, 0.4863, 0.6745],
         [0.4510, 0.4667, 0.4863,  ..., 0.5373, 0.5686, 0.5843],
         [0.4549, 0.4706, 0.4980,  ..., 0.5255, 0.5804, 0.4941],
         ...,
         [0.4549, 0.4549, 0.4471,  ..., 0.4588, 0.4745, 0.5412],
         [0.4510, 0.4392, 0.4824,  ..., 0.4863, 0.5569, 0.5451],
         [0.4706, 0.4431, 0.4588,  ..., 0.4824, 0.4941, 0.5294]]])",0.27884113788604736,0.37471396
"tensor([[[0.6157, 0.6275, 0.5922,  ..., 0.5725, 0.6549, 0.6353],
         [0.5765, 0.6157, 0.5843,  ..., 0.6157, 0.6549, 0.5922],
         [0.5804, 0.6000, 0.6078,  ..., 0.6627, 0.6353, 0.6275],
         ...,
         [0.6000, 0.5804, 0.5725,  ..., 0.6078, 0.6510, 0.6510],
         [0.5804, 0.5725, 0.6275,  ..., 0.6157, 0.6275, 0.6980],
         [0.5961, 0.5961, 0.6039,  ..., 0.6157, 0.6118, 0.6549]]])",0.32310909032821655,0.4959374
"tensor([[[0.4588, 0.5529, 0.5451,  ..., 0.5608, 0.5686, 0.5804],
         [0.5176, 0.5137, 0.6039,  ..., 0.5529, 0.4784, 0.5843],
         [0.5529, 0.4980, 0.5922,  ..., 0.5176, 0.6000, 0.5725],
         ...,
         [0.5373, 0.5490, 0.4667,  ..., 0.6353, 0.5843, 0.6706],
         [0.4980, 0.4353, 0.4196,  ..., 0.6392, 0.6431, 0.6118],
         [0.4706, 0.4667, 0.5137,  ..., 0.6314, 0.6431, 0.5647]]])",0.1995788812637329,0.49775565
"tensor([[[0.4588, 0.4824, 0.4510,  ..., 0.4667, 0.4039, 0.4235],
         [0.4157, 0.4627, 0.4667,  ..., 0.4118, 0.4275, 0.4510],
         [0.4667, 0.4275, 0.4549,  ..., 0.4314, 0.4588, 0.4471],
         ...,
         [0.3922, 0.4078, 0.4627,  ..., 0.4275, 0.4078, 0.4588],
         [0.4471, 0.4353, 0.4706,  ..., 0.4314, 0.4078, 0.3647],
         [0.4588, 0.4353, 0.4627,  ..., 0.4314, 0.4431, 0.4039]]])",0.34676599502563477,0.48910123
"tensor([[[0.5216, 0.4784, 0.5216,  ..., 0.4706, 0.4392, 0.4196],
         [0.5020, 0.5020, 0.4863,  ..., 0.3843, 0.4039, 0.4588],
         [0.4392, 0.4824, 0.4745,  ..., 0.4235, 0.4667, 0.4157],
         ...,
         [0.4549, 0.4784, 0.5176,  ..., 0.3961, 0.3804, 0.4941],
         [0.4784, 0.4549, 0.5020,  ..., 0.4627, 0.3490, 0.3608],
         [0.4549, 0.5255, 0.4667,  ..., 0.4588, 0.3843, 0.3961]]])",0.23433314263820648,0.34087262
"tensor([[[0.5059, 0.4745, 0.5451,  ..., 0.5059, 0.4353, 0.4353],
         [0.4902, 0.5098, 0.4863,  ..., 0.4784, 0.4745, 0.4745],
         [0.4745, 0.5020, 0.4824,  ..., 0.4941, 0.4549, 0.4353],
         ...,
         [0.5137, 0.4784, 0.5020,  ..., 0.4078, 0.3922, 0.4471],
         [0.4431, 0.4667, 0.4745,  ..., 0.4627, 0.4549, 0.4000],
         [0.4353, 0.4824, 0.4902,  ..., 0.4588, 0.4471, 0.4392]]])",0.22989696264266968,0.34776944
"tensor([[[0.5843, 0.5490, 0.6039,  ..., 0.5843, 0.5333, 0.5490],
         [0.5373, 0.6039, 0.5608,  ..., 0.5922, 0.5608, 0.5412],
         [0.5216, 0.5843, 0.5608,  ..., 0.5882, 0.5490, 0.5333],
         ...,
         [0.6157, 0.5961, 0.5725,  ..., 0.5059, 0.4706, 0.4667],
         [0.5490, 0.4863, 0.5451,  ..., 0.5608, 0.5843, 0.5255],
         [0.4941, 0.5333, 0.5529,  ..., 0.5020, 0.5216, 0.5333]]])",0.2241918295621872,0.34036592
"tensor([[[0.4863, 0.5216, 0.5922,  ..., 0.5725, 0.5686, 0.5098],
         [0.4980, 0.4706, 0.5686,  ..., 0.6039, 0.5020, 0.4902],
         [0.5725, 0.5137, 0.5373,  ..., 0.5294, 0.4863, 0.5490],
         ...,
         [0.4431, 0.5176, 0.4745,  ..., 0.5020, 0.5098, 0.4196],
         [0.4824, 0.4980, 0.4863,  ..., 0.5176, 0.5412, 0.4118],
         [0.5451, 0.5216, 0.5373,  ..., 0.5608, 0.5765, 0.5451]]])",0.21028460562229156,0.481255
"tensor([[[0.4627, 0.5059, 0.4941,  ..., 0.5098, 0.3725, 0.4824],
         [0.4471, 0.4745, 0.5020,  ..., 0.4353, 0.4157, 0.4745],
         [0.4510, 0.4588, 0.4824,  ..., 0.3373, 0.4078, 0.4588],
         ...,
         [0.4314, 0.4275, 0.4431,  ..., 0.4863, 0.3176, 0.3843],
         [0.4157, 0.4549, 0.4627,  ..., 0.5490, 0.3804, 0.3529],
         [0.4275, 0.4471, 0.4824,  ..., 0.5098, 0.5137, 0.3961]]])",0.2056719809770584,0.33119515
"tensor([[[0.5294, 0.5686, 0.5294,  ..., 0.5725, 0.4745, 0.4314],
         [0.4863, 0.5412, 0.5059,  ..., 0.5529, 0.4000, 0.4549],
         [0.5216, 0.5216, 0.5333,  ..., 0.4745, 0.4392, 0.5569],
         ...,
         [0.4353, 0.5059, 0.5059,  ..., 0.5098, 0.4588, 0.3725],
         [0.5412, 0.4510, 0.5373,  ..., 0.5333, 0.5333, 0.3961],
         [0.4863, 0.4902, 0.5843,  ..., 0.5176, 0.5725, 0.5176]]])",0.17066767811775208,0.3369884
"tensor([[[0.4941, 0.4667, 0.5804,  ..., 0.5020, 0.5412, 0.4510],
         [0.4784, 0.4588, 0.4941,  ..., 0.5333, 0.5294, 0.3882],
         [0.4275, 0.5176, 0.4549,  ..., 0.5255, 0.4431, 0.4235],
         ...,
         [0.5020, 0.4471, 0.4980,  ..., 0.5098, 0.4667, 0.3922],
         [0.4627, 0.5020, 0.4980,  ..., 0.5686, 0.5529, 0.5373],
         [0.4392, 0.5098, 0.5137,  ..., 0.5137, 0.4824, 0.5255]]])",0.20851726830005646,0.3374359
"tensor([[[0.4471, 0.5020, 0.4941,  ..., 0.5412, 0.5216, 0.4745],
         [0.4510, 0.5020, 0.4863,  ..., 0.4980, 0.4824, 0.4588],
         [0.4863, 0.4549, 0.4902,  ..., 0.5098, 0.4902, 0.4431],
         ...,
         [0.4902, 0.5098, 0.5176,  ..., 0.5137, 0.4902, 0.4588],
         [0.4941, 0.5137, 0.5137,  ..., 0.5333, 0.5529, 0.5020],
         [0.5020, 0.4863, 0.5373,  ..., 0.5059, 0.5294, 0.5137]]])",0.17791850864887238,0.33745506
"tensor([[[0.4353, 0.4706, 0.4902,  ..., 0.4941, 0.4824, 0.4196],
         [0.4706, 0.4667, 0.4824,  ..., 0.4510, 0.4706, 0.3961],
         [0.5098, 0.4510, 0.4824,  ..., 0.4824, 0.4431, 0.4275],
         ...,
         [0.4824, 0.5686, 0.5176,  ..., 0.4941, 0.4863, 0.4549],
         [0.5216, 0.5216, 0.4902,  ..., 0.5255, 0.4667, 0.4824],
         [0.5333, 0.4706, 0.4980,  ..., 0.5333, 0.4941, 0.4784]]])",0.21943621337413788,0.36932063
"tensor([[[0.3373, 0.4000, 0.3725,  ..., 0.4353, 0.3882, 0.3765],
         [0.3725, 0.3843, 0.3765,  ..., 0.4118, 0.3647, 0.3490],
         [0.4745, 0.3647, 0.4039,  ..., 0.3725, 0.3529, 0.3569],
         ...,
         [0.3608, 0.4784, 0.4039,  ..., 0.4314, 0.3843, 0.3569],
         [0.4627, 0.4353, 0.4000,  ..., 0.4235, 0.4039, 0.3647],
         [0.4863, 0.3804, 0.4157,  ..., 0.4078, 0.4275, 0.3843]]])",0.37897971272468567,0.41305408
"tensor([[[0.5098, 0.4667, 0.4314,  ..., 0.4627, 0.3843, 0.4118],
         [0.4667, 0.5098, 0.4235,  ..., 0.4667, 0.4314, 0.4392],
         [0.4353, 0.5294, 0.4627,  ..., 0.4471, 0.4157, 0.4627],
         ...,
         [0.4275, 0.4745, 0.4902,  ..., 0.4431, 0.4353, 0.4196],
         [0.5098, 0.4549, 0.5020,  ..., 0.4941, 0.4745, 0.4039],
         [0.4902, 0.4627, 0.4980,  ..., 0.4745, 0.4980, 0.4627]]])",0.21339738368988037,0.33288142
"tensor([[[0.4235, 0.4549, 0.4118,  ..., 0.4549, 0.3961, 0.4118],
         [0.4353, 0.4588, 0.4235,  ..., 0.4235, 0.4000, 0.4000],
         [0.4275, 0.4392, 0.4588,  ..., 0.3843, 0.4196, 0.4510],
         ...,
         [0.4353, 0.4118, 0.4314,  ..., 0.4588, 0.3765, 0.4235],
         [0.4314, 0.4118, 0.4118,  ..., 0.4196, 0.4314, 0.4000],
         [0.4000, 0.4510, 0.4667,  ..., 0.3686, 0.5137, 0.3882]]])",0.26038581132888794,0.35948107
"tensor([[[0.4863, 0.4588, 0.5020,  ..., 0.4745, 0.4510, 0.4824],
         [0.4824, 0.4784, 0.5020,  ..., 0.4588, 0.4902, 0.4667],
         [0.4667, 0.4824, 0.4824,  ..., 0.4627, 0.4941, 0.4784],
         ...,
         [0.4824, 0.5098, 0.4706,  ..., 0.4863, 0.4745, 0.4980],
         [0.4588, 0.4667, 0.4980,  ..., 0.4824, 0.4863, 0.5059],
         [0.5020, 0.5020, 0.4824,  ..., 0.4941, 0.4784, 0.4510]]])",0.2756778597831726,0.36519352
"tensor([[[0.5059, 0.4941, 0.5098,  ..., 0.4980, 0.4941, 0.5255],
         [0.4941, 0.4902, 0.5059,  ..., 0.4902, 0.4980, 0.5059],
         [0.4902, 0.4902, 0.5020,  ..., 0.4902, 0.5176, 0.4745],
         ...,
         [0.4902, 0.5255, 0.4706,  ..., 0.4863, 0.5216, 0.5255],
         [0.4549, 0.4745, 0.5451,  ..., 0.4902, 0.5137, 0.4902],
         [0.5098, 0.5412, 0.5333,  ..., 0.4784, 0.4980, 0.5255]]])",0.2578990161418915,0.40409315
"tensor([[[0.4745, 0.4784, 0.4627,  ..., 0.4627, 0.4784, 0.4784],
         [0.4667, 0.4745, 0.4784,  ..., 0.4588, 0.4667, 0.4784],
         [0.4706, 0.4745, 0.4902,  ..., 0.4745, 0.4667, 0.4627],
         ...,
         [0.4824, 0.4667, 0.4784,  ..., 0.4980, 0.4941, 0.4784],
         [0.4471, 0.5176, 0.4902,  ..., 0.4941, 0.4706, 0.4902],
         [0.5020, 0.4235, 0.5059,  ..., 0.4980, 0.4667, 0.4667]]])",0.27288785576820374,0.49267992
"tensor([[[0.4863, 0.4941, 0.4824,  ..., 0.4902, 0.4863, 0.5059],
         [0.4863, 0.4863, 0.4863,  ..., 0.4863, 0.4784, 0.4863],
         [0.4784, 0.4824, 0.4902,  ..., 0.4824, 0.4863, 0.4824],
         ...,
         [0.4706, 0.5490, 0.5373,  ..., 0.4980, 0.4902, 0.5020],
         [0.5412, 0.4627, 0.4196,  ..., 0.4980, 0.4902, 0.4902],
         [0.3686, 0.4745, 0.6392,  ..., 0.4824, 0.4941, 0.4745]]])",0.31444472074508667,0.5252881
"tensor([[[0.4941, 0.4980, 0.4863,  ..., 0.5059, 0.4784, 0.5020],
         [0.4784, 0.4863, 0.4941,  ..., 0.5020, 0.4784, 0.5176],
         [0.4902, 0.4824, 0.4824,  ..., 0.4902, 0.4941, 0.5020],
         ...,
         [0.4275, 0.4745, 0.5216,  ..., 0.5020, 0.4980, 0.4941],
         [0.5176, 0.5059, 0.5137,  ..., 0.4824, 0.5098, 0.4706],
         [0.4941, 0.5608, 0.5529,  ..., 0.5059, 0.5137, 0.4824]]])",0.30707651376724243,0.50987434
"tensor([[[0.4980, 0.5020, 0.4941,  ..., 0.4941, 0.5020, 0.4941],
         [0.4902, 0.4980, 0.4941,  ..., 0.4980, 0.5020, 0.5020],
         [0.4980, 0.4980, 0.4863,  ..., 0.5098, 0.4980, 0.4941],
         ...,
         [0.5020, 0.4353, 0.4980,  ..., 0.4980, 0.5020, 0.5020],
         [0.4784, 0.6000, 0.5804,  ..., 0.5137, 0.5020, 0.5059],
         [0.6078, 0.4980, 0.4667,  ..., 0.5059, 0.5059, 0.5176]]])",0.3727150559425354,0.5719904
"tensor([[[0.5020, 0.5098, 0.5137,  ..., 0.5216, 0.5098, 0.5059],
         [0.5098, 0.5059, 0.5020,  ..., 0.5176, 0.5176, 0.5020],
         [0.5137, 0.5020, 0.5059,  ..., 0.5137, 0.5098, 0.4902],
         ...,
         [0.4784, 0.5451, 0.5686,  ..., 0.5216, 0.5098, 0.5137],
         [0.5686, 0.5490, 0.5412,  ..., 0.5176, 0.5216, 0.5176],
         [0.5373, 0.5255, 0.4902,  ..., 0.5255, 0.5255, 0.5137]]])",0.323066383600235,0.53611
"tensor([[[0.4863, 0.5020, 0.4863,  ..., 0.5020, 0.5176, 0.5569],
         [0.4980, 0.5059, 0.4902,  ..., 0.5490, 0.5647, 0.4863],
         [0.4941, 0.5059, 0.5020,  ..., 0.4980, 0.4824, 0.5137],
         ...,
         [0.4824, 0.5059, 0.5216,  ..., 0.4941, 0.4980, 0.4941],
         [0.4941, 0.4980, 0.4980,  ..., 0.4902, 0.5098, 0.5059],
         [0.4745, 0.4941, 0.5059,  ..., 0.5059, 0.5020, 0.4980]]])",0.36174842715263367,0.4657789
"tensor([[[0.4863, 0.4824, 0.4980,  ..., 0.5216, 0.4784, 0.4706],
         [0.4941, 0.5020, 0.4902,  ..., 0.5059, 0.5098, 0.5020],
         [0.4941, 0.5098, 0.4941,  ..., 0.5137, 0.4941, 0.5059],
         ...,
         [0.4824, 0.5098, 0.5020,  ..., 0.4784, 0.4706, 0.4745],
         [0.4863, 0.4941, 0.4863,  ..., 0.4824, 0.4863, 0.4902],
         [0.4902, 0.5059, 0.5137,  ..., 0.4980, 0.5098, 0.4863]]])",0.26466649770736694,0.39607084
"tensor([[[0.4392, 0.4235, 0.4314,  ..., 0.4588, 0.4588, 0.4549],
         [0.4471, 0.4588, 0.4275,  ..., 0.4471, 0.4471, 0.4275],
         [0.4118, 0.4431, 0.4392,  ..., 0.4078, 0.4510, 0.4314],
         ...,
         [0.4275, 0.4235, 0.4196,  ..., 0.4118, 0.4196, 0.4275],
         [0.4314, 0.4275, 0.4157,  ..., 0.4314, 0.4196, 0.4275],
         [0.4431, 0.4392, 0.4196,  ..., 0.3961, 0.4118, 0.4314]]])",0.24987773597240448,0.44305366
"tensor([[[0.4196, 0.4235, 0.4392,  ..., 0.4863, 0.4549, 0.4275],
         [0.4392, 0.4078, 0.4549,  ..., 0.4353, 0.4275, 0.4235],
         [0.4275, 0.4078, 0.4353,  ..., 0.4157, 0.4314, 0.4353],
         ...,
         [0.4196, 0.4078, 0.4235,  ..., 0.4039, 0.4118, 0.4235],
         [0.4235, 0.4157, 0.4196,  ..., 0.4118, 0.4118, 0.4000],
         [0.4000, 0.4275, 0.4392,  ..., 0.4196, 0.4235, 0.4078]]])",0.2903202176094055,0.4551229
"tensor([[[0.4314, 0.4902, 0.4510,  ..., 0.4706, 0.4902, 0.4980],
         [0.4275, 0.4784, 0.4706,  ..., 0.4980, 0.4824, 0.4941],
         [0.4471, 0.4549, 0.4902,  ..., 0.4980, 0.4392, 0.4000],
         ...,
         [0.4431, 0.4392, 0.4667,  ..., 0.4314, 0.4510, 0.4588],
         [0.4745, 0.4353, 0.4745,  ..., 0.4549, 0.4353, 0.4157],
         [0.4471, 0.4235, 0.4980,  ..., 0.4745, 0.4863, 0.4627]]])",0.25292763113975525,0.37209982
"tensor([[[0.4314, 0.4353, 0.4588,  ..., 0.4941, 0.4078, 0.4039],
         [0.4157, 0.4314, 0.4588,  ..., 0.4353, 0.4431, 0.4510],
         [0.4353, 0.4275, 0.4314,  ..., 0.4510, 0.4314, 0.4078],
         ...,
         [0.4314, 0.4078, 0.4392,  ..., 0.4275, 0.4314, 0.4314],
         [0.4078, 0.4039, 0.4510,  ..., 0.4157, 0.4196, 0.4392],
         [0.3961, 0.4157, 0.4667,  ..., 0.4549, 0.4353, 0.4078]]])",0.27737581729888916,0.38829654
"tensor([[[0.4000, 0.3686, 0.4392,  ..., 0.5098, 0.4627, 0.4353],
         [0.4000, 0.3804, 0.4196,  ..., 0.4118, 0.3294, 0.3294],
         [0.3882, 0.3765, 0.3882,  ..., 0.3137, 0.4588, 0.4784],
         ...,
         [0.3922, 0.3686, 0.3843,  ..., 0.3686, 0.3804, 0.3804],
         [0.3843, 0.3961, 0.3922,  ..., 0.3882, 0.3922, 0.3922],
         [0.3804, 0.3765, 0.3922,  ..., 0.3804, 0.3882, 0.4078]]])",0.2873135209083557,0.3886573
"tensor([[[0.4863, 0.4706, 0.5059,  ..., 0.6275, 0.4824, 0.3373],
         [0.4667, 0.4667, 0.4941,  ..., 0.4039, 0.4078, 0.5176],
         [0.4510, 0.4667, 0.4588,  ..., 0.5373, 0.4980, 0.4549],
         ...,
         [0.4549, 0.4627, 0.4549,  ..., 0.4745, 0.4588, 0.4784],
         [0.4902, 0.4667, 0.4784,  ..., 0.4745, 0.4549, 0.4510],
         [0.5059, 0.4510, 0.4745,  ..., 0.4863, 0.4706, 0.4431]]])",0.26578983664512634,0.3996375
"tensor([[[0.4235, 0.4431, 0.4706,  ..., 0.4431, 0.4549, 0.4706],
         [0.4353, 0.4471, 0.4667,  ..., 0.4824, 0.4784, 0.4471],
         [0.4392, 0.4431, 0.4431,  ..., 0.4980, 0.4784, 0.4392],
         ...,
         [0.4549, 0.4667, 0.4706,  ..., 0.4745, 0.4510, 0.4392],
         [0.4627, 0.4706, 0.4549,  ..., 0.4353, 0.4510, 0.4706],
         [0.4667, 0.4627, 0.4510,  ..., 0.4549, 0.4314, 0.4196]]])",0.32358720898628235,0.40898484
"tensor([[[0.4392, 0.4314, 0.4667,  ..., 0.3922, 0.4196, 0.4667],
         [0.4392, 0.4353, 0.4510,  ..., 0.4588, 0.4627, 0.4667],
         [0.4314, 0.4314, 0.4392,  ..., 0.4314, 0.4314, 0.4706],
         ...,
         [0.4549, 0.4353, 0.4196,  ..., 0.4588, 0.4706, 0.4392],
         [0.4392, 0.4510, 0.4353,  ..., 0.4549, 0.4667, 0.4745],
         [0.4235, 0.4235, 0.4078,  ..., 0.4431, 0.4353, 0.4549]]])",0.35206398367881775,0.42388776
"tensor([[[0.3843, 0.4235, 0.4078,  ..., 0.3804, 0.4039, 0.4235],
         [0.4157, 0.3725, 0.4118,  ..., 0.4157, 0.4235, 0.4275],
         [0.4118, 0.3686, 0.4039,  ..., 0.4039, 0.4000, 0.4196],
         ...,
         [0.4118, 0.3882, 0.3725,  ..., 0.4314, 0.4353, 0.4196],
         [0.3765, 0.4078, 0.3961,  ..., 0.4000, 0.4314, 0.4510],
         [0.4275, 0.4039, 0.3922,  ..., 0.4078, 0.3882, 0.4000]]])",0.3383847773075104,0.4019878
"tensor([[[0.3922, 0.3725, 0.4000,  ..., 0.4078, 0.4078, 0.3882],
         [0.3647, 0.3686, 0.3922,  ..., 0.3882, 0.3882, 0.3843],
         [0.3804, 0.3608, 0.3608,  ..., 0.3765, 0.3804, 0.3804],
         ...,
         [0.4039, 0.3804, 0.3725,  ..., 0.3882, 0.4000, 0.4118],
         [0.3725, 0.3451, 0.3765,  ..., 0.3843, 0.3882, 0.3922],
         [0.3686, 0.3647, 0.3725,  ..., 0.3843, 0.3765, 0.3922]]])",0.41093316674232483,0.4575644
"tensor([[[0.4157, 0.4275, 0.4314,  ..., 0.4314, 0.4314, 0.4314],
         [0.4118, 0.4078, 0.4078,  ..., 0.4353, 0.4353, 0.4510],
         [0.4706, 0.4314, 0.4235,  ..., 0.4510, 0.4353, 0.4314],
         ...,
         [0.4157, 0.4235, 0.4510,  ..., 0.4510, 0.4510, 0.4314],
         [0.4196, 0.4196, 0.3961,  ..., 0.4196, 0.4353, 0.4510],
         [0.3686, 0.3804, 0.4196,  ..., 0.4431, 0.4196, 0.4314]]])",0.30479303002357483,0.35846666
"tensor([[[0.5020, 0.4941, 0.4941,  ..., 0.4824, 0.4824, 0.4941],
         [0.4824, 0.4824, 0.4627,  ..., 0.4980, 0.4980, 0.5020],
         [0.5294, 0.5569, 0.4784,  ..., 0.5098, 0.4980, 0.4902],
         ...,
         [0.4941, 0.4980, 0.5098,  ..., 0.5137, 0.4784, 0.4824],
         [0.5137, 0.5255, 0.4902,  ..., 0.5176, 0.5137, 0.5333],
         [0.4745, 0.4667, 0.4549,  ..., 0.5176, 0.4784, 0.5020]]])",0.26157382130622864,0.3718621
"tensor([[[0.4431, 0.4784, 0.4314,  ..., 0.4510, 0.4549, 0.4667],
         [0.4745, 0.4706, 0.4471,  ..., 0.4667, 0.4902, 0.4824],
         [0.4863, 0.4706, 0.4980,  ..., 0.5020, 0.4667, 0.4745],
         ...,
         [0.4588, 0.4784, 0.4941,  ..., 0.4392, 0.4118, 0.4314],
         [0.5020, 0.4863, 0.4824,  ..., 0.4902, 0.4706, 0.4667],
         [0.4784, 0.4706, 0.4627,  ..., 0.5098, 0.4902, 0.4863]]])",0.275549054145813,0.37003386
"tensor([[[0.4235, 0.4078, 0.3961,  ..., 0.4275, 0.3843, 0.3922],
         [0.4235, 0.4118, 0.4235,  ..., 0.3843, 0.4000, 0.4588],
         [0.4078, 0.4039, 0.4196,  ..., 0.4314, 0.4745, 0.4863],
         ...,
         [0.4510, 0.4314, 0.4314,  ..., 0.4392, 0.4078, 0.4039],
         [0.4353, 0.4471, 0.4549,  ..., 0.4784, 0.4588, 0.4392],
         [0.4588, 0.4510, 0.3922,  ..., 0.4431, 0.4235, 0.4471]]])",0.27008727192878723,0.35339677
"tensor([[[0.5333, 0.4941, 0.4941,  ..., 0.5294, 0.5020, 0.5059],
         [0.5608, 0.5412, 0.5294,  ..., 0.4824, 0.5098, 0.5569],
         [0.5294, 0.5216, 0.5294,  ..., 0.5373, 0.5922, 0.5804],
         ...,
         [0.5490, 0.5725, 0.5765,  ..., 0.5255, 0.5137, 0.4941],
         [0.5843, 0.5451, 0.5216,  ..., 0.5569, 0.5569, 0.5412],
         [0.5490, 0.5255, 0.5098,  ..., 0.5255, 0.5216, 0.5647]]])",0.28896185755729675,0.35404104
"tensor([[[0.4275, 0.4039, 0.4588,  ..., 0.4039, 0.4745, 0.4353],
         [0.4667, 0.4314, 0.4196,  ..., 0.4706, 0.4863, 0.4314],
         [0.4745, 0.4627, 0.4431,  ..., 0.5020, 0.4431, 0.4392],
         ...,
         [0.4863, 0.4902, 0.4627,  ..., 0.4627, 0.4118, 0.4235],
         [0.4902, 0.4667, 0.4745,  ..., 0.4510, 0.4627, 0.4902],
         [0.4902, 0.4824, 0.4353,  ..., 0.4392, 0.4431, 0.4588]]])",0.23573939502239227,0.3603966
"tensor([[[0.4588, 0.4275, 0.4588,  ..., 0.4353, 0.4902, 0.4392],
         [0.4588, 0.4392, 0.4314,  ..., 0.4510, 0.4863, 0.4588],
         [0.4471, 0.4588, 0.4157,  ..., 0.5020, 0.4667, 0.4392],
         ...,
         [0.4824, 0.4549, 0.4588,  ..., 0.4627, 0.4627, 0.4549],
         [0.4745, 0.4784, 0.4745,  ..., 0.4314, 0.4275, 0.4627],
         [0.4784, 0.4902, 0.4627,  ..., 0.4745, 0.4353, 0.4471]]])",0.2772042453289032,0.37771758
"tensor([[[0.3490, 0.3490, 0.3765,  ..., 0.3765, 0.3608, 0.3725],
         [0.3569, 0.3451, 0.3647,  ..., 0.3608, 0.3725, 0.3765],
         [0.3647, 0.3373, 0.3451,  ..., 0.3686, 0.3922, 0.3765],
         ...,
         [0.3725, 0.3686, 0.3804,  ..., 0.3686, 0.3608, 0.3529],
         [0.3804, 0.3922, 0.3804,  ..., 0.3843, 0.3725, 0.3608],
         [0.3882, 0.3765, 0.3725,  ..., 0.3882, 0.3922, 0.3922]]])",0.3167878985404968,0.42446944
"tensor([[[0.3294, 0.3608, 0.4314,  ..., 0.3765, 0.3451, 0.3333],
         [0.3373, 0.3765, 0.3961,  ..., 0.3373, 0.3804, 0.4353],
         [0.3529, 0.3490, 0.3804,  ..., 0.4392, 0.4588, 0.4196],
         ...,
         [0.4118, 0.3882, 0.3882,  ..., 0.4039, 0.3804, 0.3608],
         [0.4157, 0.3922, 0.3882,  ..., 0.4235, 0.4157, 0.3961],
         [0.4078, 0.3686, 0.3843,  ..., 0.3922, 0.4235, 0.4275]]])",0.2651117444038391,0.36963162
"tensor([[[0.4627, 0.5216, 0.5255,  ..., 0.4627, 0.5176, 0.4863],
         [0.4196, 0.4902, 0.5333,  ..., 0.4706, 0.4902, 0.5059],
         [0.4314, 0.4510, 0.5059,  ..., 0.4863, 0.5255, 0.5412],
         ...,
         [0.5098, 0.5020, 0.4667,  ..., 0.5451, 0.5020, 0.4667],
         [0.4902, 0.4314, 0.4784,  ..., 0.5020, 0.5373, 0.5412],
         [0.4667, 0.4588, 0.5373,  ..., 0.4784, 0.5059, 0.5137]]])",0.23020757734775543,0.35370672
"tensor([[[0.4431, 0.4863, 0.5216,  ..., 0.4863, 0.4824, 0.4745],
         [0.4157, 0.4745, 0.4980,  ..., 0.4627, 0.4824, 0.5059],
         [0.4157, 0.4471, 0.4745,  ..., 0.5020, 0.5098, 0.4824],
         ...,
         [0.4549, 0.4588, 0.4667,  ..., 0.4627, 0.4941, 0.4863],
         [0.4941, 0.4588, 0.4431,  ..., 0.4706, 0.4706, 0.4824],
         [0.4353, 0.4157, 0.4784,  ..., 0.5098, 0.5020, 0.5176]]])",0.23897145688533783,0.34728912
"tensor([[[0.4784, 0.4706, 0.4941,  ..., 0.4980, 0.5059, 0.4784],
         [0.4471, 0.4706, 0.4941,  ..., 0.4902, 0.4941, 0.4784],
         [0.4745, 0.4863, 0.4745,  ..., 0.5020, 0.5059, 0.5059],
         ...,
         [0.5059, 0.4941, 0.4745,  ..., 0.4549, 0.4196, 0.3922],
         [0.4863, 0.4314, 0.4275,  ..., 0.5020, 0.5059, 0.4980],
         [0.4000, 0.4431, 0.5137,  ..., 0.5176, 0.4980, 0.5176]]])",0.26090872287750244,0.3439674
"tensor([[[0.5294, 0.5176, 0.5412,  ..., 0.5451, 0.5490, 0.5569],
         [0.5294, 0.4941, 0.5725,  ..., 0.5490, 0.5294, 0.5333],
         [0.5373, 0.5098, 0.5255,  ..., 0.5216, 0.5373, 0.5451],
         ...,
         [0.5333, 0.5176, 0.5098,  ..., 0.5137, 0.4980, 0.4667],
         [0.5137, 0.5176, 0.4824,  ..., 0.5294, 0.5216, 0.5294],
         [0.5020, 0.4902, 0.5098,  ..., 0.5569, 0.5529, 0.5529]]])",0.3776874244213104,0.5238915
"tensor([[[0.5216, 0.5373, 0.5451,  ..., 0.5412, 0.5216, 0.5725],
         [0.5020, 0.4980, 0.5451,  ..., 0.5569, 0.5451, 0.5255],
         [0.4941, 0.4863, 0.5216,  ..., 0.5176, 0.5176, 0.5255],
         ...,
         [0.4824, 0.4667, 0.5255,  ..., 0.4980, 0.4824, 0.4706],
         [0.5098, 0.5216, 0.5255,  ..., 0.5137, 0.4824, 0.4745],
         [0.5020, 0.5294, 0.4980,  ..., 0.5412, 0.5451, 0.5216]]])",0.3177640736103058,0.39126438
"tensor([[[0.5373, 0.5686, 0.5569,  ..., 0.5843, 0.5725, 0.5686],
         [0.5098, 0.5647, 0.5608,  ..., 0.5608, 0.5569, 0.5608],
         [0.5098, 0.5373, 0.5451,  ..., 0.5451, 0.5686, 0.5569],
         ...,
         [0.5569, 0.5412, 0.5294,  ..., 0.5216, 0.5294, 0.5451],
         [0.5176, 0.5373, 0.5647,  ..., 0.5412, 0.5294, 0.5255],
         [0.5490, 0.5451, 0.5529,  ..., 0.5804, 0.5451, 0.5373]]])",0.3327223062515259,0.38505316
"tensor([[[0.5490, 0.5569, 0.5686,  ..., 0.5765, 0.5529, 0.5569],
         [0.5451, 0.5333, 0.5686,  ..., 0.5412, 0.5529, 0.5647],
         [0.5412, 0.5333, 0.5529,  ..., 0.5569, 0.5647, 0.5608],
         ...,
         [0.5176, 0.5098, 0.5569,  ..., 0.5451, 0.5412, 0.5373],
         [0.5373, 0.5529, 0.5373,  ..., 0.5373, 0.5255, 0.5373],
         [0.5137, 0.5176, 0.5490,  ..., 0.5608, 0.5529, 0.5333]]])",0.3510558605194092,0.411084
"tensor([[[0.4510, 0.3843, 0.4039,  ..., 0.4000, 0.4196, 0.4118],
         [0.4235, 0.3922, 0.4118,  ..., 0.4000, 0.4078, 0.4078],
         [0.3647, 0.4039, 0.3922,  ..., 0.3961, 0.3961, 0.4196],
         ...,
         [0.3922, 0.3294, 0.4196,  ..., 0.3922, 0.3922, 0.4118],
         [0.3294, 0.3922, 0.4196,  ..., 0.3922, 0.3804, 0.3843],
         [0.3412, 0.4392, 0.4196,  ..., 0.3804, 0.3843, 0.3765]]])",0.26863017678260803,0.36399052
"tensor([[[0.4510, 0.5059, 0.4745,  ..., 0.4588, 0.4784, 0.4667],
         [0.4588, 0.4471, 0.4941,  ..., 0.4706, 0.4667, 0.4784],
         [0.4314, 0.4353, 0.4980,  ..., 0.4824, 0.4667, 0.4745],
         ...,
         [0.4157, 0.4196, 0.4471,  ..., 0.4745, 0.4745, 0.4588],
         [0.4235, 0.4471, 0.4353,  ..., 0.4667, 0.4706, 0.4667],
         [0.4157, 0.4706, 0.4824,  ..., 0.4157, 0.4549, 0.4745]]])",0.2263617366552353,0.34795344
"tensor([[[0.4510, 0.5333, 0.5294,  ..., 0.5059, 0.4745, 0.4667],
         [0.4588, 0.4784, 0.5647,  ..., 0.4549, 0.5059, 0.5098],
         [0.4902, 0.4196, 0.5412,  ..., 0.5255, 0.5490, 0.5020],
         ...,
         [0.5137, 0.4471, 0.4863,  ..., 0.4667, 0.5098, 0.5294],
         [0.5020, 0.4706, 0.4784,  ..., 0.4588, 0.4588, 0.4902],
         [0.4784, 0.4588, 0.5176,  ..., 0.4902, 0.4549, 0.4549]]])",0.18749040365219116,0.33393165
"tensor([[[0.4627, 0.5373, 0.5412,  ..., 0.4745, 0.4941, 0.5176],
         [0.4784, 0.5059, 0.5451,  ..., 0.4980, 0.5294, 0.5412],
         [0.4941, 0.4627, 0.5529,  ..., 0.5294, 0.5412, 0.5294],
         ...,
         [0.5373, 0.5020, 0.4902,  ..., 0.4745, 0.4863, 0.5216],
         [0.5216, 0.4980, 0.5020,  ..., 0.4824, 0.4627, 0.5020],
         [0.5294, 0.5059, 0.5451,  ..., 0.4941, 0.4510, 0.4706]]])",0.23050397634506226,0.35158435
"tensor([[[0.3961, 0.4627, 0.4431,  ..., 0.4157, 0.4314, 0.4549],
         [0.4118, 0.4392, 0.4588,  ..., 0.4275, 0.4627, 0.4784],
         [0.4118, 0.4275, 0.4863,  ..., 0.4667, 0.4471, 0.4471],
         ...,
         [0.4627, 0.4392, 0.4196,  ..., 0.4118, 0.3922, 0.4157],
         [0.4588, 0.4549, 0.4353,  ..., 0.4000, 0.4000, 0.4196],
         [0.4667, 0.4510, 0.4392,  ..., 0.3843, 0.3961, 0.3961]]])",0.2741686701774597,0.37214333
"tensor([[[0.4784, 0.4392, 0.5059,  ..., 0.3569, 0.4039, 0.4118],
         [0.4902, 0.4667, 0.5059,  ..., 0.4471, 0.5020, 0.5098],
         [0.4941, 0.4745, 0.4863,  ..., 0.5294, 0.5020, 0.4706],
         ...,
         [0.4941, 0.5176, 0.5137,  ..., 0.4039, 0.4706, 0.4196],
         [0.5216, 0.5137, 0.4941,  ..., 0.3765, 0.4510, 0.4431],
         [0.5490, 0.4824, 0.4353,  ..., 0.4157, 0.4353, 0.4588]]])",0.20432990789413452,0.35261926
"tensor([[[0.5098, 0.4980, 0.5020,  ..., 0.4431, 0.4863, 0.4824],
         [0.5137, 0.5059, 0.4784,  ..., 0.4549, 0.4902, 0.4941],
         [0.5059, 0.5294, 0.4941,  ..., 0.5098, 0.5373, 0.5137],
         ...,
         [0.5137, 0.5294, 0.5020,  ..., 0.4353, 0.4667, 0.4745],
         [0.5412, 0.5176, 0.4667,  ..., 0.4431, 0.4353, 0.4549],
         [0.4902, 0.4784, 0.5137,  ..., 0.5020, 0.4588, 0.4549]]])",0.24406370520591736,0.37587088
"tensor([[[0.5020, 0.5373, 0.4627,  ..., 0.4588, 0.4588, 0.5020],
         [0.4784, 0.5373, 0.4902,  ..., 0.4627, 0.4902, 0.4902],
         [0.4824, 0.5059, 0.5137,  ..., 0.4706, 0.5294, 0.5020],
         ...,
         [0.5569, 0.4863, 0.4824,  ..., 0.4549, 0.4353, 0.4941],
         [0.4784, 0.4863, 0.5020,  ..., 0.4824, 0.4039, 0.4510],
         [0.4941, 0.5098, 0.4627,  ..., 0.5451, 0.4706, 0.4314]]])",0.19397951662540436,0.33034098
"tensor([[[0.5255, 0.5059, 0.4941,  ..., 0.4235, 0.4314, 0.4824],
         [0.4980, 0.5373, 0.5059,  ..., 0.4627, 0.4549, 0.5490],
         [0.4902, 0.5216, 0.4980,  ..., 0.4588, 0.4980, 0.5451],
         ...,
         [0.5059, 0.4941, 0.5176,  ..., 0.4353, 0.4157, 0.4667],
         [0.4784, 0.4941, 0.5216,  ..., 0.5059, 0.4275, 0.4314],
         [0.4941, 0.5137, 0.5020,  ..., 0.5255, 0.4627, 0.4784]]])",0.23650288581848145,0.3396294
"tensor([[[0.4196, 0.4157, 0.4118,  ..., 0.3804, 0.3137, 0.3608],
         [0.4078, 0.4039, 0.4275,  ..., 0.3294, 0.3804, 0.3804],
         [0.4039, 0.4118, 0.4157,  ..., 0.3569, 0.3922, 0.4392],
         ...,
         [0.4078, 0.4196, 0.4118,  ..., 0.3882, 0.3490, 0.3961],
         [0.3961, 0.4196, 0.4196,  ..., 0.4353, 0.3608, 0.3804],
         [0.4196, 0.4392, 0.3961,  ..., 0.4627, 0.4039, 0.3686]]])",0.28327178955078125,0.4277021
"tensor([[[0.4588, 0.4627, 0.4745,  ..., 0.5020, 0.3490, 0.4118],
         [0.4588, 0.4588, 0.4784,  ..., 0.4157, 0.3529, 0.4471],
         [0.4745, 0.4667, 0.4745,  ..., 0.3686, 0.4157, 0.4667],
         ...,
         [0.4549, 0.5020, 0.4667,  ..., 0.5412, 0.3882, 0.3843],
         [0.4588, 0.4824, 0.4667,  ..., 0.5294, 0.4667, 0.3647],
         [0.4980, 0.4510, 0.4549,  ..., 0.4627, 0.5412, 0.3882]]])",0.22589564323425293,0.35537237
"tensor([[[0.4235, 0.4196, 0.4275,  ..., 0.4902, 0.3451, 0.3843],
         [0.4392, 0.4196, 0.4275,  ..., 0.4000, 0.3647, 0.3882],
         [0.4510, 0.4235, 0.4275,  ..., 0.3373, 0.3922, 0.4392],
         ...,
         [0.4235, 0.4510, 0.4078,  ..., 0.4902, 0.3451, 0.3804],
         [0.4039, 0.4000, 0.4431,  ..., 0.4353, 0.4196, 0.3725],
         [0.4275, 0.4980, 0.4667,  ..., 0.3961, 0.4706, 0.3294]]])",0.27487853169441223,0.37667134
"tensor([[[0.4706, 0.4627, 0.4588,  ..., 0.5529, 0.3412, 0.4078],
         [0.4627, 0.4588, 0.4471,  ..., 0.4784, 0.3608, 0.4667],
         [0.4627, 0.4588, 0.4471,  ..., 0.3882, 0.4118, 0.4588],
         ...,
         [0.4706, 0.4275, 0.4314,  ..., 0.5333, 0.4000, 0.4000],
         [0.4196, 0.4588, 0.5569,  ..., 0.4627, 0.4902, 0.3176],
         [0.5373, 0.5490, 0.4863,  ..., 0.4196, 0.5451, 0.3725]]])",0.2392779439687729,0.3620221
"tensor([[[0.4431, 0.4549, 0.4392,  ..., 0.5216, 0.3961, 0.3804],
         [0.4314, 0.4471, 0.4431,  ..., 0.4980, 0.3961, 0.4431],
         [0.4314, 0.4510, 0.4471,  ..., 0.4745, 0.4235, 0.4392],
         ...,
         [0.4275, 0.4235, 0.4745,  ..., 0.5098, 0.4627, 0.4039],
         [0.4627, 0.4784, 0.4824,  ..., 0.4275, 0.5255, 0.3922],
         [0.4627, 0.4706, 0.4784,  ..., 0.4039, 0.5137, 0.4275]]])",0.319932222366333,0.41344297
"tensor([[[0.4000, 0.3922, 0.4039,  ..., 0.4627, 0.3725, 0.3961],
         [0.4039, 0.3961, 0.4039,  ..., 0.3843, 0.3882, 0.3725],
         [0.3804, 0.3961, 0.4078,  ..., 0.3490, 0.3843, 0.3843],
         ...,
         [0.4275, 0.4353, 0.4118,  ..., 0.4706, 0.3686, 0.4039],
         [0.4118, 0.4235, 0.4235,  ..., 0.4549, 0.3922, 0.3922],
         [0.4353, 0.4118, 0.4078,  ..., 0.3725, 0.4706, 0.3608]]])",0.34221717715263367,0.48051336
"tensor([[[0.4431, 0.4471, 0.4471,  ..., 0.4627, 0.4471, 0.4471],
         [0.4392, 0.4471, 0.4471,  ..., 0.4275, 0.4588, 0.4235],
         [0.4353, 0.4392, 0.4392,  ..., 0.4275, 0.4353, 0.4196],
         ...,
         [0.4275, 0.4941, 0.4863,  ..., 0.4706, 0.4353, 0.4667],
         [0.4863, 0.4510, 0.4549,  ..., 0.4784, 0.4275, 0.4627],
         [0.4510, 0.4784, 0.4863,  ..., 0.4510, 0.4627, 0.4392]]])",0.32763442397117615,0.5354937
"tensor([[[0.4118, 0.4157, 0.4235,  ..., 0.4392, 0.4314, 0.4118],
         [0.4118, 0.4118, 0.4235,  ..., 0.4353, 0.4235, 0.4157],
         [0.4000, 0.4078, 0.4118,  ..., 0.4314, 0.4118, 0.4000],
         ...,
         [0.4353, 0.4627, 0.4353,  ..., 0.4196, 0.4314, 0.4196],
         [0.4353, 0.4118, 0.4314,  ..., 0.4196, 0.4275, 0.4314],
         [0.4275, 0.4471, 0.4353,  ..., 0.4157, 0.4235, 0.4353]]])",0.3137301504611969,0.51612777
"tensor([[[0.5020, 0.5059, 0.5216,  ..., 0.5216, 0.5255, 0.5137],
         [0.5098, 0.5020, 0.5020,  ..., 0.5373, 0.5020, 0.5137],
         [0.4706, 0.4902, 0.5098,  ..., 0.5333, 0.4941, 0.4863],
         ...,
         [0.5569, 0.5294, 0.5059,  ..., 0.5020, 0.5098, 0.5176],
         [0.4980, 0.5098, 0.5137,  ..., 0.5216, 0.5020, 0.5294],
         [0.5333, 0.4980, 0.5255,  ..., 0.5255, 0.4902, 0.5333]]])",0.29679977893829346,0.450446
"tensor([[[0.4275, 0.4510, 0.4824,  ..., 0.4627, 0.4627, 0.4588],
         [0.4510, 0.4431, 0.4471,  ..., 0.4353, 0.4667, 0.4706],
         [0.4667, 0.4510, 0.4549,  ..., 0.4392, 0.4549, 0.4510],
         ...,
         [0.4000, 0.4235, 0.4549,  ..., 0.4353, 0.4471, 0.4549],
         [0.4510, 0.4510, 0.4392,  ..., 0.4314, 0.4471, 0.4314],
         [0.4314, 0.4353, 0.4549,  ..., 0.4314, 0.4431, 0.4431]]])",0.2598809003829956,0.3771695
"tensor([[[0.4863, 0.4745, 0.4745,  ..., 0.4941, 0.4863, 0.4588],
         [0.4863, 0.4706, 0.4706,  ..., 0.4863, 0.4902, 0.4745],
         [0.4941, 0.4745, 0.4824,  ..., 0.4980, 0.4784, 0.4706],
         ...,
         [0.4941, 0.4745, 0.5059,  ..., 0.4627, 0.4706, 0.4784],
         [0.4902, 0.4941, 0.4941,  ..., 0.4863, 0.4863, 0.4627],
         [0.4784, 0.4941, 0.4863,  ..., 0.4902, 0.4784, 0.4824]]])",0.3846360743045807,0.4445141
"tensor([[[0.4392, 0.4549, 0.4667,  ..., 0.4745, 0.4431, 0.4314],
         [0.4549, 0.4471, 0.4745,  ..., 0.4392, 0.4471, 0.4706],
         [0.4745, 0.4431, 0.4667,  ..., 0.4667, 0.4510, 0.4549],
         ...,
         [0.4667, 0.4824, 0.4745,  ..., 0.4471, 0.4510, 0.4549],
         [0.4667, 0.4745, 0.4510,  ..., 0.4784, 0.4627, 0.4588],
         [0.4667, 0.4588, 0.4431,  ..., 0.4627, 0.4745, 0.4824]]])",0.35467761754989624,0.4118917
"tensor([[[0.4745, 0.4824, 0.5137,  ..., 0.4863, 0.4824, 0.4784],
         [0.4824, 0.4784, 0.5176,  ..., 0.4706, 0.4784, 0.4863],
         [0.4863, 0.4824, 0.5020,  ..., 0.4784, 0.4902, 0.5137],
         ...,
         [0.5176, 0.5020, 0.4902,  ..., 0.4863, 0.4745, 0.4824],
         [0.4980, 0.4863, 0.4745,  ..., 0.5137, 0.5098, 0.5059],
         [0.4863, 0.4706, 0.4745,  ..., 0.4706, 0.4863, 0.5176]]])",0.30168625712394714,0.38552088
"tensor([[[0.3922, 0.4353, 0.4353,  ..., 0.4235, 0.4157, 0.4000],
         [0.4157, 0.4196, 0.4510,  ..., 0.4078, 0.4039, 0.4000],
         [0.4157, 0.3922, 0.4588,  ..., 0.4118, 0.4275, 0.4549],
         ...,
         [0.4196, 0.4314, 0.4039,  ..., 0.4471, 0.4078, 0.4118],
         [0.4196, 0.4392, 0.3961,  ..., 0.4667, 0.4510, 0.4235],
         [0.4275, 0.4000, 0.3922,  ..., 0.4275, 0.4549, 0.4353]]])",0.2646915316581726,0.36465457
"tensor([[[0.4588, 0.4863, 0.4431,  ..., 0.4745, 0.4627, 0.4588],
         [0.4353, 0.4863, 0.4667,  ..., 0.4510, 0.4392, 0.4667],
         [0.4667, 0.4667, 0.4667,  ..., 0.4784, 0.4863, 0.4980],
         ...,
         [0.4745, 0.4667, 0.4392,  ..., 0.4941, 0.4824, 0.4431],
         [0.4627, 0.4667, 0.4588,  ..., 0.4902, 0.4980, 0.4784],
         [0.4667, 0.4510, 0.4627,  ..., 0.4745, 0.4824, 0.4863]]])",0.2900567352771759,0.38314745
"tensor([[[0.5412, 0.5255, 0.5137,  ..., 0.5294, 0.5412, 0.5686],
         [0.5529, 0.5804, 0.5294,  ..., 0.5529, 0.5490, 0.5529],
         [0.5412, 0.5529, 0.5255,  ..., 0.5412, 0.5529, 0.5412],
         ...,
         [0.5216, 0.5255, 0.5294,  ..., 0.5490, 0.5569, 0.5647],
         [0.5059, 0.5451, 0.5373,  ..., 0.5373, 0.5333, 0.5412],
         [0.5137, 0.5412, 0.5412,  ..., 0.5412, 0.5412, 0.5373]]])",0.3268444240093231,0.39864653
"tensor([[[0.5725, 0.4863, 0.5098,  ..., 0.5176, 0.5451, 0.5412],
         [0.5529, 0.5098, 0.5490,  ..., 0.5294, 0.5137, 0.5294],
         [0.5373, 0.4980, 0.4863,  ..., 0.5098, 0.5098, 0.5294],
         ...,
         [0.4941, 0.5137, 0.5216,  ..., 0.5294, 0.5647, 0.5294],
         [0.4863, 0.5216, 0.5098,  ..., 0.4941, 0.5255, 0.5412],
         [0.4902, 0.5333, 0.5137,  ..., 0.5098, 0.4941, 0.5255]]])",0.24749748408794403,0.38661158
"tensor([[[0.5137, 0.5216, 0.5059,  ..., 0.5176, 0.5333, 0.5176],
         [0.5216, 0.5373, 0.5686,  ..., 0.5294, 0.5333, 0.5373],
         [0.5373, 0.4471, 0.4980,  ..., 0.5490, 0.5608, 0.5608],
         ...,
         [0.4941, 0.5176, 0.5490,  ..., 0.5529, 0.5373, 0.5216],
         [0.4980, 0.5412, 0.5412,  ..., 0.5333, 0.5529, 0.5333],
         [0.4941, 0.5373, 0.5137,  ..., 0.5098, 0.5451, 0.5294]]])",0.262473464012146,0.36840206
"tensor([[[0.4627, 0.4510, 0.4353,  ..., 0.4784, 0.4431, 0.4196],
         [0.4353, 0.4392, 0.4235,  ..., 0.4392, 0.4627, 0.4627],
         [0.4118, 0.4510, 0.4275,  ..., 0.4824, 0.4863, 0.4588],
         ...,
         [0.4196, 0.4235, 0.4588,  ..., 0.4549, 0.4275, 0.4588],
         [0.4353, 0.4745, 0.4549,  ..., 0.4902, 0.4431, 0.4549],
         [0.4471, 0.4510, 0.4667,  ..., 0.4588, 0.4745, 0.4588]]])",0.23499207198619843,0.33608907
"tensor([[[0.4980, 0.4745, 0.3961,  ..., 0.4392, 0.4588, 0.4549],
         [0.4549, 0.5020, 0.4941,  ..., 0.4667, 0.4863, 0.4431],
         [0.4314, 0.4235, 0.4588,  ..., 0.4824, 0.4627, 0.4745],
         ...,
         [0.4745, 0.4627, 0.5020,  ..., 0.4431, 0.4745, 0.4745],
         [0.4549, 0.4549, 0.4627,  ..., 0.4235, 0.4392, 0.4235],
         [0.4275, 0.4706, 0.4902,  ..., 0.5059, 0.4863, 0.4314]]])",0.19632042944431305,0.33006465
"tensor([[[0.4549, 0.4471, 0.4078,  ..., 0.4902, 0.4392, 0.4314],
         [0.4275, 0.4510, 0.4392,  ..., 0.4431, 0.4314, 0.4471],
         [0.4471, 0.4471, 0.4471,  ..., 0.4588, 0.4902, 0.4784],
         ...,
         [0.4431, 0.4784, 0.5098,  ..., 0.4667, 0.4431, 0.4471],
         [0.4980, 0.4549, 0.4431,  ..., 0.4392, 0.4549, 0.4627],
         [0.4235, 0.4392, 0.4863,  ..., 0.4471, 0.4275, 0.4078]]])",0.21122707426548004,0.3402374
"tensor([[[0.4706, 0.4902, 0.4980,  ..., 0.5098, 0.4902, 0.4745],
         [0.4549, 0.4588, 0.4863,  ..., 0.4902, 0.4784, 0.4941],
         [0.5216, 0.4902, 0.4784,  ..., 0.4863, 0.5137, 0.5098],
         ...,
         [0.4784, 0.5020, 0.4980,  ..., 0.4902, 0.4980, 0.5137],
         [0.4980, 0.5137, 0.5098,  ..., 0.4863, 0.4824, 0.4941],
         [0.5294, 0.4784, 0.4784,  ..., 0.5020, 0.4902, 0.4902]]])",0.29659122228622437,0.42196724
"tensor([[[0.3216, 0.3294, 0.3333,  ..., 0.3333, 0.3255, 0.3294],
         [0.3176, 0.3255, 0.3137,  ..., 0.3176, 0.3373, 0.3294],
         [0.3373, 0.3412, 0.3294,  ..., 0.3333, 0.3451, 0.3294],
         ...,
         [0.3255, 0.3333, 0.3294,  ..., 0.3294, 0.3451, 0.3647],
         [0.3255, 0.3451, 0.3529,  ..., 0.3333, 0.3255, 0.3255],
         [0.3451, 0.3569, 0.3529,  ..., 0.3059, 0.3333, 0.3490]]])",0.3039590120315552,0.39831185
"tensor([[[0.4353, 0.4078, 0.4039,  ..., 0.4235, 0.4039, 0.4275],
         [0.4510, 0.4431, 0.4431,  ..., 0.4157, 0.4471, 0.4471],
         [0.4275, 0.4196, 0.4431,  ..., 0.4235, 0.4196, 0.4235],
         ...,
         [0.4392, 0.4196, 0.4392,  ..., 0.4275, 0.4667, 0.4667],
         [0.4588, 0.4588, 0.4510,  ..., 0.3804, 0.3882, 0.4235],
         [0.4471, 0.4314, 0.4431,  ..., 0.4196, 0.4471, 0.4392]]])",0.216154083609581,0.34492716
"tensor([[[0.4000, 0.4235, 0.4196,  ..., 0.4510, 0.4196, 0.4745],
         [0.4549, 0.4275, 0.4275,  ..., 0.4549, 0.4392, 0.4784],
         [0.4471, 0.4510, 0.4902,  ..., 0.4275, 0.4196, 0.4588],
         ...,
         [0.4392, 0.4510, 0.4667,  ..., 0.4588, 0.4471, 0.4392],
         [0.4588, 0.4627, 0.4275,  ..., 0.4353, 0.4235, 0.4627],
         [0.4353, 0.4275, 0.4510,  ..., 0.4353, 0.4588, 0.4706]]])",0.23440290987491608,0.35642254
"tensor([[[0.4588, 0.4667, 0.4706,  ..., 0.4902, 0.5020, 0.4980],
         [0.5059, 0.4824, 0.4549,  ..., 0.5137, 0.4863, 0.5216],
         [0.5176, 0.5255, 0.5333,  ..., 0.4980, 0.4941, 0.5412],
         ...,
         [0.4824, 0.5059, 0.5255,  ..., 0.4784, 0.4784, 0.5020],
         [0.5216, 0.5020, 0.4667,  ..., 0.5137, 0.5176, 0.5059],
         [0.4549, 0.4549, 0.4706,  ..., 0.4824, 0.4941, 0.5255]]])",0.23337677121162415,0.3446655
"tensor([[[0.4745, 0.4431, 0.4549,  ..., 0.5098, 0.5059, 0.5020],
         [0.5255, 0.5059, 0.4784,  ..., 0.5059, 0.5020, 0.4980],
         [0.5098, 0.5451, 0.5294,  ..., 0.4980, 0.5098, 0.5137],
         ...,
         [0.4902, 0.4784, 0.4941,  ..., 0.5373, 0.5098, 0.4980],
         [0.4902, 0.4980, 0.4784,  ..., 0.4863, 0.5137, 0.5412],
         [0.4588, 0.4627, 0.4745,  ..., 0.4706, 0.4706, 0.4745]]])",0.2483728975057602,0.34662572
"tensor([[[0.4235, 0.4784, 0.4510,  ..., 0.4863, 0.5020, 0.4706],
         [0.4588, 0.4784, 0.5098,  ..., 0.4863, 0.4745, 0.4784],
         [0.5059, 0.4941, 0.5333,  ..., 0.4863, 0.4784, 0.4941],
         ...,
         [0.4706, 0.4471, 0.4157,  ..., 0.5255, 0.5255, 0.4941],
         [0.4431, 0.4510, 0.4706,  ..., 0.3922, 0.4392, 0.4784],
         [0.4706, 0.4510, 0.5059,  ..., 0.4588, 0.4431, 0.3922]]])",0.24869070947170258,0.3705563
"tensor([[[0.5294, 0.5098, 0.4392,  ..., 0.5020, 0.4863, 0.5020],
         [0.4549, 0.5333, 0.4941,  ..., 0.5176, 0.4863, 0.5216],
         [0.4824, 0.5529, 0.5176,  ..., 0.5059, 0.4784, 0.5216],
         ...,
         [0.4667, 0.4549, 0.5098,  ..., 0.4902, 0.5216, 0.5843],
         [0.4706, 0.4588, 0.5137,  ..., 0.4745, 0.4510, 0.4627],
         [0.4157, 0.5020, 0.5569,  ..., 0.4588, 0.4667, 0.4706]]])",0.22032737731933594,0.36436254
"tensor([[[0.4784, 0.4667, 0.4588,  ..., 0.4706, 0.4980, 0.4627],
         [0.4941, 0.4784, 0.4392,  ..., 0.4980, 0.4667, 0.4471],
         [0.4745, 0.5294, 0.4549,  ..., 0.4745, 0.4588, 0.4941],
         ...,
         [0.4627, 0.4627, 0.4627,  ..., 0.4431, 0.4392, 0.4706],
         [0.4157, 0.4471, 0.4510,  ..., 0.4549, 0.4549, 0.4784],
         [0.3961, 0.4941, 0.4706,  ..., 0.4588, 0.4431, 0.4392]]])",0.21065601706504822,0.37010074
"tensor([[[0.4275, 0.4824, 0.5098,  ..., 0.4667, 0.4667, 0.4510],
         [0.4314, 0.4627, 0.5059,  ..., 0.4863, 0.4510, 0.4510],
         [0.5098, 0.4745, 0.4980,  ..., 0.4824, 0.4314, 0.4706],
         ...,
         [0.4588, 0.4863, 0.4196,  ..., 0.4706, 0.5020, 0.4745],
         [0.4706, 0.4314, 0.4667,  ..., 0.4667, 0.4588, 0.4706],
         [0.4980, 0.4902, 0.5176,  ..., 0.4510, 0.4784, 0.4824]]])",0.18865269422531128,0.46926448
"tensor([[[0.3569, 0.4000, 0.3412,  ..., 0.3804, 0.3608, 0.3647],
         [0.3608, 0.4039, 0.3529,  ..., 0.3686, 0.3647, 0.3843],
         [0.3569, 0.3569, 0.4157,  ..., 0.3804, 0.3686, 0.3843],
         ...,
         [0.3686, 0.3686, 0.3765,  ..., 0.3843, 0.4000, 0.3725],
         [0.3804, 0.3725, 0.3843,  ..., 0.3608, 0.3843, 0.3961],
         [0.3569, 0.3529, 0.4196,  ..., 0.3725, 0.3725, 0.3843]]])",0.40736258029937744,0.48159742
"tensor([[[0.5843, 0.4471, 0.5059,  ..., 0.4745, 0.4784, 0.5020],
         [0.5098, 0.5059, 0.4902,  ..., 0.4627, 0.4941, 0.5059],
         [0.4706, 0.5529, 0.4392,  ..., 0.4784, 0.5255, 0.4824],
         ...,
         [0.4784, 0.4667, 0.5843,  ..., 0.4824, 0.4706, 0.5098],
         [0.5137, 0.5373, 0.5098,  ..., 0.5059, 0.5255, 0.5333],
         [0.4588, 0.5333, 0.4275,  ..., 0.4980, 0.5020, 0.5137]]])",0.1866218000650406,0.34928966
"tensor([[[0.4157, 0.4000, 0.4471,  ..., 0.4118, 0.3922, 0.4078],
         [0.4353, 0.4000, 0.4118,  ..., 0.3922, 0.4000, 0.4118],
         [0.4510, 0.4353, 0.3961,  ..., 0.3922, 0.4275, 0.4235],
         ...,
         [0.4118, 0.4275, 0.4627,  ..., 0.4078, 0.4118, 0.4235],
         [0.4235, 0.4667, 0.4196,  ..., 0.4314, 0.4353, 0.4392],
         [0.4471, 0.4549, 0.3725,  ..., 0.4118, 0.4471, 0.4627]]])",0.2489963173866272,0.3650224
"tensor([[[0.4314, 0.3922, 0.4667,  ..., 0.4039, 0.4627, 0.4314],
         [0.5137, 0.4392, 0.4392,  ..., 0.4078, 0.4314, 0.4078],
         [0.5020, 0.4863, 0.4275,  ..., 0.4157, 0.4275, 0.4157],
         ...,
         [0.4431, 0.4627, 0.4392,  ..., 0.4549, 0.4706, 0.4706],
         [0.4196, 0.4980, 0.4314,  ..., 0.4392, 0.4549, 0.4980],
         [0.4784, 0.5020, 0.4000,  ..., 0.4902, 0.4588, 0.4510]]])",0.23941965401172638,0.33790272
"tensor([[[0.4078, 0.4275, 0.4392,  ..., 0.4157, 0.3765, 0.4314],
         [0.4863, 0.4235, 0.4431,  ..., 0.4157, 0.4196, 0.4118],
         [0.4941, 0.4510, 0.4588,  ..., 0.4118, 0.3882, 0.4118],
         ...,
         [0.4510, 0.4824, 0.3961,  ..., 0.4314, 0.4314, 0.4706],
         [0.4314, 0.4549, 0.4118,  ..., 0.5059, 0.4275, 0.4549],
         [0.4784, 0.4275, 0.4510,  ..., 0.4824, 0.4196, 0.4745]]])",0.24089579284191132,0.48522615
"tensor([[[0.4235, 0.4941, 0.4667,  ..., 0.4588, 0.4157, 0.4627],
         [0.4588, 0.4784, 0.4863,  ..., 0.4627, 0.4392, 0.4431],
         [0.5608, 0.4824, 0.5216,  ..., 0.4275, 0.4471, 0.4784],
         ...,
         [0.4902, 0.5373, 0.4314,  ..., 0.5294, 0.4314, 0.5176],
         [0.5137, 0.4745, 0.4588,  ..., 0.5569, 0.4706, 0.4784],
         [0.5529, 0.4431, 0.4980,  ..., 0.4824, 0.5333, 0.4784]]])",0.18631064891815186,0.3720088
"tensor([[[0.4471, 0.4863, 0.4980,  ..., 0.4118, 0.4510, 0.4471],
         [0.4941, 0.4471, 0.5333,  ..., 0.4353, 0.4627, 0.4431],
         [0.5059, 0.4549, 0.4980,  ..., 0.4706, 0.4392, 0.4471],
         ...,
         [0.4431, 0.4824, 0.4471,  ..., 0.4510, 0.4863, 0.4745],
         [0.4863, 0.5176, 0.4314,  ..., 0.5216, 0.4902, 0.5098],
         [0.5216, 0.4667, 0.4667,  ..., 0.5216, 0.4745, 0.5255]]])",0.2288648784160614,0.3398866
"tensor([[[0.4118, 0.4392, 0.4863,  ..., 0.4549, 0.4353, 0.4039],
         [0.4353, 0.4157, 0.4863,  ..., 0.4039, 0.4392, 0.4353],
         [0.4588, 0.4118, 0.4627,  ..., 0.4431, 0.4549, 0.4078],
         ...,
         [0.4627, 0.4902, 0.4275,  ..., 0.4706, 0.4588, 0.4588],
         [0.4510, 0.4510, 0.4196,  ..., 0.4667, 0.4588, 0.4902],
         [0.4588, 0.4745, 0.4353,  ..., 0.4353, 0.4667, 0.4667]]])",0.2597337067127228,0.38895756
"tensor([[[0.3922, 0.3843, 0.4588,  ..., 0.4667, 0.4392, 0.3647],
         [0.4196, 0.3765, 0.4863,  ..., 0.4627, 0.3804, 0.3608],
         [0.4118, 0.3765, 0.4314,  ..., 0.4471, 0.3804, 0.3765],
         ...,
         [0.4431, 0.4431, 0.4196,  ..., 0.4314, 0.4627, 0.4039],
         [0.4196, 0.4353, 0.3843,  ..., 0.4118, 0.4667, 0.4471],
         [0.4471, 0.4549, 0.4157,  ..., 0.4157, 0.4667, 0.4667]]])",0.21969884634017944,0.33511052
"tensor([[[0.4353, 0.4431, 0.5020,  ..., 0.4353, 0.5294, 0.4510],
         [0.4510, 0.4235, 0.4510,  ..., 0.4941, 0.4745, 0.3882],
         [0.4353, 0.4431, 0.4118,  ..., 0.5020, 0.4314, 0.3765],
         ...,
         [0.4980, 0.4549, 0.4353,  ..., 0.4314, 0.5059, 0.4392],
         [0.4549, 0.4980, 0.4392,  ..., 0.4627, 0.4863, 0.4784],
         [0.4784, 0.4824, 0.3882,  ..., 0.4863, 0.4588, 0.5412]]])",0.17988741397857666,0.34272325
"tensor([[[0.5020, 0.5333, 0.4941,  ..., 0.4745, 0.4941, 0.4902],
         [0.4745, 0.4706, 0.4706,  ..., 0.5373, 0.4902, 0.5098],
         [0.5059, 0.4824, 0.4588,  ..., 0.5255, 0.4863, 0.5020],
         ...,
         [0.5020, 0.5255, 0.5373,  ..., 0.4627, 0.5373, 0.4627],
         [0.5294, 0.5176, 0.4902,  ..., 0.5020, 0.5608, 0.4824],
         [0.4902, 0.4980, 0.5098,  ..., 0.5059, 0.4941, 0.5804]]])",0.20681054890155792,0.32780316
"tensor([[[0.4588, 0.4235, 0.4510,  ..., 0.4745, 0.4235, 0.4392],
         [0.4588, 0.4157, 0.4824,  ..., 0.4863, 0.4275, 0.4627],
         [0.4549, 0.4118, 0.4431,  ..., 0.4588, 0.4471, 0.4549],
         ...,
         [0.4549, 0.4549, 0.4863,  ..., 0.4980, 0.4549, 0.4275],
         [0.4667, 0.4667, 0.4588,  ..., 0.4275, 0.5137, 0.4392],
         [0.4392, 0.4627, 0.4431,  ..., 0.4353, 0.4902, 0.4392]]])",0.22169537842273712,0.34128425
"tensor([[[0.5373, 0.5412, 0.5647,  ..., 0.6078, 0.5216, 0.6118],
         [0.5843, 0.5451, 0.6275,  ..., 0.5804, 0.5569, 0.6078],
         [0.5725, 0.5216, 0.6039,  ..., 0.5529, 0.6157, 0.5961],
         ...,
         [0.5294, 0.5882, 0.5765,  ..., 0.5922, 0.5569, 0.6235],
         [0.5843, 0.5529, 0.5843,  ..., 0.5843, 0.5961, 0.5490],
         [0.5725, 0.5373, 0.6039,  ..., 0.5608, 0.6039, 0.5490]]])",0.21809536218643188,0.3303679
"tensor([[[0.4510, 0.5216, 0.5176,  ..., 0.5137, 0.4902, 0.5137],
         [0.4863, 0.4941, 0.5137,  ..., 0.5451, 0.4824, 0.5569],
         [0.4863, 0.4941, 0.5294,  ..., 0.5451, 0.5333, 0.5333],
         ...,
         [0.4824, 0.4902, 0.5255,  ..., 0.5294, 0.5412, 0.5255],
         [0.5098, 0.5059, 0.4941,  ..., 0.5020, 0.5529, 0.4784],
         [0.4588, 0.4863, 0.5176,  ..., 0.4941, 0.5490, 0.5216]]])",0.2515510022640228,0.34606397
"tensor([[[0.4667, 0.5216, 0.4863,  ..., 0.4510, 0.5176, 0.5529],
         [0.4824, 0.4745, 0.4706,  ..., 0.5137, 0.5451, 0.4706],
         [0.4902, 0.4902, 0.5098,  ..., 0.5216, 0.5255, 0.4588],
         ...,
         [0.4902, 0.4627, 0.4980,  ..., 0.5098, 0.5255, 0.5490],
         [0.5059, 0.4863, 0.4863,  ..., 0.5137, 0.4980, 0.5569],
         [0.4863, 0.4824, 0.4980,  ..., 0.5373, 0.4863, 0.5098]]])",0.25243237614631653,0.3445735
"tensor([[[0.4549, 0.4431, 0.4275,  ..., 0.5020, 0.4392, 0.5176],
         [0.4510, 0.4314, 0.4784,  ..., 0.4980, 0.4784, 0.4824],
         [0.4706, 0.4353, 0.4471,  ..., 0.4353, 0.4510, 0.4196],
         ...,
         [0.4314, 0.4510, 0.4549,  ..., 0.4863, 0.4510, 0.5216],
         [0.4235, 0.4471, 0.4667,  ..., 0.4667, 0.4824, 0.4706],
         [0.4392, 0.5098, 0.4667,  ..., 0.4784, 0.4902, 0.4314]]])",0.19718924164772034,0.34829476
"tensor([[[0.5137, 0.5020, 0.4863,  ..., 0.4863, 0.4941, 0.4706],
         [0.5020, 0.5137, 0.4824,  ..., 0.4980, 0.4745, 0.4627],
         [0.4784, 0.5098, 0.4863,  ..., 0.4824, 0.4392, 0.4627],
         ...,
         [0.5059, 0.4941, 0.4863,  ..., 0.4980, 0.4980, 0.4784],
         [0.4510, 0.5059, 0.4941,  ..., 0.4824, 0.4902, 0.4902],
         [0.4784, 0.5059, 0.4784,  ..., 0.4863, 0.4863, 0.4824]]])",0.20617133378982544,0.38917777
"tensor([[[0.5294, 0.5020, 0.5333,  ..., 0.5020, 0.5176, 0.5333],
         [0.5294, 0.4902, 0.5255,  ..., 0.4980, 0.5176, 0.5098],
         [0.5137, 0.5020, 0.4941,  ..., 0.4980, 0.5059, 0.4627],
         ...,
         [0.4471, 0.4863, 0.5412,  ..., 0.4980, 0.4941, 0.5216],
         [0.4941, 0.5216, 0.5098,  ..., 0.5216, 0.5098, 0.5098],
         [0.4941, 0.5412, 0.4980,  ..., 0.5255, 0.5098, 0.4980]]])",0.23323732614517212,0.49740314
"tensor([[[0.4549, 0.4471, 0.4588,  ..., 0.4392, 0.4392, 0.4431],
         [0.4549, 0.4471, 0.4549,  ..., 0.4471, 0.4588, 0.4314],
         [0.4471, 0.4549, 0.4314,  ..., 0.4471, 0.4275, 0.4275],
         ...,
         [0.4275, 0.4196, 0.4353,  ..., 0.4392, 0.4471, 0.4392],
         [0.4196, 0.4745, 0.4667,  ..., 0.4431, 0.4549, 0.4510],
         [0.4784, 0.4824, 0.4510,  ..., 0.4588, 0.4510, 0.4549]]])",0.2854956388473511,0.51543146
"tensor([[[0.4627, 0.4706, 0.4549,  ..., 0.4510, 0.4588, 0.4353],
         [0.4471, 0.4549, 0.4549,  ..., 0.4549, 0.4431, 0.4314],
         [0.4510, 0.4588, 0.4588,  ..., 0.4588, 0.4549, 0.4431],
         ...,
         [0.4588, 0.4353, 0.4431,  ..., 0.4588, 0.4588, 0.4510],
         [0.4471, 0.4784, 0.5137,  ..., 0.4706, 0.4667, 0.4627],
         [0.5373, 0.5059, 0.4510,  ..., 0.4667, 0.4549, 0.4706]]])",0.26434677839279175,0.5092061
"tensor([[[0.4392, 0.4510, 0.4510,  ..., 0.4588, 0.4235, 0.4275],
         [0.4353, 0.4431, 0.4471,  ..., 0.4549, 0.4078, 0.4157],
         [0.4471, 0.4471, 0.4431,  ..., 0.4196, 0.4471, 0.4824],
         ...,
         [0.4314, 0.4392, 0.4510,  ..., 0.4588, 0.4314, 0.4275],
         [0.4549, 0.4667, 0.4627,  ..., 0.4431, 0.4588, 0.4314],
         [0.4706, 0.4588, 0.4510,  ..., 0.4392, 0.4627, 0.4353]]])",0.24821126461029053,0.51221156
"tensor([[[0.4863, 0.5059, 0.5020,  ..., 0.4863, 0.4824, 0.5059],
         [0.4824, 0.4863, 0.4980,  ..., 0.4863, 0.5020, 0.5137],
         [0.4902, 0.4824, 0.5020,  ..., 0.4902, 0.5020, 0.5059],
         ...,
         [0.5059, 0.4706, 0.5098,  ..., 0.4824, 0.4980, 0.4980],
         [0.4941, 0.4824, 0.5137,  ..., 0.4863, 0.4941, 0.4863],
         [0.4824, 0.4980, 0.5216,  ..., 0.4784, 0.5020, 0.5020]]])",0.23713630437850952,0.3844233
"tensor([[[0.4549, 0.4471, 0.4157,  ..., 0.4627, 0.5216, 0.5020],
         [0.4510, 0.4667, 0.4196,  ..., 0.5020, 0.4745, 0.4745],
         [0.4588, 0.4549, 0.4353,  ..., 0.4588, 0.4510, 0.4549],
         ...,
         [0.4667, 0.5020, 0.4549,  ..., 0.4706, 0.4745, 0.4863],
         [0.4706, 0.4863, 0.4353,  ..., 0.4824, 0.4824, 0.4784],
         [0.4980, 0.4863, 0.4431,  ..., 0.4588, 0.4588, 0.4784]]])",0.24382880330085754,0.38287574
"tensor([[[0.4392, 0.4627, 0.4824,  ..., 0.4706, 0.4510, 0.4510],
         [0.3922, 0.3686, 0.4980,  ..., 0.4667, 0.4627, 0.4706],
         [0.4275, 0.3843, 0.4196,  ..., 0.4667, 0.4431, 0.4431],
         ...,
         [0.4706, 0.4196, 0.3961,  ..., 0.4549, 0.4588, 0.4353],
         [0.4471, 0.4196, 0.3961,  ..., 0.4588, 0.4863, 0.4510],
         [0.4196, 0.4196, 0.4471,  ..., 0.4353, 0.4588, 0.4667]]])",0.272487074136734,0.37748665
"tensor([[[0.4706, 0.4588, 0.5176,  ..., 0.4941, 0.4627, 0.4667],
         [0.4118, 0.4235, 0.4431,  ..., 0.4667, 0.4667, 0.4431],
         [0.4078, 0.4431, 0.4118,  ..., 0.4510, 0.4549, 0.4627],
         ...,
         [0.4392, 0.4157, 0.4824,  ..., 0.4588, 0.4549, 0.4510],
         [0.4275, 0.4510, 0.4980,  ..., 0.4549, 0.4784, 0.4627],
         [0.4196, 0.4863, 0.4667,  ..., 0.4627, 0.4824, 0.4824]]])",0.25539273023605347,0.35938528
"tensor([[[0.4000, 0.4784, 0.5176,  ..., 0.4745, 0.4588, 0.4745],
         [0.4196, 0.4118, 0.4706,  ..., 0.4471, 0.4471, 0.4549],
         [0.4510, 0.4157, 0.4784,  ..., 0.4275, 0.4510, 0.4314],
         ...,
         [0.4824, 0.4549, 0.4941,  ..., 0.4392, 0.4510, 0.4745],
         [0.4588, 0.4706, 0.4824,  ..., 0.4588, 0.4706, 0.4196],
         [0.4471, 0.4941, 0.4627,  ..., 0.4588, 0.4706, 0.4824]]])",0.2399754822254181,0.35979334
"tensor([[[0.4314, 0.4000, 0.3961,  ..., 0.4078, 0.4157, 0.4431],
         [0.4627, 0.4471, 0.4235,  ..., 0.4314, 0.4392, 0.4431],
         [0.4235, 0.4588, 0.4706,  ..., 0.4471, 0.4510, 0.4549],
         ...,
         [0.4157, 0.4157, 0.4235,  ..., 0.4235, 0.4431, 0.4353],
         [0.4196, 0.4314, 0.4314,  ..., 0.4157, 0.4353, 0.4392],
         [0.4275, 0.4627, 0.4588,  ..., 0.4235, 0.4314, 0.4353]]])",0.27307918667793274,0.37632588
"tensor([[[0.3804, 0.3765, 0.3451,  ..., 0.3922, 0.3529, 0.3529],
         [0.3647, 0.4000, 0.3961,  ..., 0.3608, 0.3725, 0.3804],
         [0.3725, 0.3765, 0.3843,  ..., 0.3765, 0.3961, 0.3922],
         ...,
         [0.3804, 0.3647, 0.3608,  ..., 0.3686, 0.3765, 0.3804],
         [0.3569, 0.3608, 0.3804,  ..., 0.3608, 0.3686, 0.3725],
         [0.3765, 0.3686, 0.3686,  ..., 0.3804, 0.3725, 0.3686]]])",0.38838109374046326,0.46786278
"tensor([[[0.4000, 0.4039, 0.4039,  ..., 0.3961, 0.3922, 0.3922],
         [0.3922, 0.3882, 0.4039,  ..., 0.3882, 0.3922, 0.4078],
         [0.4039, 0.3961, 0.4000,  ..., 0.4000, 0.4078, 0.3922],
         ...,
         [0.3961, 0.3961, 0.3922,  ..., 0.4000, 0.3922, 0.3961],
         [0.3961, 0.3961, 0.3922,  ..., 0.3961, 0.3922, 0.3961],
         [0.3961, 0.3961, 0.3961,  ..., 0.3961, 0.4000, 0.3882]]])",0.724187433719635,0.7167269
"tensor([[[0.4235, 0.4314, 0.4392,  ..., 0.4157, 0.4314, 0.4353],
         [0.4314, 0.4196, 0.4431,  ..., 0.4314, 0.4392, 0.4275],
         [0.4275, 0.4235, 0.4471,  ..., 0.4196, 0.4196, 0.4118],
         ...,
         [0.4275, 0.4275, 0.4196,  ..., 0.4235, 0.4157, 0.4118],
         [0.4235, 0.4353, 0.4196,  ..., 0.4196, 0.4196, 0.4275],
         [0.4196, 0.4157, 0.4118,  ..., 0.4235, 0.4314, 0.4235]]])",0.4422820806503296,0.48025763
"tensor([[[0.5843, 0.6118, 0.5725,  ..., 0.5569, 0.5490, 0.5333],
         [0.5647, 0.5882, 0.5804,  ..., 0.5529, 0.5725, 0.5765],
         [0.5922, 0.5843, 0.5804,  ..., 0.5804, 0.5647, 0.5412],
         ...,
         [0.5569, 0.5569, 0.5686,  ..., 0.5569, 0.5490, 0.5373],
         [0.5686, 0.5804, 0.5686,  ..., 0.5647, 0.5686, 0.5765],
         [0.5686, 0.5608, 0.5608,  ..., 0.5804, 0.5647, 0.5725]]])",0.2614237666130066,0.3909359
"tensor([[[0.5569, 0.5373, 0.4784,  ..., 0.5216, 0.5059, 0.4863],
         [0.5216, 0.5059, 0.5333,  ..., 0.4745, 0.4549, 0.4588],
         [0.5490, 0.5333, 0.5412,  ..., 0.4824, 0.4745, 0.4824],
         ...,
         [0.5216, 0.5020, 0.5098,  ..., 0.5255, 0.5137, 0.5059],
         [0.5255, 0.5176, 0.5059,  ..., 0.4863, 0.4667, 0.4902],
         [0.5059, 0.5098, 0.5020,  ..., 0.5176, 0.5176, 0.5059]]])",0.19170300662517548,0.33954054
"tensor([[[0.4549, 0.4627, 0.4431,  ..., 0.4275, 0.4431, 0.4118],
         [0.4431, 0.4392, 0.4510,  ..., 0.4235, 0.4078, 0.3804],
         [0.4353, 0.4431, 0.4471,  ..., 0.4000, 0.3882, 0.4078],
         ...,
         [0.4353, 0.4353, 0.4196,  ..., 0.4275, 0.4471, 0.4863],
         [0.4196, 0.4157, 0.4157,  ..., 0.4039, 0.4314, 0.4314],
         [0.4118, 0.4510, 0.4431,  ..., 0.4471, 0.4118, 0.3882]]])",0.26718515157699585,0.37190193
"tensor([[[0.5137, 0.4902, 0.5373,  ..., 0.5255, 0.4941, 0.4706],
         [0.5294, 0.5216, 0.5333,  ..., 0.4902, 0.4706, 0.4941],
         [0.4745, 0.5059, 0.5294,  ..., 0.4941, 0.4863, 0.5059],
         ...,
         [0.5020, 0.5059, 0.4980,  ..., 0.5490, 0.5490, 0.4863],
         [0.4784, 0.4824, 0.5020,  ..., 0.4745, 0.5020, 0.5137],
         [0.5020, 0.4980, 0.5373,  ..., 0.5373, 0.5255, 0.4863]]])",0.2023870199918747,0.33287218
"tensor([[[0.4980, 0.5059, 0.5333,  ..., 0.4784, 0.4902, 0.4627],
         [0.4980, 0.4588, 0.4863,  ..., 0.4824, 0.4549, 0.4588],
         [0.4784, 0.5059, 0.5098,  ..., 0.4784, 0.4667, 0.5059],
         ...,
         [0.4275, 0.4353, 0.4510,  ..., 0.4431, 0.4784, 0.5098],
         [0.4353, 0.4510, 0.4980,  ..., 0.5373, 0.4980, 0.4627],
         [0.4824, 0.4941, 0.4980,  ..., 0.4902, 0.5529, 0.5647]]])",0.2431858777999878,0.3405835
"tensor([[[0.4941, 0.4902, 0.5059,  ..., 0.4471, 0.5059, 0.5216],
         [0.4706, 0.4941, 0.5137,  ..., 0.5255, 0.4353, 0.4275],
         [0.4824, 0.4667, 0.4706,  ..., 0.4039, 0.4627, 0.4980],
         ...,
         [0.4353, 0.4157, 0.4353,  ..., 0.4902, 0.5412, 0.5098],
         [0.4667, 0.4549, 0.4392,  ..., 0.4588, 0.4471, 0.4863],
         [0.4588, 0.4510, 0.3961,  ..., 0.4824, 0.4667, 0.5059]]])",0.199507936835289,0.33945793
"tensor([[[0.5020, 0.5412, 0.5020,  ..., 0.4863, 0.5098, 0.4980],
         [0.4471, 0.4667, 0.5098,  ..., 0.4941, 0.4588, 0.4392],
         [0.4784, 0.4706, 0.4980,  ..., 0.4275, 0.4667, 0.4941],
         ...,
         [0.4275, 0.4353, 0.4314,  ..., 0.4471, 0.4902, 0.4745],
         [0.4353, 0.4353, 0.4275,  ..., 0.4627, 0.4941, 0.5020],
         [0.3882, 0.4353, 0.4980,  ..., 0.4588, 0.4353, 0.4824]]])",0.2615688741207123,0.35414186
"tensor([[[0.4588, 0.4588, 0.4118,  ..., 0.3961, 0.4078, 0.4118],
         [0.4078, 0.4588, 0.4431,  ..., 0.4039, 0.3882, 0.3882],
         [0.3804, 0.4118, 0.4431,  ..., 0.3647, 0.4196, 0.5020],
         ...,
         [0.3686, 0.3608, 0.3843,  ..., 0.4078, 0.4667, 0.4627],
         [0.3608, 0.3725, 0.3882,  ..., 0.3529, 0.3804, 0.4000],
         [0.3647, 0.4196, 0.4196,  ..., 0.4353, 0.4471, 0.4039]]])",0.2672584354877472,0.35131377
"tensor([[[0.5490, 0.5647, 0.6353,  ..., 0.4863, 0.5137, 0.4667],
         [0.4941, 0.5020, 0.4941,  ..., 0.4902, 0.4627, 0.4627],
         [0.5020, 0.5451, 0.4902,  ..., 0.4902, 0.4863, 0.5333],
         ...,
         [0.4902, 0.4824, 0.4745,  ..., 0.4902, 0.5412, 0.5765],
         [0.4667, 0.4667, 0.4745,  ..., 0.4471, 0.4902, 0.5020],
         [0.4902, 0.4824, 0.4353,  ..., 0.4824, 0.4627, 0.4706]]])",0.23254495859146118,0.36957532
"tensor([[[0.6471, 0.5961, 0.5765,  ..., 0.5294, 0.5137, 0.5333],
         [0.5451, 0.6078, 0.6039,  ..., 0.5333, 0.5333, 0.5176],
         [0.5373, 0.5686, 0.5255,  ..., 0.5216, 0.5490, 0.5412],
         ...,
         [0.5608, 0.5176, 0.5373,  ..., 0.5020, 0.5686, 0.6118],
         [0.5176, 0.4784, 0.5373,  ..., 0.5176, 0.5098, 0.5255],
         [0.4824, 0.5098, 0.5216,  ..., 0.5333, 0.5333, 0.5569]]])",0.22649593651294708,0.41432428
"tensor([[[0.4235, 0.4235, 0.5098,  ..., 0.4039, 0.4471, 0.4157],
         [0.4510, 0.4235, 0.4863,  ..., 0.4353, 0.4235, 0.4078],
         [0.4902, 0.4353, 0.4235,  ..., 0.4078, 0.4196, 0.4196],
         ...,
         [0.3922, 0.4549, 0.3569,  ..., 0.3922, 0.3725, 0.3882],
         [0.4039, 0.4196, 0.3725,  ..., 0.4039, 0.4314, 0.4314],
         [0.4431, 0.3922, 0.3765,  ..., 0.3882, 0.3961, 0.4157]]])",0.23337864875793457,0.35750473
"tensor([[[0.4078, 0.4314, 0.3882,  ..., 0.3882, 0.4196, 0.4235],
         [0.3569, 0.4235, 0.4275,  ..., 0.4157, 0.4078, 0.3765],
         [0.3451, 0.3922, 0.4471,  ..., 0.3686, 0.3804, 0.3804],
         ...,
         [0.4549, 0.3804, 0.3804,  ..., 0.3725, 0.3804, 0.3647],
         [0.4863, 0.3176, 0.3882,  ..., 0.3686, 0.3882, 0.3882],
         [0.3569, 0.3451, 0.4000,  ..., 0.3922, 0.3882, 0.3843]]])",0.26331061124801636,0.338746
"tensor([[[0.4784, 0.4667, 0.4902,  ..., 0.4353, 0.4549, 0.4784],
         [0.4941, 0.4706, 0.4627,  ..., 0.4627, 0.4784, 0.4824],
         [0.4745, 0.4941, 0.4706,  ..., 0.4627, 0.4784, 0.4627],
         ...,
         [0.4392, 0.4275, 0.4706,  ..., 0.4392, 0.4510, 0.4627],
         [0.3843, 0.4627, 0.4627,  ..., 0.4588, 0.4431, 0.4392],
         [0.4000, 0.4667, 0.4431,  ..., 0.4314, 0.4627, 0.4549]]])",0.2482592612504959,0.35946465
"tensor([[[0.5608, 0.5333, 0.5412,  ..., 0.4941, 0.4745, 0.5255],
         [0.5490, 0.5490, 0.5569,  ..., 0.5020, 0.5529, 0.5804],
         [0.5608, 0.5490, 0.5333,  ..., 0.5608, 0.5294, 0.5216],
         ...,
         [0.5176, 0.5333, 0.5255,  ..., 0.4863, 0.5059, 0.5294],
         [0.4941, 0.5176, 0.5098,  ..., 0.5020, 0.4941, 0.5020],
         [0.5098, 0.5451, 0.5137,  ..., 0.5059, 0.5059, 0.5294]]])",0.20292459428310394,0.3694262
"tensor([[[0.3922, 0.4078, 0.4471,  ..., 0.3725, 0.3333, 0.3490],
         [0.4196, 0.4196, 0.4431,  ..., 0.3255, 0.4078, 0.3961],
         [0.4275, 0.4157, 0.4235,  ..., 0.4000, 0.3804, 0.3529],
         ...,
         [0.4039, 0.4275, 0.3922,  ..., 0.3686, 0.3804, 0.3647],
         [0.3961, 0.4392, 0.3765,  ..., 0.4078, 0.4039, 0.3843],
         [0.3843, 0.3922, 0.3882,  ..., 0.3569, 0.3098, 0.3608]]])",0.22271490097045898,0.35583797
"tensor([[[0.4863, 0.5451, 0.4980,  ..., 0.5490, 0.5451, 0.5647],
         [0.4902, 0.5020, 0.5059,  ..., 0.5804, 0.4902, 0.5294],
         [0.4941, 0.5020, 0.5294,  ..., 0.5176, 0.5255, 0.5020],
         ...,
         [0.4431, 0.4902, 0.4941,  ..., 0.5020, 0.5451, 0.5255],
         [0.4941, 0.5529, 0.5098,  ..., 0.4706, 0.5725, 0.4980],
         [0.5647, 0.5294, 0.5569,  ..., 0.4314, 0.4824, 0.5529]]])",0.2067517787218094,0.33928892
"tensor([[[0.4549, 0.4471, 0.4157,  ..., 0.4667, 0.4941, 0.4706],
         [0.4000, 0.4235, 0.4627,  ..., 0.5098, 0.4549, 0.4667],
         [0.4275, 0.4196, 0.4235,  ..., 0.4745, 0.4235, 0.4157],
         ...,
         [0.4275, 0.4039, 0.4392,  ..., 0.4353, 0.5020, 0.4353],
         [0.4627, 0.4392, 0.4706,  ..., 0.3765, 0.4549, 0.4627],
         [0.4314, 0.4627, 0.4902,  ..., 0.3843, 0.4000, 0.4784]]])",0.2426157295703888,0.4780112
"tensor([[[0.4706, 0.4431, 0.4510,  ..., 0.5255, 0.5333, 0.4863],
         [0.5059, 0.4980, 0.4745,  ..., 0.5255, 0.5176, 0.4902],
         [0.4784, 0.4902, 0.4941,  ..., 0.4941, 0.4745, 0.4745],
         ...,
         [0.5647, 0.4431, 0.4824,  ..., 0.4824, 0.5294, 0.4784],
         [0.4784, 0.4588, 0.5137,  ..., 0.3961, 0.4627, 0.4902],
         [0.4549, 0.4745, 0.5216,  ..., 0.4078, 0.4588, 0.4706]]])",0.2561028003692627,0.35581362
"tensor([[[0.4784, 0.4941, 0.5059,  ..., 0.5098, 0.5333, 0.5294],
         [0.4667, 0.4745, 0.4784,  ..., 0.4863, 0.5529, 0.5020],
         [0.4471, 0.4784, 0.4784,  ..., 0.5059, 0.5490, 0.4784],
         ...,
         [0.5412, 0.5098, 0.4784,  ..., 0.4784, 0.5294, 0.6000],
         [0.4627, 0.4667, 0.5020,  ..., 0.5216, 0.4980, 0.5804],
         [0.4863, 0.5020, 0.5059,  ..., 0.4314, 0.4706, 0.5490]]])",0.20552067458629608,0.34117335
"tensor([[[0.5529, 0.5412, 0.5765,  ..., 0.5882, 0.5686, 0.5882],
         [0.5608, 0.5569, 0.5412,  ..., 0.5961, 0.5843, 0.6118],
         [0.5333, 0.5608, 0.5451,  ..., 0.5922, 0.5686, 0.5961],
         ...,
         [0.5765, 0.6039, 0.5294,  ..., 0.5765, 0.6078, 0.6314],
         [0.4863, 0.5490, 0.5765,  ..., 0.5059, 0.5608, 0.5922],
         [0.6000, 0.5804, 0.5373,  ..., 0.5529, 0.5686, 0.5333]]])",0.1931949257850647,0.33967283
"tensor([[[0.4392, 0.4353, 0.4980,  ..., 0.4941, 0.5137, 0.4078],
         [0.4706, 0.4196, 0.4353,  ..., 0.4902, 0.4667, 0.4824],
         [0.4667, 0.4392, 0.4314,  ..., 0.5059, 0.4392, 0.5686],
         ...,
         [0.4314, 0.4863, 0.4706,  ..., 0.4863, 0.5098, 0.4314],
         [0.4902, 0.4627, 0.4510,  ..., 0.4235, 0.4549, 0.4941],
         [0.4510, 0.4863, 0.4902,  ..., 0.4588, 0.4314, 0.4588]]])",0.20414386689662933,0.3341965
"tensor([[[0.4784, 0.4745, 0.5412,  ..., 0.5333, 0.5765, 0.5647],
         [0.5137, 0.4745, 0.4980,  ..., 0.5490, 0.5333, 0.5098],
         [0.5176, 0.4902, 0.4745,  ..., 0.5176, 0.5333, 0.5686],
         ...,
         [0.4275, 0.5412, 0.5255,  ..., 0.4980, 0.5255, 0.5020],
         [0.5490, 0.5569, 0.5176,  ..., 0.5255, 0.4863, 0.5059],
         [0.5725, 0.5098, 0.5725,  ..., 0.5686, 0.4941, 0.5137]]])",0.24322113394737244,0.35578603
"tensor([[[0.4667, 0.4824, 0.4784,  ..., 0.4980, 0.5216, 0.5137],
         [0.4667, 0.4549, 0.4745,  ..., 0.5490, 0.5294, 0.5294],
         [0.4588, 0.4588, 0.4863,  ..., 0.5373, 0.4902, 0.5725],
         ...,
         [0.4157, 0.5137, 0.5059,  ..., 0.5020, 0.4863, 0.4431],
         [0.4902, 0.5059, 0.5059,  ..., 0.5137, 0.4706, 0.5059],
         [0.5059, 0.5294, 0.5922,  ..., 0.5020, 0.4510, 0.4824]]])",0.2142341434955597,0.33790702
"tensor([[[0.4471, 0.4784, 0.5686,  ..., 0.5333, 0.5529, 0.5529],
         [0.5176, 0.4706, 0.4941,  ..., 0.6235, 0.5922, 0.5490],
         [0.5294, 0.4980, 0.5098,  ..., 0.6549, 0.5373, 0.4902],
         ...,
         [0.3922, 0.5255, 0.5647,  ..., 0.5137, 0.5569, 0.5412],
         [0.4588, 0.5804, 0.5255,  ..., 0.4510, 0.5490, 0.5569],
         [0.5373, 0.5569, 0.5961,  ..., 0.4431, 0.5098, 0.5529]]])",0.20417939126491547,0.3280614
"tensor([[[0.4078, 0.4118, 0.4980,  ..., 0.4471, 0.5412, 0.3882],
         [0.4471, 0.3686, 0.4667,  ..., 0.5216, 0.4588, 0.4118],
         [0.4392, 0.4314, 0.4196,  ..., 0.5451, 0.4157, 0.4588],
         ...,
         [0.4353, 0.4314, 0.4902,  ..., 0.3961, 0.5333, 0.4275],
         [0.3451, 0.4706, 0.4157,  ..., 0.3686, 0.5098, 0.4431],
         [0.3686, 0.4941, 0.4431,  ..., 0.3961, 0.4549, 0.5451]]])",0.2254582792520523,0.33247527
"tensor([[[0.3294, 0.4549, 0.4980,  ..., 0.4588, 0.5020, 0.4745],
         [0.3765, 0.3882, 0.4588,  ..., 0.5176, 0.4706, 0.4784],
         [0.5020, 0.3804, 0.4706,  ..., 0.4863, 0.4431, 0.4706],
         ...,
         [0.5608, 0.5059, 0.3804,  ..., 0.4392, 0.5176, 0.4510],
         [0.5098, 0.4157, 0.4510,  ..., 0.4157, 0.5059, 0.4353],
         [0.5294, 0.3451, 0.4824,  ..., 0.4824, 0.4745, 0.5098]]])",0.18165454268455505,0.32719824
"tensor([[[0.4863, 0.4471, 0.5059,  ..., 0.5098, 0.4784, 0.5333],
         [0.4510, 0.4510, 0.4549,  ..., 0.4784, 0.5137, 0.4980],
         [0.4863, 0.4784, 0.4157,  ..., 0.4941, 0.5216, 0.4471],
         ...,
         [0.5569, 0.4706, 0.4745,  ..., 0.5098, 0.4784, 0.5529],
         [0.4667, 0.4667, 0.4863,  ..., 0.5373, 0.5020, 0.4863],
         [0.4706, 0.4824, 0.4314,  ..., 0.5020, 0.5098, 0.4824]]])",0.22931982576847076,0.33294123
"tensor([[[0.3922, 0.4157, 0.4078,  ..., 0.4392, 0.4235, 0.4471],
         [0.4000, 0.3961, 0.4275,  ..., 0.4314, 0.4314, 0.4235],
         [0.4078, 0.3804, 0.4078,  ..., 0.4078, 0.4314, 0.4275],
         ...,
         [0.4118, 0.4039, 0.4078,  ..., 0.4392, 0.4118, 0.4353],
         [0.4078, 0.4000, 0.3843,  ..., 0.4235, 0.4353, 0.4157],
         [0.3922, 0.3961, 0.4118,  ..., 0.3882, 0.4431, 0.4157]]])",0.3612217903137207,0.42427957
"tensor([[[0.4549, 0.4902, 0.4824,  ..., 0.5059, 0.5098, 0.5098],
         [0.4784, 0.4549, 0.5176,  ..., 0.4941, 0.5020, 0.4941],
         [0.4706, 0.4431, 0.5020,  ..., 0.4863, 0.4941, 0.5098],
         ...,
         [0.4706, 0.4902, 0.4706,  ..., 0.5137, 0.4863, 0.5059],
         [0.4588, 0.4706, 0.4510,  ..., 0.4980, 0.4941, 0.4863],
         [0.4627, 0.4588, 0.4706,  ..., 0.4549, 0.5255, 0.4902]]])",0.3099123239517212,0.41227424
"tensor([[[0.4627, 0.4902, 0.4706,  ..., 0.4902, 0.5294, 0.4824],
         [0.4627, 0.4627, 0.4941,  ..., 0.4980, 0.4745, 0.4706],
         [0.4745, 0.4549, 0.4902,  ..., 0.4902, 0.4863, 0.5216],
         ...,
         [0.4510, 0.4706, 0.4745,  ..., 0.4902, 0.4902, 0.4784],
         [0.4706, 0.4627, 0.4667,  ..., 0.4902, 0.4980, 0.4784],
         [0.4745, 0.4784, 0.4745,  ..., 0.4863, 0.4941, 0.5020]]])",0.3326098620891571,0.44671595
"tensor([[[0.4078, 0.4706, 0.4314,  ..., 0.4667, 0.4353, 0.4510],
         [0.4000, 0.4157, 0.4667,  ..., 0.4235, 0.4627, 0.4078],
         [0.4078, 0.3882, 0.4706,  ..., 0.4431, 0.4510, 0.4549],
         ...,
         [0.4078, 0.4235, 0.4471,  ..., 0.4784, 0.4549, 0.4784],
         [0.4510, 0.4353, 0.4314,  ..., 0.4510, 0.4549, 0.4784],
         [0.4353, 0.3922, 0.4824,  ..., 0.4353, 0.4588, 0.4431]]])",0.2110738903284073,0.34102422
"tensor([[[0.3922, 0.3804, 0.4000,  ..., 0.4078, 0.3765, 0.3765],
         [0.3843, 0.3804, 0.4000,  ..., 0.3686, 0.3961, 0.4235],
         [0.4039, 0.3843, 0.3843,  ..., 0.4157, 0.4196, 0.3843],
         ...,
         [0.3765, 0.3961, 0.4118,  ..., 0.4196, 0.4275, 0.4353],
         [0.4039, 0.4000, 0.3804,  ..., 0.4078, 0.4000, 0.4235],
         [0.3882, 0.3804, 0.3804,  ..., 0.4275, 0.4078, 0.4039]]])",0.26796939969062805,0.37649834
"tensor([[[0.3961, 0.4039, 0.4118,  ..., 0.3961, 0.4118, 0.4118],
         [0.4078, 0.4118, 0.4039,  ..., 0.3843, 0.4118, 0.3961],
         [0.4118, 0.4118, 0.4118,  ..., 0.4000, 0.4157, 0.3569],
         ...,
         [0.3686, 0.3882, 0.4078,  ..., 0.3843, 0.4000, 0.4235],
         [0.3961, 0.3922, 0.3882,  ..., 0.3686, 0.4118, 0.4235],
         [0.3765, 0.4196, 0.4078,  ..., 0.3294, 0.4039, 0.4157]]])",0.2498064488172531,0.4679102
"tensor([[[0.4588, 0.4588, 0.4549,  ..., 0.4627, 0.4510, 0.4471],
         [0.4549, 0.4549, 0.4588,  ..., 0.4471, 0.4588, 0.4471],
         [0.4471, 0.4549, 0.4667,  ..., 0.4510, 0.4431, 0.4431],
         ...,
         [0.4275, 0.4275, 0.4745,  ..., 0.4667, 0.4471, 0.4510],
         [0.4627, 0.4471, 0.4353,  ..., 0.4627, 0.4471, 0.4667],
         [0.4078, 0.4353, 0.4824,  ..., 0.4275, 0.4745, 0.4549]]])",0.289585143327713,0.51165134
"tensor([[[0.4941, 0.4863, 0.4745,  ..., 0.5176, 0.4863, 0.4549],
         [0.4392, 0.4667, 0.4824,  ..., 0.4549, 0.4706, 0.4667],
         [0.4196, 0.4431, 0.4471,  ..., 0.4667, 0.4863, 0.4627],
         ...,
         [0.4667, 0.4510, 0.4824,  ..., 0.4431, 0.4392, 0.4392],
         [0.4471, 0.4667, 0.4392,  ..., 0.4588, 0.4431, 0.4235],
         [0.5098, 0.4549, 0.4588,  ..., 0.4588, 0.4510, 0.4431]]])",0.25725483894348145,0.34221098
"tensor([[[0.4000, 0.4353, 0.4078,  ..., 0.4353, 0.4510, 0.4078],
         [0.4431, 0.4196, 0.4196,  ..., 0.4510, 0.4275, 0.3922],
         [0.4196, 0.4353, 0.4314,  ..., 0.4549, 0.3725, 0.3961],
         ...,
         [0.4353, 0.4667, 0.3725,  ..., 0.4157, 0.4000, 0.3843],
         [0.4431, 0.4039, 0.3843,  ..., 0.4431, 0.3961, 0.4039],
         [0.4588, 0.4000, 0.4275,  ..., 0.4471, 0.4392, 0.4196]]])",0.2637227773666382,0.34986302
"tensor([[[0.4745, 0.4392, 0.4588,  ..., 0.4902, 0.5020, 0.4431],
         [0.5020, 0.4353, 0.4353,  ..., 0.4745, 0.4118, 0.4627],
         [0.5216, 0.4745, 0.4706,  ..., 0.4235, 0.4588, 0.4510],
         ...,
         [0.4784, 0.4549, 0.4745,  ..., 0.4667, 0.4980, 0.4667],
         [0.4824, 0.4745, 0.4471,  ..., 0.4353, 0.4588, 0.4941],
         [0.4627, 0.4588, 0.4196,  ..., 0.4902, 0.4431, 0.4510]]])",0.247342050075531,0.34585172
"tensor([[[0.4549, 0.4353, 0.4235,  ..., 0.4510, 0.4510, 0.4863],
         [0.4784, 0.4314, 0.4275,  ..., 0.4392, 0.4627, 0.4392],
         [0.4941, 0.4745, 0.4510,  ..., 0.4431, 0.4392, 0.4314],
         ...,
         [0.4706, 0.4941, 0.4118,  ..., 0.4588, 0.4980, 0.5059],
         [0.4941, 0.4235, 0.4510,  ..., 0.4431, 0.4745, 0.4824],
         [0.4588, 0.4196, 0.4902,  ..., 0.4431, 0.4235, 0.4667]]])",0.24163827300071716,0.32923555
"tensor([[[0.4588, 0.4863, 0.4353,  ..., 0.4745, 0.4863, 0.4549],
         [0.4824, 0.4392, 0.4314,  ..., 0.4980, 0.4902, 0.4314],
         [0.5137, 0.4941, 0.4941,  ..., 0.4667, 0.4392, 0.4863],
         ...,
         [0.4745, 0.4745, 0.4863,  ..., 0.5176, 0.5216, 0.4627],
         [0.4863, 0.4549, 0.4824,  ..., 0.4863, 0.5059, 0.5137],
         [0.4784, 0.4784, 0.4902,  ..., 0.4784, 0.4588, 0.4588]]])",0.24820630252361298,0.33329105
"tensor([[[0.4275, 0.3569, 0.4196,  ..., 0.4275, 0.4549, 0.4000],
         [0.4314, 0.3765, 0.4118,  ..., 0.4275, 0.3922, 0.3922],
         [0.3961, 0.4235, 0.3922,  ..., 0.4000, 0.4314, 0.4118],
         ...,
         [0.4431, 0.4431, 0.4078,  ..., 0.4588, 0.3922, 0.3529],
         [0.3961, 0.3922, 0.3765,  ..., 0.4471, 0.4549, 0.4157],
         [0.4078, 0.4118, 0.3922,  ..., 0.3922, 0.4078, 0.4235]]])",0.2593080401420593,0.35902143
"tensor([[[0.3961, 0.4314, 0.4471,  ..., 0.4431, 0.4431, 0.4314],
         [0.4118, 0.4157, 0.4235,  ..., 0.4471, 0.4471, 0.4275],
         [0.4471, 0.4235, 0.3922,  ..., 0.4392, 0.4235, 0.4314],
         ...,
         [0.4353, 0.4588, 0.4314,  ..., 0.4627, 0.4275, 0.3843],
         [0.4431, 0.4235, 0.3843,  ..., 0.4431, 0.4745, 0.4157],
         [0.4118, 0.3804, 0.3804,  ..., 0.4275, 0.4196, 0.4588]]])",0.2928253412246704,0.53184617
"tensor([[[0.4078, 0.4000, 0.4275,  ..., 0.3922, 0.4314, 0.4549],
         [0.4314, 0.4157, 0.4039,  ..., 0.4667, 0.4627, 0.4392],
         [0.4549, 0.4471, 0.4353,  ..., 0.4588, 0.4471, 0.4549],
         ...,
         [0.3922, 0.4000, 0.4196,  ..., 0.4431, 0.4314, 0.3725],
         [0.4392, 0.4353, 0.3804,  ..., 0.4118, 0.4706, 0.4431],
         [0.4196, 0.3882, 0.3922,  ..., 0.4039, 0.4118, 0.4627]]])",0.24549955129623413,0.3723738
"tensor([[[0.3686, 0.4039, 0.4196,  ..., 0.3843, 0.3804, 0.3882],
         [0.4314, 0.3882, 0.4510,  ..., 0.4392, 0.4431, 0.4588],
         [0.4157, 0.3882, 0.4431,  ..., 0.4275, 0.4275, 0.4471],
         ...,
         [0.4314, 0.3843, 0.3608,  ..., 0.3922, 0.4000, 0.4000],
         [0.3961, 0.3686, 0.3843,  ..., 0.3961, 0.3882, 0.3961],
         [0.3569, 0.3765, 0.3961,  ..., 0.4588, 0.4392, 0.4235]]])",0.2844098210334778,0.36716685
"tensor([[[0.4627, 0.4471, 0.4941,  ..., 0.4902, 0.5020, 0.4588],
         [0.4471, 0.4784, 0.4824,  ..., 0.4588, 0.4471, 0.4353],
         [0.4471, 0.4275, 0.4980,  ..., 0.4627, 0.4667, 0.5020],
         ...,
         [0.4510, 0.4510, 0.4353,  ..., 0.4627, 0.4588, 0.4471],
         [0.4667, 0.4392, 0.4549,  ..., 0.4510, 0.4196, 0.4392],
         [0.4314, 0.4078, 0.4314,  ..., 0.4941, 0.4863, 0.4510]]])",0.24702872335910797,0.34784016
"tensor([[[0.3529, 0.4471, 0.5098,  ..., 0.4157, 0.4353, 0.4431],
         [0.3647, 0.3804, 0.4627,  ..., 0.4235, 0.4314, 0.4196],
         [0.4235, 0.3686, 0.4000,  ..., 0.4196, 0.4078, 0.4000],
         ...,
         [0.3804, 0.4000, 0.3765,  ..., 0.4078, 0.4078, 0.4000],
         [0.4078, 0.4000, 0.4078,  ..., 0.4118, 0.3765, 0.3765],
         [0.3961, 0.3804, 0.3882,  ..., 0.4353, 0.4588, 0.4118]]])",0.24677760899066925,0.3388535
"tensor([[[0.4235, 0.4941, 0.5451,  ..., 0.4980, 0.4588, 0.4745],
         [0.4549, 0.4824, 0.5255,  ..., 0.4745, 0.4784, 0.4980],
         [0.4588, 0.4471, 0.4745,  ..., 0.4863, 0.4745, 0.4588],
         ...,
         [0.4392, 0.4235, 0.4275,  ..., 0.4627, 0.4824, 0.4627],
         [0.4627, 0.4392, 0.4980,  ..., 0.4549, 0.4549, 0.4745],
         [0.4706, 0.4431, 0.4745,  ..., 0.4941, 0.4549, 0.4549]]])",0.23286879062652588,0.3336307
"tensor([[[0.4941, 0.5137, 0.4784,  ..., 0.4471, 0.4902, 0.4549],
         [0.4353, 0.4902, 0.4863,  ..., 0.4902, 0.4667, 0.4627],
         [0.4235, 0.4627, 0.4863,  ..., 0.4353, 0.4627, 0.4706],
         ...,
         [0.4431, 0.4431, 0.4745,  ..., 0.4667, 0.4627, 0.4745],
         [0.4549, 0.4745, 0.4706,  ..., 0.4157, 0.4706, 0.4549],
         [0.4314, 0.4627, 0.4784,  ..., 0.4196, 0.4118, 0.4471]]])",0.31126606464385986,0.38344187
"tensor([[[0.4941, 0.4627, 0.5020,  ..., 0.4000, 0.4314, 0.4431],
         [0.4667, 0.4510, 0.4706,  ..., 0.4235, 0.4471, 0.4431],
         [0.4431, 0.4784, 0.4235,  ..., 0.4471, 0.4392, 0.4275],
         ...,
         [0.4431, 0.4627, 0.4706,  ..., 0.4627, 0.4392, 0.4392],
         [0.4353, 0.4667, 0.4510,  ..., 0.4000, 0.4314, 0.4039],
         [0.3961, 0.4745, 0.4235,  ..., 0.3961, 0.4196, 0.4314]]])",0.2938808798789978,0.37649876
"tensor([[[0.4745, 0.4902, 0.4941,  ..., 0.4667, 0.4784, 0.4941],
         [0.5216, 0.4863, 0.4824,  ..., 0.4627, 0.4745, 0.4863],
         [0.5098, 0.5333, 0.5176,  ..., 0.4745, 0.4902, 0.4980],
         ...,
         [0.4902, 0.5294, 0.4980,  ..., 0.4824, 0.4941, 0.4667],
         [0.5020, 0.5137, 0.5020,  ..., 0.4431, 0.5020, 0.4627],
         [0.4902, 0.4902, 0.4902,  ..., 0.4314, 0.4706, 0.4784]]])",0.2555142045021057,0.35272217
"tensor([[[0.4824, 0.4667, 0.4667,  ..., 0.4510, 0.4471, 0.4431],
         [0.5020, 0.4941, 0.4627,  ..., 0.4275, 0.4510, 0.4588],
         [0.4706, 0.5216, 0.5137,  ..., 0.4471, 0.4588, 0.4902],
         ...,
         [0.5373, 0.5216, 0.4902,  ..., 0.4431, 0.4353, 0.4549],
         [0.5020, 0.5020, 0.5098,  ..., 0.4510, 0.4627, 0.4471],
         [0.5098, 0.4902, 0.4157,  ..., 0.4000, 0.4392, 0.4627]]])",0.25669312477111816,0.35580212
"tensor([[[0.4824, 0.5059, 0.5020,  ..., 0.4667, 0.4627, 0.5059],
         [0.4824, 0.5098, 0.5294,  ..., 0.4549, 0.4824, 0.5059],
         [0.4980, 0.4627, 0.5255,  ..., 0.4824, 0.4745, 0.4706],
         ...,
         [0.4902, 0.5412, 0.4980,  ..., 0.4471, 0.4471, 0.4471],
         [0.4588, 0.5020, 0.4863,  ..., 0.4471, 0.4549, 0.4667],
         [0.5059, 0.4824, 0.4667,  ..., 0.4549, 0.4275, 0.4235]]])",0.23826536536216736,0.33349565
"tensor([[[0.4078, 0.4980, 0.5412,  ..., 0.4510, 0.4549, 0.4549],
         [0.4000, 0.4275, 0.5451,  ..., 0.4392, 0.4275, 0.4392],
         [0.4353, 0.4000, 0.4667,  ..., 0.4431, 0.4078, 0.4549],
         ...,
         [0.4784, 0.4667, 0.4627,  ..., 0.4275, 0.4314, 0.4392],
         [0.4431, 0.4235, 0.4196,  ..., 0.4000, 0.4000, 0.4314],
         [0.4235, 0.4039, 0.4471,  ..., 0.4000, 0.3922, 0.3804]]])",0.2236778736114502,0.32868633
"tensor([[[0.5020, 0.4549, 0.4784,  ..., 0.4314, 0.4353, 0.5294],
         [0.4235, 0.4980, 0.4667,  ..., 0.4353, 0.4784, 0.4157],
         [0.3804, 0.4667, 0.4667,  ..., 0.4549, 0.4118, 0.4157],
         ...,
         [0.4667, 0.4745, 0.4510,  ..., 0.3569, 0.3922, 0.3490],
         [0.4275, 0.4353, 0.5020,  ..., 0.2078, 0.3294, 0.3608],
         [0.5020, 0.4667, 0.5216,  ..., 0.2314, 0.2588, 0.3647]]])",0.21420451998710632,0.3290493
"tensor([[[0.4980, 0.4863, 0.5176,  ..., 0.4824, 0.4902, 0.4863],
         [0.4863, 0.4941, 0.4980,  ..., 0.4824, 0.5059, 0.4745],
         [0.4745, 0.5020, 0.4745,  ..., 0.4863, 0.4667, 0.4353],
         ...,
         [0.4588, 0.4863, 0.5373,  ..., 0.3843, 0.4235, 0.4196],
         [0.4902, 0.5137, 0.5059,  ..., 0.3373, 0.3961, 0.4510],
         [0.4824, 0.5098, 0.5451,  ..., 0.4196, 0.3765, 0.3725]]])",0.3317643702030182,0.37633258
"tensor([[[0.4980, 0.5059, 0.5098,  ..., 0.5059, 0.4980, 0.5059],
         [0.5020, 0.5216, 0.5176,  ..., 0.4980, 0.5098, 0.5059],
         [0.5216, 0.4627, 0.5098,  ..., 0.5059, 0.4902, 0.4588],
         ...,
         [0.4941, 0.5608, 0.5333,  ..., 0.4235, 0.4157, 0.4588],
         [0.5373, 0.5137, 0.5059,  ..., 0.4000, 0.4275, 0.4510],
         [0.5059, 0.5059, 0.5804,  ..., 0.4000, 0.4392, 0.4118]]])",0.32337695360183716,0.36012617
"tensor([[[0.5137, 0.4784, 0.4392,  ..., 0.4627, 0.5020, 0.5020],
         [0.5059, 0.4941, 0.4627,  ..., 0.4980, 0.5137, 0.5176],
         [0.5216, 0.5255, 0.4588,  ..., 0.4863, 0.4745, 0.4745],
         ...,
         [0.5098, 0.4902, 0.5176,  ..., 0.4078, 0.4039, 0.3961],
         [0.4902, 0.5255, 0.5294,  ..., 0.4549, 0.4667, 0.4588],
         [0.5098, 0.5529, 0.5216,  ..., 0.4431, 0.4784, 0.4863]]])",0.33996322751045227,0.3854705
"tensor([[[0.4627, 0.3451, 0.3333,  ..., 0.3843, 0.3804, 0.3843],
         [0.4549, 0.4235, 0.3373,  ..., 0.3843, 0.3882, 0.4078],
         [0.3804, 0.4235, 0.3608,  ..., 0.3843, 0.3882, 0.3961],
         ...,
         [0.4392, 0.4235, 0.4157,  ..., 0.3333, 0.3333, 0.3373],
         [0.3843, 0.3882, 0.4157,  ..., 0.3294, 0.3725, 0.3686],
         [0.3882, 0.4392, 0.4353,  ..., 0.3216, 0.3569, 0.3725]]])",0.3281799852848053,0.37241077
"tensor([[[0.4157, 0.3843, 0.3529,  ..., 0.3686, 0.3804, 0.3882],
         [0.3882, 0.3961, 0.3216,  ..., 0.3765, 0.3804, 0.3804],
         [0.3686, 0.3882, 0.3490,  ..., 0.3647, 0.3961, 0.3686],
         ...,
         [0.4157, 0.3843, 0.3843,  ..., 0.3294, 0.3608, 0.3608],
         [0.3569, 0.3843, 0.4196,  ..., 0.3412, 0.3451, 0.3608],
         [0.3882, 0.4196, 0.4235,  ..., 0.3216, 0.3020, 0.3059]]])",0.2577802240848541,0.3465384
"tensor([[[0.3686, 0.3961, 0.3804,  ..., 0.3843, 0.4510, 0.4039],
         [0.4314, 0.3961, 0.3608,  ..., 0.4039, 0.3804, 0.3529],
         [0.4353, 0.4078, 0.3765,  ..., 0.4039, 0.3882, 0.4039],
         ...,
         [0.3961, 0.3804, 0.4000,  ..., 0.3725, 0.3843, 0.4078],
         [0.3725, 0.3961, 0.4118,  ..., 0.3529, 0.3451, 0.3608],
         [0.4157, 0.4078, 0.4196,  ..., 0.3647, 0.3294, 0.3373]]])",0.23956923186779022,0.3617817
"tensor([[[0.3843, 0.3098, 0.3922,  ..., 0.3686, 0.4000, 0.4196],
         [0.4588, 0.3882, 0.3608,  ..., 0.3725, 0.3922, 0.3569],
         [0.4196, 0.3765, 0.3647,  ..., 0.3882, 0.3608, 0.3373],
         ...,
         [0.3686, 0.3686, 0.3686,  ..., 0.3451, 0.3686, 0.3843],
         [0.3843, 0.3961, 0.4000,  ..., 0.3843, 0.3451, 0.3608],
         [0.4000, 0.3804, 0.4157,  ..., 0.3686, 0.3961, 0.3961]]])",0.24186891317367554,0.35158527
"tensor([[[0.4627, 0.4235, 0.4392,  ..., 0.4275, 0.4118, 0.4667],
         [0.5216, 0.4392, 0.4588,  ..., 0.4667, 0.4510, 0.4549],
         [0.4824, 0.4588, 0.4549,  ..., 0.4353, 0.4157, 0.4196],
         ...,
         [0.4549, 0.4863, 0.4784,  ..., 0.4078, 0.4078, 0.4039],
         [0.4471, 0.4667, 0.4353,  ..., 0.4627, 0.4706, 0.4627],
         [0.4510, 0.4471, 0.4745,  ..., 0.4510, 0.4235, 0.4627]]])",0.2497967779636383,0.36978263
"tensor([[[0.3725, 0.3725, 0.3804,  ..., 0.4118, 0.3922, 0.3608],
         [0.4510, 0.3961, 0.4078,  ..., 0.4078, 0.3804, 0.3412],
         [0.4275, 0.3725, 0.4275,  ..., 0.3961, 0.3373, 0.3686],
         ...,
         [0.4196, 0.4000, 0.3961,  ..., 0.4000, 0.3608, 0.3020],
         [0.3804, 0.3961, 0.3922,  ..., 0.4000, 0.4549, 0.4314],
         [0.4000, 0.3608, 0.3804,  ..., 0.3686, 0.3490, 0.3882]]])",0.25393351912498474,0.35169512
"tensor([[[0.4627, 0.4431, 0.4353,  ..., 0.4706, 0.4471, 0.3647],
         [0.4745, 0.4314, 0.4471,  ..., 0.4314, 0.4000, 0.4078],
         [0.4549, 0.4588, 0.4667,  ..., 0.4275, 0.4314, 0.4275],
         ...,
         [0.4000, 0.3961, 0.4235,  ..., 0.4353, 0.3961, 0.3765],
         [0.3961, 0.4431, 0.3922,  ..., 0.4510, 0.4392, 0.4118],
         [0.4431, 0.4667, 0.3922,  ..., 0.4275, 0.4588, 0.4353]]])",0.25797903537750244,0.36082983
"tensor([[[0.4157, 0.4000, 0.3686,  ..., 0.4000, 0.4196, 0.3294],
         [0.4078, 0.3961, 0.4000,  ..., 0.3843, 0.3412, 0.3608],
         [0.3922, 0.4118, 0.3961,  ..., 0.3686, 0.3961, 0.3765],
         ...,
         [0.3608, 0.3333, 0.3804,  ..., 0.3804, 0.3137, 0.3569],
         [0.3412, 0.3882, 0.3725,  ..., 0.4078, 0.3686, 0.3412],
         [0.4078, 0.4314, 0.3686,  ..., 0.3961, 0.4078, 0.3647]]])",0.28276780247688293,0.38998532
"tensor([[[0.4039, 0.3961, 0.3569,  ..., 0.4078, 0.3725, 0.3490],
         [0.4431, 0.4392, 0.4196,  ..., 0.4118, 0.3843, 0.3843],
         [0.4000, 0.3961, 0.4196,  ..., 0.3686, 0.3686, 0.3843],
         ...,
         [0.3961, 0.3451, 0.3294,  ..., 0.3725, 0.3059, 0.3255],
         [0.3647, 0.3608, 0.4039,  ..., 0.4353, 0.3451, 0.3176],
         [0.4000, 0.3882, 0.4275,  ..., 0.4000, 0.4000, 0.3529]]])",0.27777808904647827,0.35402605
"tensor([[[0.4824, 0.4471, 0.4392,  ..., 0.4745, 0.4510, 0.4235],
         [0.4745, 0.4824, 0.4784,  ..., 0.4863, 0.4549, 0.4353],
         [0.4627, 0.4353, 0.4667,  ..., 0.4706, 0.4196, 0.4235],
         ...,
         [0.4196, 0.4118, 0.4196,  ..., 0.4314, 0.4039, 0.4000],
         [0.4431, 0.4392, 0.4706,  ..., 0.4667, 0.4549, 0.4039],
         [0.4118, 0.4667, 0.4353,  ..., 0.4510, 0.4392, 0.4392]]])",0.32884863018989563,0.36117125
"tensor([[[0.5843, 0.5529, 0.4980,  ..., 0.5765, 0.5686, 0.5333],
         [0.5137, 0.5529, 0.5255,  ..., 0.5765, 0.5569, 0.5059],
         [0.5294, 0.5216, 0.5216,  ..., 0.5294, 0.5059, 0.4627],
         ...,
         [0.5255, 0.4745, 0.5412,  ..., 0.5373, 0.4902, 0.4980],
         [0.5137, 0.5255, 0.5412,  ..., 0.5373, 0.5255, 0.5294],
         [0.4902, 0.5176, 0.5216,  ..., 0.5176, 0.5020, 0.4902]]])",0.23937153816223145,0.36864755
"tensor([[[0.4431, 0.4314, 0.4510,  ..., 0.4510, 0.4588, 0.5020],
         [0.4784, 0.4588, 0.4431,  ..., 0.5059, 0.5020, 0.4667],
         [0.4706, 0.4588, 0.4549,  ..., 0.4549, 0.4235, 0.3882],
         ...,
         [0.4667, 0.4549, 0.4235,  ..., 0.4510, 0.4392, 0.4392],
         [0.4431, 0.4196, 0.4392,  ..., 0.4235, 0.4510, 0.4588],
         [0.4353, 0.4471, 0.4471,  ..., 0.4588, 0.4196, 0.4471]]])",0.2323780059814453,0.35507423
"tensor([[[0.4157, 0.4078, 0.4275,  ..., 0.4118, 0.3882, 0.4039],
         [0.4431, 0.4000, 0.4196,  ..., 0.3922, 0.4392, 0.4471],
         [0.4745, 0.4392, 0.4196,  ..., 0.4196, 0.4157, 0.3804],
         ...,
         [0.4000, 0.4078, 0.4078,  ..., 0.3843, 0.3843, 0.4118],
         [0.3922, 0.4353, 0.4157,  ..., 0.4039, 0.3882, 0.3725],
         [0.4431, 0.4157, 0.4000,  ..., 0.4353, 0.4275, 0.4039]]])",0.2727881371974945,0.37241286
"tensor([[[0.4118, 0.3961, 0.3765,  ..., 0.4196, 0.3882, 0.4353],
         [0.4235, 0.4235, 0.4039,  ..., 0.3882, 0.3843, 0.3490],
         [0.4157, 0.4196, 0.4118,  ..., 0.3569, 0.3843, 0.4000],
         ...,
         [0.4039, 0.3765, 0.4157,  ..., 0.3843, 0.3373, 0.3686],
         [0.3647, 0.4157, 0.4275,  ..., 0.3961, 0.3843, 0.3451],
         [0.4392, 0.4157, 0.3725,  ..., 0.4157, 0.4157, 0.3529]]])",0.25630590319633484,0.36191434
"tensor([[[0.4471, 0.4745, 0.4431,  ..., 0.4392, 0.4078, 0.4196],
         [0.4118, 0.4392, 0.4275,  ..., 0.3882, 0.4157, 0.4235],
         [0.4471, 0.4588, 0.4941,  ..., 0.4157, 0.3843, 0.4157],
         ...,
         [0.4118, 0.4549, 0.4667,  ..., 0.4353, 0.4000, 0.3882],
         [0.4510, 0.4196, 0.4039,  ..., 0.4392, 0.4235, 0.4039],
         [0.4431, 0.4196, 0.4627,  ..., 0.4431, 0.4549, 0.3882]]])",0.2485974282026291,0.3293837
"tensor([[[0.4627, 0.4314, 0.4275,  ..., 0.3843, 0.4510, 0.4745],
         [0.4157, 0.4314, 0.4510,  ..., 0.4353, 0.4510, 0.4392],
         [0.4353, 0.4314, 0.4471,  ..., 0.4275, 0.4549, 0.4353],
         ...,
         [0.4196, 0.4314, 0.4510,  ..., 0.3922, 0.4039, 0.4118],
         [0.4118, 0.4235, 0.4431,  ..., 0.4510, 0.4275, 0.4078],
         [0.4275, 0.4588, 0.4471,  ..., 0.4471, 0.4392, 0.4431]]])",0.24709747731685638,0.3340834
"tensor([[[0.4000, 0.3686, 0.4157,  ..., 0.4275, 0.4235, 0.3804],
         [0.3961, 0.3725, 0.3882,  ..., 0.3922, 0.3843, 0.4000],
         [0.4118, 0.3882, 0.3804,  ..., 0.3843, 0.4118, 0.3922],
         ...,
         [0.3647, 0.3882, 0.4235,  ..., 0.3529, 0.3529, 0.3882],
         [0.3725, 0.4157, 0.3882,  ..., 0.3725, 0.3843, 0.3922],
         [0.4078, 0.3882, 0.3647,  ..., 0.4235, 0.3569, 0.3725]]])",0.2591381371021271,0.3434704
"tensor([[[0.4157, 0.4196, 0.4431,  ..., 0.4118, 0.4392, 0.4588],
         [0.4157, 0.4157, 0.4196,  ..., 0.4314, 0.4588, 0.4314],
         [0.4667, 0.4078, 0.4196,  ..., 0.4471, 0.4353, 0.4078],
         ...,
         [0.4353, 0.4314, 0.4471,  ..., 0.4039, 0.3961, 0.4000],
         [0.3961, 0.4078, 0.4000,  ..., 0.4078, 0.4118, 0.4353],
         [0.4471, 0.4275, 0.3843,  ..., 0.4549, 0.4118, 0.4118]]])",0.23347227275371552,0.33056578
"tensor([[[0.4431, 0.4392, 0.4745,  ..., 0.4078, 0.4510, 0.4667],
         [0.4706, 0.4392, 0.4431,  ..., 0.4353, 0.4667, 0.4510],
         [0.4902, 0.4588, 0.4196,  ..., 0.4627, 0.4824, 0.4667],
         ...,
         [0.4549, 0.4667, 0.4431,  ..., 0.4314, 0.4471, 0.4235],
         [0.4824, 0.4314, 0.4078,  ..., 0.4431, 0.4431, 0.4706],
         [0.4039, 0.4078, 0.4549,  ..., 0.4745, 0.4510, 0.4549]]])",0.21980330348014832,0.34038803
"tensor([[[0.4627, 0.4745, 0.4627,  ..., 0.4902, 0.4588, 0.4745],
         [0.4824, 0.4588, 0.4549,  ..., 0.4627, 0.4627, 0.4980],
         [0.4745, 0.4863, 0.4627,  ..., 0.4431, 0.5020, 0.4745],
         ...,
         [0.4667, 0.4510, 0.4235,  ..., 0.4627, 0.4549, 0.4745],
         [0.4392, 0.4471, 0.4667,  ..., 0.4745, 0.4706, 0.4471],
         [0.4863, 0.4627, 0.5412,  ..., 0.4588, 0.4941, 0.4667]]])",0.5026098489761353,0.60493755
"tensor([[[0.4314, 0.4510, 0.4471,  ..., 0.4196, 0.4353, 0.4745],
         [0.4392, 0.4431, 0.4549,  ..., 0.4431, 0.4588, 0.4627],
         [0.4275, 0.4392, 0.4314,  ..., 0.4392, 0.4431, 0.4275],
         ...,
         [0.4431, 0.4275, 0.4118,  ..., 0.4157, 0.4275, 0.4627],
         [0.4000, 0.3922, 0.4588,  ..., 0.4157, 0.4235, 0.4392],
         [0.4039, 0.5333, 0.5137,  ..., 0.4392, 0.4196, 0.4549]]])",0.24191658198833466,0.33034098
"tensor([[[0.3725, 0.3725, 0.3686,  ..., 0.3725, 0.3647, 0.3765],
         [0.3765, 0.3882, 0.3725,  ..., 0.3686, 0.3843, 0.3608],
         [0.3490, 0.3647, 0.4000,  ..., 0.3843, 0.3686, 0.3686],
         ...,
         [0.3686, 0.3529, 0.3490,  ..., 0.3765, 0.3647, 0.3569],
         [0.3490, 0.4000, 0.4000,  ..., 0.3451, 0.3765, 0.3686],
         [0.4118, 0.3647, 0.3569,  ..., 0.3804, 0.3412, 0.3804]]])",0.31736835837364197,0.37801892
"tensor([[[0.4275, 0.4431, 0.3804,  ..., 0.4235, 0.4275, 0.4078],
         [0.4196, 0.4275, 0.4275,  ..., 0.4235, 0.4275, 0.4078],
         [0.4039, 0.4196, 0.4510,  ..., 0.4353, 0.4078, 0.4235],
         ...,
         [0.4039, 0.4039, 0.4157,  ..., 0.4196, 0.4157, 0.4078],
         [0.4196, 0.4431, 0.4314,  ..., 0.4275, 0.4235, 0.4118],
         [0.4588, 0.3608, 0.4000,  ..., 0.4078, 0.4275, 0.4196]]])",0.28046777844429016,0.35320717
"tensor([[[0.4196, 0.4157, 0.4196,  ..., 0.4510, 0.4471, 0.4157],
         [0.4275, 0.4078, 0.4157,  ..., 0.4627, 0.4039, 0.4706],
         [0.4431, 0.4392, 0.4196,  ..., 0.3922, 0.4471, 0.4431],
         ...,
         [0.4157, 0.3843, 0.4275,  ..., 0.4549, 0.4118, 0.4196],
         [0.3882, 0.4118, 0.4275,  ..., 0.4510, 0.4588, 0.4118],
         [0.3804, 0.3882, 0.4745,  ..., 0.4667, 0.4353, 0.4667]]])",0.2463075816631317,0.33220494
"tensor([[[0.3725, 0.3882, 0.3961,  ..., 0.3922, 0.4078, 0.3882],
         [0.3922, 0.3686, 0.3843,  ..., 0.4157, 0.3843, 0.4118],
         [0.4314, 0.3882, 0.3608,  ..., 0.3882, 0.4039, 0.4118],
         ...,
         [0.3922, 0.3608, 0.4157,  ..., 0.3922, 0.3765, 0.4078],
         [0.3804, 0.3725, 0.3490,  ..., 0.4431, 0.4118, 0.3725],
         [0.2902, 0.3647, 0.5059,  ..., 0.4157, 0.4431, 0.4000]]])",0.3059485852718353,0.34037918
"tensor([[[0.4745, 0.4784, 0.5059,  ..., 0.4863, 0.4902, 0.4706],
         [0.4706, 0.4824, 0.4902,  ..., 0.4784, 0.4549, 0.4941],
         [0.4745, 0.4824, 0.4549,  ..., 0.4588, 0.4863, 0.4902],
         ...,
         [0.4745, 0.5059, 0.4941,  ..., 0.4667, 0.5020, 0.5412],
         [0.4824, 0.5098, 0.4667,  ..., 0.4902, 0.4863, 0.5216],
         [0.4510, 0.4667, 0.4980,  ..., 0.4706, 0.4667, 0.4784]]])",0.2204035371541977,0.34955078
"tensor([[[0.3961, 0.4353, 0.4157,  ..., 0.4314, 0.3961, 0.4549],
         [0.4196, 0.4157, 0.4275,  ..., 0.3922, 0.4118, 0.4157],
         [0.4196, 0.4235, 0.4235,  ..., 0.3961, 0.3725, 0.4000],
         ...,
         [0.4118, 0.4392, 0.4000,  ..., 0.4039, 0.4078, 0.3882],
         [0.4353, 0.4157, 0.4353,  ..., 0.4118, 0.4078, 0.4196],
         [0.4471, 0.4118, 0.4235,  ..., 0.3961, 0.4039, 0.4000]]])",0.28770583868026733,0.3511517
"tensor([[[0.4745, 0.4549, 0.4353,  ..., 0.4588, 0.4588, 0.4353],
         [0.4667, 0.4627, 0.4667,  ..., 0.4510, 0.4588, 0.4431],
         [0.4431, 0.4588, 0.4471,  ..., 0.4667, 0.4627, 0.4510],
         ...,
         [0.4353, 0.4627, 0.4431,  ..., 0.4353, 0.4549, 0.4431],
         [0.4745, 0.4471, 0.4235,  ..., 0.4471, 0.4471, 0.4471],
         [0.4745, 0.4235, 0.4431,  ..., 0.4627, 0.4431, 0.4431]]])",0.2842419743537903,0.35398972
"tensor([[[0.4667, 0.4627, 0.4745,  ..., 0.5059, 0.4627, 0.4667],
         [0.4863, 0.4706, 0.4392,  ..., 0.4863, 0.4627, 0.4588],
         [0.4980, 0.5059, 0.4471,  ..., 0.4706, 0.4392, 0.4235],
         ...,
         [0.4627, 0.4275, 0.4824,  ..., 0.4431, 0.4667, 0.5098],
         [0.4275, 0.4824, 0.4627,  ..., 0.4824, 0.4588, 0.4706],
         [0.4745, 0.4863, 0.4667,  ..., 0.5137, 0.4745, 0.4667]]])",0.24187001585960388,0.33892298
"tensor([[[0.4627, 0.4471, 0.4588,  ..., 0.4235, 0.4314, 0.4157],
         [0.4706, 0.4706, 0.4549,  ..., 0.4314, 0.4392, 0.4627],
         [0.4667, 0.4745, 0.4392,  ..., 0.4392, 0.4471, 0.4431],
         ...,
         [0.4706, 0.4863, 0.4549,  ..., 0.4549, 0.4275, 0.4510],
         [0.4706, 0.4510, 0.4510,  ..., 0.4902, 0.4667, 0.4510],
         [0.4588, 0.4275, 0.4627,  ..., 0.4549, 0.4667, 0.4627]]])",0.2559240460395813,0.3444343
"tensor([[[0.3882, 0.3961, 0.4000,  ..., 0.3843, 0.4000, 0.3961],
         [0.4039, 0.4000, 0.4157,  ..., 0.3882, 0.3804, 0.3922],
         [0.4039, 0.3804, 0.3961,  ..., 0.3922, 0.4118, 0.3882],
         ...,
         [0.3961, 0.4118, 0.3961,  ..., 0.3804, 0.4039, 0.4000],
         [0.4039, 0.3725, 0.3922,  ..., 0.4196, 0.3804, 0.4196],
         [0.3922, 0.3529, 0.4157,  ..., 0.4118, 0.4000, 0.3843]]])",0.3243967592716217,0.37984696
"tensor([[[0.4824, 0.4627, 0.4353,  ..., 0.3961, 0.4902, 0.5255],
         [0.4549, 0.4627, 0.4863,  ..., 0.4706, 0.4784, 0.4118],
         [0.4588, 0.4431, 0.4549,  ..., 0.4627, 0.4314, 0.4471],
         ...,
         [0.4784, 0.4549, 0.4471,  ..., 0.4471, 0.4431, 0.4627],
         [0.4275, 0.4235, 0.4549,  ..., 0.4902, 0.4510, 0.4824],
         [0.4667, 0.4431, 0.4941,  ..., 0.4941, 0.4431, 0.4627]]])",0.2636672258377075,0.3403377
"tensor([[[0.5020, 0.5255, 0.5098,  ..., 0.4627, 0.5098, 0.5373],
         [0.5059, 0.5137, 0.5294,  ..., 0.5137, 0.5059, 0.4627],
         [0.4980, 0.5216, 0.5137,  ..., 0.4863, 0.4784, 0.4745],
         ...,
         [0.4980, 0.4824, 0.4902,  ..., 0.5412, 0.5255, 0.5137],
         [0.4863, 0.5176, 0.4941,  ..., 0.5137, 0.5333, 0.5412],
         [0.5333, 0.4824, 0.4941,  ..., 0.5059, 0.5216, 0.5020]]])",0.2383129596710205,0.3303986
"tensor([[[0.4431, 0.4235, 0.4157,  ..., 0.4275, 0.4471, 0.3922],
         [0.4392, 0.4392, 0.4510,  ..., 0.4235, 0.4235, 0.4235],
         [0.4157, 0.4471, 0.4588,  ..., 0.4510, 0.4196, 0.4196],
         ...,
         [0.4353, 0.4392, 0.4314,  ..., 0.4392, 0.4314, 0.4667],
         [0.4196, 0.4000, 0.4157,  ..., 0.4510, 0.4275, 0.4431],
         [0.4000, 0.4157, 0.4157,  ..., 0.4431, 0.4353, 0.4235]]])",0.2810368537902832,0.34907535
"tensor([[[0.4314, 0.4549, 0.4980,  ..., 0.4941, 0.4902, 0.4510],
         [0.4510, 0.4157, 0.4431,  ..., 0.4863, 0.4353, 0.4549],
         [0.4824, 0.4471, 0.4510,  ..., 0.4431, 0.4549, 0.4353],
         ...,
         [0.4627, 0.4157, 0.4431,  ..., 0.4549, 0.4784, 0.4627],
         [0.4510, 0.4392, 0.4196,  ..., 0.4588, 0.4549, 0.4588],
         [0.4510, 0.4000, 0.4000,  ..., 0.4078, 0.4314, 0.4235]]])",0.27806398272514343,0.33191362
"tensor([[[0.3882, 0.3765, 0.4078,  ..., 0.4078, 0.3725, 0.3882],
         [0.4157, 0.3882, 0.3843,  ..., 0.3882, 0.3804, 0.4431],
         [0.3843, 0.4039, 0.3569,  ..., 0.3765, 0.4078, 0.4000],
         ...,
         [0.3843, 0.3882, 0.3647,  ..., 0.3843, 0.3961, 0.3725],
         [0.3765, 0.3843, 0.3725,  ..., 0.3725, 0.3529, 0.3725],
         [0.3882, 0.3451, 0.3647,  ..., 0.4314, 0.3725, 0.3451]]])",0.2802395224571228,0.33599964
"tensor([[[0.4431, 0.4980, 0.4706,  ..., 0.4588, 0.4784, 0.5098],
         [0.5373, 0.4980, 0.4902,  ..., 0.4863, 0.4980, 0.4902],
         [0.4824, 0.4941, 0.5333,  ..., 0.4784, 0.5020, 0.5294],
         ...,
         [0.4471, 0.4667, 0.4863,  ..., 0.4941, 0.4824, 0.5098],
         [0.4902, 0.5020, 0.4902,  ..., 0.4902, 0.4549, 0.4745],
         [0.4588, 0.4588, 0.4745,  ..., 0.4863, 0.4902, 0.4549]]])",0.23989568650722504,0.33499715
"tensor([[[0.4275, 0.4275, 0.4314,  ..., 0.4275, 0.3922, 0.3922],
         [0.4314, 0.4235, 0.4157,  ..., 0.4078, 0.4314, 0.4235],
         [0.4118, 0.4314, 0.4431,  ..., 0.4667, 0.4353, 0.4471],
         ...,
         [0.4314, 0.4235, 0.4118,  ..., 0.4510, 0.4196, 0.4392],
         [0.4118, 0.4275, 0.4353,  ..., 0.4118, 0.4235, 0.4078],
         [0.3961, 0.4039, 0.4275,  ..., 0.3882, 0.3804, 0.4431]]])",0.2777085304260254,0.3673239
"tensor([[[0.3882, 0.4196, 0.4314,  ..., 0.4157, 0.3451, 0.3922],
         [0.3843, 0.3804, 0.3961,  ..., 0.3647, 0.4118, 0.4510],
         [0.3804, 0.3922, 0.3961,  ..., 0.4392, 0.4392, 0.4118],
         ...,
         [0.4314, 0.3922, 0.3843,  ..., 0.3804, 0.3922, 0.4392],
         [0.4078, 0.3882, 0.4039,  ..., 0.4078, 0.3569, 0.3412],
         [0.3608, 0.3804, 0.3961,  ..., 0.3333, 0.3843, 0.3804]]])",0.26642996072769165,0.35885784
"tensor([[[0.4039, 0.4000, 0.4039,  ..., 0.4353, 0.4039, 0.3843],
         [0.4471, 0.4000, 0.3922,  ..., 0.4235, 0.3922, 0.3961],
         [0.4588, 0.4431, 0.4039,  ..., 0.4000, 0.3922, 0.3843],
         ...,
         [0.3725, 0.4000, 0.4039,  ..., 0.4118, 0.4314, 0.4392],
         [0.4000, 0.3922, 0.4157,  ..., 0.4157, 0.4000, 0.4157],
         [0.4118, 0.4353, 0.4471,  ..., 0.3765, 0.3569, 0.3686]]])",0.2950918972492218,0.36726224
"tensor([[[0.5843, 0.5412, 0.5804,  ..., 0.5804, 0.5882, 0.5882],
         [0.6275, 0.5922, 0.5686,  ..., 0.5922, 0.6000, 0.5843],
         [0.6235, 0.6275, 0.5961,  ..., 0.5804, 0.5804, 0.5569],
         ...,
         [0.5451, 0.5804, 0.5961,  ..., 0.5922, 0.5922, 0.6196],
         [0.5804, 0.5725, 0.5922,  ..., 0.6314, 0.6078, 0.6157],
         [0.5765, 0.6078, 0.5961,  ..., 0.5686, 0.5608, 0.5569]]])",0.3214775323867798,0.37972683
"tensor([[[0.5137, 0.5059, 0.4941,  ..., 0.4784, 0.4549, 0.5176],
         [0.5333, 0.5255, 0.5137,  ..., 0.4588, 0.5020, 0.5333],
         [0.5137, 0.5255, 0.5098,  ..., 0.4941, 0.5255, 0.4784],
         ...,
         [0.4588, 0.4745, 0.5373,  ..., 0.5412, 0.5216, 0.5412],
         [0.5020, 0.5647, 0.5490,  ..., 0.5098, 0.5412, 0.5451],
         [0.5255, 0.5059, 0.5137,  ..., 0.4235, 0.4314, 0.4784]]])",0.23448219895362854,0.33733413
"tensor([[[0.5098, 0.4784, 0.4471,  ..., 0.4000, 0.4549, 0.4510],
         [0.4235, 0.4863, 0.4588,  ..., 0.4392, 0.4196, 0.4471],
         [0.4118, 0.4431, 0.4863,  ..., 0.4275, 0.4431, 0.4824],
         ...,
         [0.4706, 0.4745, 0.5098,  ..., 0.4863, 0.4078, 0.4196],
         [0.4627, 0.4902, 0.4784,  ..., 0.4706, 0.4784, 0.4157],
         [0.5216, 0.4941, 0.4706,  ..., 0.4314, 0.4314, 0.4706]]])",0.2408822476863861,0.3463338
"tensor([[[0.3059, 0.3176, 0.3137,  ..., 0.3098, 0.3020, 0.3020],
         [0.3176, 0.3059, 0.3176,  ..., 0.2980, 0.3059, 0.3412],
         [0.3216, 0.3137, 0.3020,  ..., 0.3137, 0.3333, 0.3176],
         ...,
         [0.3176, 0.3216, 0.3255,  ..., 0.2941, 0.3020, 0.3176],
         [0.3294, 0.3333, 0.3333,  ..., 0.2941, 0.2824, 0.3059],
         [0.3490, 0.3529, 0.3647,  ..., 0.2941, 0.2863, 0.2902]]])",0.47846829891204834,0.4873171
"tensor([[[0.4314, 0.4471, 0.4314,  ..., 0.4157, 0.4235, 0.4275],
         [0.4314, 0.4353, 0.4431,  ..., 0.4118, 0.4235, 0.4118],
         [0.4353, 0.4314, 0.4314,  ..., 0.4314, 0.4353, 0.4627],
         ...,
         [0.4039, 0.4235, 0.4627,  ..., 0.4196, 0.3961, 0.4078],
         [0.4471, 0.4980, 0.4863,  ..., 0.4118, 0.4078, 0.4000],
         [0.5098, 0.5137, 0.4353,  ..., 0.4078, 0.4039, 0.4039]]])",0.34733739495277405,0.41186357
"tensor([[[0.3922, 0.4235, 0.4118,  ..., 0.3804, 0.3922, 0.3804],
         [0.3922, 0.4039, 0.4157,  ..., 0.3882, 0.3922, 0.4235],
         [0.3765, 0.3922, 0.4000,  ..., 0.4235, 0.4118, 0.4078],
         ...,
         [0.3647, 0.4275, 0.4667,  ..., 0.3647, 0.3922, 0.3765],
         [0.4627, 0.4824, 0.4314,  ..., 0.3490, 0.3647, 0.3804],
         [0.4588, 0.4118, 0.4431,  ..., 0.4118, 0.3608, 0.3843]]])",0.35897302627563477,0.37855977
"tensor([[[0.4745, 0.4863, 0.4667,  ..., 0.4667, 0.4627, 0.4706],
         [0.5020, 0.4980, 0.5098,  ..., 0.4706, 0.4627, 0.4784],
         [0.4941, 0.4824, 0.4863,  ..., 0.4627, 0.4706, 0.4667],
         ...,
         [0.5176, 0.5412, 0.5529,  ..., 0.4471, 0.4706, 0.4706],
         [0.5529, 0.5725, 0.5412,  ..., 0.4627, 0.4392, 0.4784],
         [0.5765, 0.5333, 0.4431,  ..., 0.4824, 0.4353, 0.4314]]])",0.3121010661125183,0.3701189
"tensor([[[0.4353, 0.4078, 0.3765,  ..., 0.4196, 0.4667, 0.4196],
         [0.4353, 0.4471, 0.4196,  ..., 0.4784, 0.4118, 0.3843],
         [0.4275, 0.4235, 0.4314,  ..., 0.4588, 0.3882, 0.4118],
         ...,
         [0.3922, 0.4235, 0.4392,  ..., 0.3922, 0.4588, 0.4157],
         [0.4431, 0.4667, 0.5098,  ..., 0.4157, 0.4431, 0.4275],
         [0.4941, 0.4980, 0.4510,  ..., 0.4000, 0.4196, 0.4431]]])",0.2237592339515686,0.3563985
"tensor([[[0.4392, 0.4667, 0.3961,  ..., 0.3843, 0.4078, 0.4941],
         [0.4235, 0.4706, 0.4706,  ..., 0.3882, 0.4314, 0.4431],
         [0.4510, 0.4392, 0.4549,  ..., 0.3765, 0.4196, 0.4784],
         ...,
         [0.4510, 0.4706, 0.4941,  ..., 0.4588, 0.4196, 0.4157],
         [0.4314, 0.4549, 0.4549,  ..., 0.4353, 0.4824, 0.4000],
         [0.4745, 0.4863, 0.4706,  ..., 0.4078, 0.4392, 0.4000]]])",0.2378075122833252,0.3490924
"tensor([[[0.4745, 0.4549, 0.4510,  ..., 0.4118, 0.4118, 0.4275],
         [0.4235, 0.4745, 0.4431,  ..., 0.3647, 0.4078, 0.4588],
         [0.4000, 0.4392, 0.4510,  ..., 0.3922, 0.4353, 0.4863],
         ...,
         [0.4627, 0.4706, 0.4471,  ..., 0.4588, 0.4314, 0.4000],
         [0.4824, 0.4471, 0.4902,  ..., 0.4784, 0.4314, 0.4353],
         [0.4000, 0.4627, 0.4588,  ..., 0.4941, 0.4392, 0.4235]]])",0.27417445182800293,0.3487477
"tensor([[[0.4784, 0.4902, 0.4745,  ..., 0.4588, 0.4745, 0.5608],
         [0.5098, 0.5059, 0.4863,  ..., 0.4196, 0.5137, 0.5412],
         [0.4314, 0.4902, 0.4863,  ..., 0.4706, 0.5059, 0.4824],
         ...,
         [0.4784, 0.5059, 0.5176,  ..., 0.5137, 0.4980, 0.5059],
         [0.4941, 0.4941, 0.4863,  ..., 0.5098, 0.4824, 0.4941],
         [0.4431, 0.4549, 0.4980,  ..., 0.4863, 0.4902, 0.4627]]])",0.2943307161331177,0.34478623
"tensor([[[0.5176, 0.4980, 0.5216,  ..., 0.4667, 0.4314, 0.3686],
         [0.4941, 0.4471, 0.5255,  ..., 0.4314, 0.3765, 0.4235],
         [0.4784, 0.4549, 0.4275,  ..., 0.3961, 0.4314, 0.4667],
         ...,
         [0.4549, 0.4784, 0.4941,  ..., 0.3647, 0.4000, 0.4078],
         [0.4431, 0.4980, 0.4157,  ..., 0.3765, 0.4039, 0.4157],
         [0.3843, 0.4471, 0.3922,  ..., 0.4627, 0.3882, 0.4235]]])",0.27320703864097595,0.3370747
"tensor([[[0.5020, 0.5843, 0.4745,  ..., 0.4549, 0.4588, 0.4118],
         [0.5020, 0.5059, 0.5294,  ..., 0.4392, 0.4118, 0.4706],
         [0.5490, 0.4784, 0.5373,  ..., 0.4353, 0.4980, 0.5490],
         ...,
         [0.5412, 0.5490, 0.4235,  ..., 0.4353, 0.4431, 0.4392],
         [0.4588, 0.4431, 0.4549,  ..., 0.4824, 0.4784, 0.4510],
         [0.4941, 0.4235, 0.4784,  ..., 0.5098, 0.5059, 0.5176]]])",0.23142947256565094,0.3321817
"tensor([[[0.4235, 0.4627, 0.4235,  ..., 0.4431, 0.4039, 0.4196],
         [0.4745, 0.4353, 0.4392,  ..., 0.4118, 0.4157, 0.4353],
         [0.4863, 0.4275, 0.4431,  ..., 0.4196, 0.4431, 0.4392],
         ...,
         [0.4157, 0.4588, 0.4078,  ..., 0.4275, 0.4392, 0.4353],
         [0.4157, 0.4588, 0.4314,  ..., 0.4157, 0.4314, 0.4275],
         [0.4706, 0.4314, 0.4392,  ..., 0.4275, 0.4275, 0.4353]]])",0.43880805373191833,0.4717735
"tensor([[[0.4706, 0.5020, 0.4980,  ..., 0.4157, 0.3882, 0.4667],
         [0.4667, 0.4863, 0.4353,  ..., 0.4039, 0.4745, 0.4863],
         [0.5020, 0.4706, 0.4392,  ..., 0.4863, 0.4902, 0.4784],
         ...,
         [0.4588, 0.5059, 0.4510,  ..., 0.4588, 0.4745, 0.4667],
         [0.5216, 0.4627, 0.5255,  ..., 0.4431, 0.4353, 0.4627],
         [0.5333, 0.4549, 0.5020,  ..., 0.4784, 0.4627, 0.4627]]])",0.24520578980445862,0.34177038
"tensor([[[0.4157, 0.3843, 0.3647,  ..., 0.3961, 0.3725, 0.3216],
         [0.3725, 0.4314, 0.3412,  ..., 0.3647, 0.3098, 0.3490],
         [0.3961, 0.3843, 0.3647,  ..., 0.3373, 0.3804, 0.4157],
         ...,
         [0.3765, 0.4000, 0.4235,  ..., 0.4118, 0.3490, 0.4000],
         [0.4157, 0.3922, 0.4549,  ..., 0.4196, 0.3569, 0.3451],
         [0.3961, 0.3961, 0.4392,  ..., 0.4118, 0.4000, 0.3373]]])",0.3005605638027191,0.35746038
"tensor([[[0.4863, 0.4431, 0.4667,  ..., 0.5373, 0.4588, 0.4118],
         [0.4549, 0.4667, 0.4549,  ..., 0.5137, 0.4235, 0.3961],
         [0.4314, 0.4510, 0.4471,  ..., 0.4510, 0.4196, 0.4471],
         ...,
         [0.4549, 0.4353, 0.4745,  ..., 0.5137, 0.4784, 0.4510],
         [0.4392, 0.4667, 0.5098,  ..., 0.4275, 0.5569, 0.4118],
         [0.4588, 0.4941, 0.4902,  ..., 0.3882, 0.5412, 0.4863]]])",0.2936798632144928,0.35511234
"tensor([[[0.4627, 0.4627, 0.4706,  ..., 0.4627, 0.5294, 0.4314],
         [0.4667, 0.4627, 0.4784,  ..., 0.5137, 0.4667, 0.4784],
         [0.4314, 0.4627, 0.4549,  ..., 0.5137, 0.4353, 0.4784],
         ...,
         [0.4314, 0.5098, 0.5294,  ..., 0.4784, 0.5529, 0.4392],
         [0.5373, 0.5020, 0.4627,  ..., 0.4431, 0.5176, 0.5098],
         [0.4627, 0.4471, 0.5294,  ..., 0.4392, 0.4667, 0.5725]]])",0.3010666072368622,0.36800122
"tensor([[[0.4784, 0.4941, 0.4902,  ..., 0.4706, 0.5255, 0.5373],
         [0.4784, 0.4941, 0.5020,  ..., 0.4980, 0.5216, 0.4902],
         [0.4588, 0.4784, 0.5020,  ..., 0.4980, 0.4980, 0.5137],
         ...,
         [0.4941, 0.5255, 0.4980,  ..., 0.5333, 0.5137, 0.4745],
         [0.5137, 0.5137, 0.5294,  ..., 0.5020, 0.5333, 0.4667],
         [0.5647, 0.5490, 0.5412,  ..., 0.4824, 0.5373, 0.5333]]])",0.2482980340719223,0.34155974
"tensor([[[0.4118, 0.4353, 0.4275,  ..., 0.4039, 0.4471, 0.4275],
         [0.4196, 0.4157, 0.4275,  ..., 0.4039, 0.4431, 0.4314],
         [0.3961, 0.4000, 0.4314,  ..., 0.4196, 0.4667, 0.4510],
         ...,
         [0.4431, 0.4549, 0.4471,  ..., 0.4314, 0.4275, 0.4667],
         [0.4706, 0.4353, 0.4157,  ..., 0.4784, 0.4196, 0.4196],
         [0.4627, 0.3843, 0.3961,  ..., 0.4471, 0.4706, 0.4275]]])",0.25964558124542236,0.3516452
"tensor([[[0.4706, 0.5137, 0.5020,  ..., 0.5294, 0.5020, 0.4745],
         [0.4549, 0.4784, 0.5098,  ..., 0.5412, 0.4667, 0.5137],
         [0.5216, 0.4706, 0.4784,  ..., 0.5255, 0.4745, 0.5294],
         ...,
         [0.5216, 0.5255, 0.5255,  ..., 0.5412, 0.5137, 0.5216],
         [0.5725, 0.5255, 0.4980,  ..., 0.5294, 0.5490, 0.4941],
         [0.4980, 0.4627, 0.4392,  ..., 0.5294, 0.5529, 0.5137]]])",0.21408627927303314,0.32637
"tensor([[[0.5020, 0.5059, 0.4902,  ..., 0.5490, 0.4824, 0.4980],
         [0.4824, 0.5020, 0.4980,  ..., 0.5059, 0.5059, 0.5098],
         [0.5098, 0.4824, 0.4824,  ..., 0.5020, 0.4902, 0.4941],
         ...,
         [0.5412, 0.4824, 0.4784,  ..., 0.5490, 0.5333, 0.5216],
         [0.4941, 0.5098, 0.5373,  ..., 0.5804, 0.5098, 0.5333],
         [0.5373, 0.5098, 0.4745,  ..., 0.5608, 0.5294, 0.5176]]])",0.2626091539859772,0.34333456
"tensor([[[0.4941, 0.4627, 0.4549,  ..., 0.5098, 0.5451, 0.4745],
         [0.4902, 0.4745, 0.4706,  ..., 0.5098, 0.4941, 0.5137],
         [0.4510, 0.4667, 0.4392,  ..., 0.4863, 0.5216, 0.4510],
         ...,
         [0.4784, 0.4745, 0.4706,  ..., 0.5373, 0.5216, 0.5059],
         [0.4588, 0.4980, 0.4824,  ..., 0.4980, 0.5216, 0.4863],
         [0.5059, 0.4941, 0.4667,  ..., 0.4941, 0.5059, 0.4902]]])",0.2310793697834015,0.33559382
"tensor([[[0.4510, 0.4745, 0.4824,  ..., 0.4431, 0.5373, 0.4392],
         [0.4510, 0.4588, 0.4824,  ..., 0.4667, 0.5176, 0.4824],
         [0.4667, 0.4549, 0.4471,  ..., 0.5255, 0.5098, 0.4902],
         ...,
         [0.4588, 0.4588, 0.4706,  ..., 0.4745, 0.5216, 0.4627],
         [0.4588, 0.4824, 0.4824,  ..., 0.4863, 0.5216, 0.5098],
         [0.4980, 0.4980, 0.4706,  ..., 0.5059, 0.4784, 0.5333]]])",0.2524447739124298,0.33305854
"tensor([[[0.4431, 0.4745, 0.4549,  ..., 0.4353, 0.4824, 0.5098],
         [0.4353, 0.4902, 0.4863,  ..., 0.4627, 0.4627, 0.4745],
         [0.4431, 0.4471, 0.4902,  ..., 0.4667, 0.5294, 0.5373],
         ...,
         [0.4431, 0.4431, 0.4745,  ..., 0.4863, 0.4980, 0.4980],
         [0.4706, 0.4627, 0.4588,  ..., 0.5176, 0.4667, 0.5059],
         [0.4275, 0.4627, 0.4863,  ..., 0.5059, 0.4745, 0.5020]]])",0.26713553071022034,0.338764
"tensor([[[0.4118, 0.4235, 0.4314,  ..., 0.4275, 0.4039, 0.4000],
         [0.4118, 0.4275, 0.4157,  ..., 0.4000, 0.4078, 0.4196],
         [0.3725, 0.4078, 0.4314,  ..., 0.4157, 0.4431, 0.4784],
         ...,
         [0.3686, 0.4157, 0.4196,  ..., 0.4314, 0.4275, 0.4627],
         [0.3843, 0.4706, 0.4000,  ..., 0.4510, 0.4157, 0.4431],
         [0.4745, 0.4235, 0.3843,  ..., 0.4392, 0.4431, 0.4392]]])",0.2688432037830353,0.34535402
"tensor([[[0.4118, 0.4196, 0.4039,  ..., 0.3961, 0.4157, 0.4118],
         [0.4078, 0.4196, 0.4157,  ..., 0.4078, 0.4196, 0.3922],
         [0.4000, 0.4039, 0.4275,  ..., 0.4078, 0.4000, 0.4000],
         ...,
         [0.4314, 0.4275, 0.3961,  ..., 0.4039, 0.4196, 0.4157],
         [0.4000, 0.4039, 0.4157,  ..., 0.4118, 0.4118, 0.4275],
         [0.4000, 0.4078, 0.4275,  ..., 0.4039, 0.4000, 0.4235]]])",0.4874398112297058,0.4734654
"tensor([[[0.5294, 0.5020, 0.5098,  ..., 0.5176, 0.5216, 0.5294],
         [0.5059, 0.5255, 0.4941,  ..., 0.5098, 0.5020, 0.5059],
         [0.4824, 0.5176, 0.5176,  ..., 0.4863, 0.5098, 0.5020],
         ...,
         [0.4902, 0.5137, 0.5412,  ..., 0.5137, 0.5216, 0.5176],
         [0.5451, 0.5333, 0.5255,  ..., 0.5137, 0.5059, 0.5294],
         [0.5255, 0.5098, 0.5176,  ..., 0.5020, 0.5176, 0.5098]]])",0.3273422420024872,0.40833586
"tensor([[[0.4706, 0.4353, 0.4510,  ..., 0.4745, 0.4353, 0.4824],
         [0.4510, 0.4627, 0.4353,  ..., 0.4392, 0.4588, 0.4667],
         [0.4510, 0.4510, 0.4431,  ..., 0.4431, 0.4471, 0.4431],
         ...,
         [0.4392, 0.4784, 0.5137,  ..., 0.4706, 0.4431, 0.4549],
         [0.5098, 0.5098, 0.4745,  ..., 0.4588, 0.4549, 0.4549],
         [0.4667, 0.4667, 0.4392,  ..., 0.4706, 0.4431, 0.4471]]])",0.27501222491264343,0.36761862
"tensor([[[0.4902, 0.4392, 0.4314,  ..., 0.4627, 0.4471, 0.4667],
         [0.4549, 0.4706, 0.4471,  ..., 0.4471, 0.4706, 0.4471],
         [0.4314, 0.4471, 0.4706,  ..., 0.4471, 0.4431, 0.4353],
         ...,
         [0.5294, 0.4824, 0.4784,  ..., 0.4471, 0.4510, 0.4549],
         [0.4549, 0.5020, 0.4902,  ..., 0.4235, 0.4510, 0.4627],
         [0.5059, 0.4667, 0.4039,  ..., 0.4706, 0.4275, 0.4471]]])",0.2658400237560272,0.36249995
"tensor([[[0.5020, 0.5020, 0.5137,  ..., 0.5137, 0.5098, 0.5137],
         [0.5098, 0.5020, 0.5020,  ..., 0.5098, 0.5137, 0.4902],
         [0.4824, 0.5137, 0.5059,  ..., 0.5020, 0.4941, 0.4902],
         ...,
         [0.5059, 0.5137, 0.5059,  ..., 0.4980, 0.4941, 0.4980],
         [0.5176, 0.5451, 0.5490,  ..., 0.4863, 0.4980, 0.5137],
         [0.5922, 0.4941, 0.4824,  ..., 0.4902, 0.4902, 0.5020]]])",0.2809083163738251,0.3775794
"tensor([[[0.4902, 0.5294, 0.5020,  ..., 0.5137, 0.5098, 0.5216],
         [0.5098, 0.4941, 0.5255,  ..., 0.5137, 0.5098, 0.5059],
         [0.5059, 0.5059, 0.4941,  ..., 0.5098, 0.4980, 0.5059],
         ...,
         [0.5059, 0.4784, 0.5098,  ..., 0.5098, 0.5020, 0.4824],
         [0.5020, 0.5373, 0.5569,  ..., 0.4980, 0.5137, 0.5020],
         [0.5412, 0.5059, 0.4902,  ..., 0.5098, 0.4941, 0.5137]]])",0.33386877179145813,0.4043257
"tensor([[[0.5255, 0.4941, 0.4667,  ..., 0.5059, 0.4784, 0.5216],
         [0.5020, 0.5098, 0.4745,  ..., 0.4824, 0.5176, 0.5255],
         [0.4980, 0.4863, 0.5098,  ..., 0.5059, 0.5137, 0.4667],
         ...,
         [0.5176, 0.4863, 0.4824,  ..., 0.5059, 0.5020, 0.4667],
         [0.4863, 0.4941, 0.5176,  ..., 0.5059, 0.4784, 0.4980],
         [0.5098, 0.5176, 0.5216,  ..., 0.4863, 0.5176, 0.4667]]])",0.2820732891559601,0.34935486
"tensor([[[0.5490, 0.5451, 0.5451,  ..., 0.4824, 0.5216, 0.5176],
         [0.5961, 0.5451, 0.5451,  ..., 0.5098, 0.5255, 0.4941],
         [0.5490, 0.5882, 0.5608,  ..., 0.5020, 0.4824, 0.4941],
         ...,
         [0.5137, 0.5137, 0.4784,  ..., 0.5373, 0.5333, 0.5412],
         [0.5294, 0.5333, 0.4902,  ..., 0.5412, 0.5529, 0.5490],
         [0.5569, 0.5059, 0.5176,  ..., 0.5490, 0.5765, 0.5412]]])",0.27093246579170227,0.3393584
"tensor([[[0.5059, 0.4784, 0.4941,  ..., 0.4941, 0.5059, 0.5294],
         [0.5294, 0.4980, 0.4863,  ..., 0.5255, 0.5373, 0.4824],
         [0.5451, 0.5373, 0.5137,  ..., 0.5176, 0.4627, 0.4902],
         ...,
         [0.4863, 0.4902, 0.4863,  ..., 0.5333, 0.5176, 0.5412],
         [0.4980, 0.4902, 0.5451,  ..., 0.5333, 0.5333, 0.5176],
         [0.4863, 0.5373, 0.5294,  ..., 0.4941, 0.4941, 0.5255]]])",0.2878606617450714,0.34900725
"tensor([[[0.3882, 0.3765, 0.3843,  ..., 0.4275, 0.4157, 0.3922],
         [0.4275, 0.4235, 0.3961,  ..., 0.4314, 0.4039, 0.4196],
         [0.4392, 0.4314, 0.4471,  ..., 0.3961, 0.4392, 0.4667],
         ...,
         [0.4314, 0.4078, 0.4784,  ..., 0.4510, 0.4471, 0.4196],
         [0.4039, 0.4510, 0.4353,  ..., 0.4392, 0.4588, 0.4627],
         [0.3961, 0.4471, 0.4039,  ..., 0.4235, 0.4196, 0.4275]]])",0.2657121419906616,0.36074325
"tensor([[[0.4353, 0.4078, 0.4588,  ..., 0.4078, 0.4431, 0.4039],
         [0.4353, 0.4392, 0.4275,  ..., 0.4314, 0.4471, 0.4196],
         [0.4627, 0.4118, 0.4314,  ..., 0.4588, 0.4392, 0.4549],
         ...,
         [0.4157, 0.4980, 0.4667,  ..., 0.4549, 0.4392, 0.4157],
         [0.4627, 0.4745, 0.4157,  ..., 0.4471, 0.4431, 0.4392],
         [0.4745, 0.4314, 0.4196,  ..., 0.4392, 0.4471, 0.4392]]])",0.27250510454177856,0.3606274
"tensor([[[0.4392, 0.4863, 0.4706,  ..., 0.4588, 0.4667, 0.4510],
         [0.4353, 0.4431, 0.4706,  ..., 0.4588, 0.4549, 0.4549],
         [0.4627, 0.4392, 0.4392,  ..., 0.4902, 0.4745, 0.4706],
         ...,
         [0.4980, 0.4745, 0.4824,  ..., 0.4902, 0.4549, 0.4510],
         [0.4824, 0.4824, 0.4667,  ..., 0.4784, 0.4824, 0.4549],
         [0.5255, 0.4471, 0.4235,  ..., 0.4667, 0.4667, 0.4706]]])",0.27467185258865356,0.35555142
"tensor([[[0.4353, 0.4902, 0.4235,  ..., 0.4431, 0.4157, 0.4235],
         [0.4314, 0.4588, 0.4275,  ..., 0.4000, 0.4549, 0.4784],
         [0.4549, 0.4549, 0.4471,  ..., 0.4784, 0.4824, 0.4157],
         ...,
         [0.4667, 0.4627, 0.4510,  ..., 0.4431, 0.4392, 0.4353],
         [0.4471, 0.4510, 0.4157,  ..., 0.4627, 0.4549, 0.4314],
         [0.4431, 0.4235, 0.4431,  ..., 0.4667, 0.4471, 0.4275]]])",0.2744767367839813,0.36586788
"tensor([[[0.4706, 0.4588, 0.4353,  ..., 0.4471, 0.4510, 0.4980],
         [0.4824, 0.4745, 0.4431,  ..., 0.4471, 0.4667, 0.4471],
         [0.4392, 0.5020, 0.4784,  ..., 0.4627, 0.4745, 0.4275],
         ...,
         [0.4510, 0.4902, 0.4745,  ..., 0.4863, 0.4471, 0.4627],
         [0.4706, 0.4706, 0.4353,  ..., 0.4941, 0.4980, 0.4510],
         [0.4588, 0.4471, 0.4667,  ..., 0.4784, 0.5137, 0.4549]]])",0.27835431694984436,0.35105705
"tensor([[[0.3765, 0.4000, 0.4039,  ..., 0.3686, 0.3843, 0.3804],
         [0.3765, 0.3961, 0.3843,  ..., 0.3843, 0.3804, 0.3882],
         [0.3922, 0.3804, 0.4000,  ..., 0.3961, 0.3804, 0.3922],
         ...,
         [0.4000, 0.3725, 0.4078,  ..., 0.3882, 0.4039, 0.4078],
         [0.3725, 0.3843, 0.4118,  ..., 0.3882, 0.3961, 0.4118],
         [0.3569, 0.3961, 0.3804,  ..., 0.3961, 0.3961, 0.4078]]])",0.47808638215065,0.47488365
"tensor([[[0.2863, 0.2824, 0.2824,  ..., 0.2902, 0.2902, 0.2784],
         [0.2902, 0.2902, 0.2863,  ..., 0.2863, 0.2824, 0.2745],
         [0.2863, 0.2863, 0.2824,  ..., 0.2863, 0.2588, 0.2745],
         ...,
         [0.2824, 0.2784, 0.2863,  ..., 0.2824, 0.2824, 0.2863],
         [0.2784, 0.2784, 0.2824,  ..., 0.2824, 0.2863, 0.2784],
         [0.2824, 0.2863, 0.2784,  ..., 0.2863, 0.2824, 0.2902]]])",0.6353151202201843,0.6137504
"tensor([[[0.3725, 0.3725, 0.4039,  ..., 0.4000, 0.3961, 0.4078],
         [0.4078, 0.3961, 0.3843,  ..., 0.3922, 0.3804, 0.4078],
         [0.3961, 0.4078, 0.3882,  ..., 0.3686, 0.4078, 0.4118],
         ...,
         [0.3804, 0.3765, 0.4157,  ..., 0.3804, 0.3765, 0.4157],
         [0.4039, 0.4118, 0.4118,  ..., 0.3882, 0.4039, 0.3725],
         [0.4118, 0.4039, 0.3922,  ..., 0.3804, 0.3961, 0.4275]]])",0.4630158543586731,0.4589588
"tensor([[[0.3686, 0.3569, 0.3765,  ..., 0.3569, 0.3804, 0.4039],
         [0.3843, 0.3569, 0.3451,  ..., 0.4078, 0.4078, 0.3843],
         [0.3686, 0.3922, 0.3843,  ..., 0.3725, 0.3804, 0.3882],
         ...,
         [0.3922, 0.3804, 0.4196,  ..., 0.3529, 0.3765, 0.3765],
         [0.3725, 0.3961, 0.3961,  ..., 0.3686, 0.3569, 0.3765],
         [0.3843, 0.4039, 0.3608,  ..., 0.3765, 0.4039, 0.3922]]])",0.34162113070487976,0.398072
"tensor([[[0.3961, 0.3843, 0.3608,  ..., 0.3961, 0.4157, 0.4000],
         [0.3882, 0.4039, 0.4157,  ..., 0.4039, 0.4118, 0.3686],
         [0.4157, 0.4039, 0.3922,  ..., 0.4157, 0.3804, 0.4078],
         ...,
         [0.3765, 0.4353, 0.4118,  ..., 0.4039, 0.4039, 0.4314],
         [0.3804, 0.4078, 0.3647,  ..., 0.4000, 0.3882, 0.4235],
         [0.4078, 0.4039, 0.3922,  ..., 0.4039, 0.3961, 0.3961]]])",0.26188692450523376,0.3659578
"tensor([[[0.4627, 0.4510, 0.4588,  ..., 0.5176, 0.4510, 0.4078],
         [0.4784, 0.4667, 0.4627,  ..., 0.4392, 0.4471, 0.4510],
         [0.4588, 0.4824, 0.4549,  ..., 0.5059, 0.4706, 0.4706],
         ...,
         [0.4510, 0.4784, 0.4941,  ..., 0.5020, 0.4980, 0.5137],
         [0.4588, 0.4941, 0.4902,  ..., 0.5020, 0.4941, 0.5020],
         [0.4745, 0.4980, 0.5059,  ..., 0.4627, 0.4784, 0.4745]]])",0.2937140166759491,0.40358725
"tensor([[[0.3529, 0.3373, 0.3529,  ..., 0.3569, 0.3882, 0.4078],
         [0.3686, 0.3647, 0.3843,  ..., 0.3843, 0.3333, 0.3216],
         [0.3529, 0.3373, 0.3569,  ..., 0.3255, 0.3569, 0.3647],
         ...,
         [0.3569, 0.3686, 0.4000,  ..., 0.3961, 0.3725, 0.4039],
         [0.3412, 0.3451, 0.3804,  ..., 0.4000, 0.3725, 0.3882],
         [0.3490, 0.3647, 0.3686,  ..., 0.4039, 0.3961, 0.3804]]])",0.33625924587249756,0.4156415
"tensor([[[0.4588, 0.4314, 0.4353,  ..., 0.4000, 0.4667, 0.4745],
         [0.4667, 0.4824, 0.4549,  ..., 0.4784, 0.4235, 0.4157],
         [0.4392, 0.4000, 0.4549,  ..., 0.4000, 0.4118, 0.4353],
         ...,
         [0.4667, 0.4627, 0.4706,  ..., 0.4863, 0.4902, 0.4706],
         [0.4431, 0.4549, 0.4431,  ..., 0.5137, 0.5137, 0.5059],
         [0.4745, 0.4431, 0.4667,  ..., 0.4627, 0.4941, 0.5176]]])",0.25610336661338806,0.33793712
"tensor([[[0.4706, 0.4275, 0.4471,  ..., 0.3961, 0.4706, 0.5020],
         [0.4863, 0.4431, 0.4667,  ..., 0.4392, 0.4235, 0.3961],
         [0.4314, 0.4431, 0.4314,  ..., 0.3882, 0.3961, 0.4196],
         ...,
         [0.4902, 0.4706, 0.4627,  ..., 0.4706, 0.4980, 0.4627],
         [0.4824, 0.4431, 0.4353,  ..., 0.4549, 0.4235, 0.4706],
         [0.4667, 0.4706, 0.4784,  ..., 0.4863, 0.4863, 0.4510]]])",0.2558291256427765,0.3487802
"tensor([[[0.4784, 0.4627, 0.4510,  ..., 0.4235, 0.4706, 0.4745],
         [0.4627, 0.4784, 0.4667,  ..., 0.4235, 0.4392, 0.4314],
         [0.4431, 0.4549, 0.4392,  ..., 0.4392, 0.4471, 0.4431],
         ...,
         [0.4902, 0.4824, 0.5176,  ..., 0.4627, 0.4824, 0.4745],
         [0.5059, 0.4863, 0.4745,  ..., 0.4863, 0.4471, 0.5020],
         [0.4902, 0.4745, 0.4431,  ..., 0.4706, 0.4706, 0.4824]]])",0.29696038365364075,0.3576891
"tensor([[[0.3961, 0.3922, 0.3686,  ..., 0.4196, 0.4000, 0.4196],
         [0.4118, 0.3922, 0.4118,  ..., 0.4431, 0.4039, 0.3765],
         [0.4863, 0.4275, 0.4235,  ..., 0.4314, 0.3725, 0.4039],
         ...,
         [0.4392, 0.3882, 0.4039,  ..., 0.4667, 0.4275, 0.4078],
         [0.4196, 0.4353, 0.4353,  ..., 0.4431, 0.4667, 0.4431],
         [0.4353, 0.4392, 0.4431,  ..., 0.4039, 0.4588, 0.4431]]])",0.24289453029632568,0.34146026
"tensor([[[0.4471, 0.4314, 0.4314,  ..., 0.4353, 0.4353, 0.4510],
         [0.4275, 0.4588, 0.4314,  ..., 0.4353, 0.4275, 0.4588],
         [0.4980, 0.4745, 0.5059,  ..., 0.4235, 0.4353, 0.4078],
         ...,
         [0.4471, 0.4431, 0.4196,  ..., 0.4588, 0.4588, 0.4392],
         [0.4431, 0.4588, 0.4353,  ..., 0.4863, 0.4471, 0.4353],
         [0.5020, 0.4353, 0.4196,  ..., 0.5451, 0.4471, 0.4588]]])",0.24770204722881317,0.33631876
"tensor([[[0.4627, 0.4157, 0.3843,  ..., 0.5608, 0.4510, 0.3765],
         [0.4902, 0.4941, 0.4431,  ..., 0.4902, 0.4314, 0.4039],
         [0.4392, 0.4667, 0.4902,  ..., 0.4824, 0.3961, 0.4157],
         ...,
         [0.4353, 0.3882, 0.4745,  ..., 0.5294, 0.5059, 0.4431],
         [0.4157, 0.4745, 0.4392,  ..., 0.5490, 0.5176, 0.4980],
         [0.4941, 0.4471, 0.4510,  ..., 0.5333, 0.6118, 0.5373]]])",0.22177748382091522,0.33166984
"tensor([[[0.4941, 0.5020, 0.4667,  ..., 0.6039, 0.5176, 0.4431],
         [0.5176, 0.5098, 0.5098,  ..., 0.6039, 0.4667, 0.4314],
         [0.4784, 0.5137, 0.5255,  ..., 0.5098, 0.4667, 0.4471],
         ...,
         [0.5059, 0.4902, 0.5020,  ..., 0.5765, 0.5529, 0.5412],
         [0.4706, 0.4902, 0.5020,  ..., 0.5412, 0.5961, 0.5176],
         [0.5059, 0.4980, 0.4784,  ..., 0.5137, 0.6314, 0.5098]]])",0.31103840470314026,0.3594279
"tensor([[[0.3373, 0.3569, 0.3216,  ..., 0.3882, 0.3725, 0.3843],
         [0.4000, 0.3412, 0.3490,  ..., 0.3804, 0.3569, 0.4549],
         [0.3843, 0.3882, 0.3725,  ..., 0.3804, 0.3765, 0.4588],
         ...,
         [0.3686, 0.3608, 0.3647,  ..., 0.4078, 0.3843, 0.3686],
         [0.3686, 0.3608, 0.3647,  ..., 0.3725, 0.3961, 0.3569],
         [0.3647, 0.3725, 0.3647,  ..., 0.4118, 0.3490, 0.3922]]])",0.32908180356025696,0.38599253
"tensor([[[0.3333, 0.4000, 0.3608,  ..., 0.3686, 0.4549, 0.4902],
         [0.4157, 0.3647, 0.3804,  ..., 0.4353, 0.4431, 0.4863],
         [0.4275, 0.4078, 0.3922,  ..., 0.4667, 0.4235, 0.4588],
         ...,
         [0.3686, 0.3647, 0.3961,  ..., 0.3922, 0.4510, 0.4157],
         [0.3765, 0.4118, 0.3961,  ..., 0.3647, 0.4314, 0.4078],
         [0.4118, 0.3961, 0.4353,  ..., 0.4078, 0.3569, 0.4980]]])",0.27476978302001953,0.3469328
"tensor([[[0.4824, 0.4510, 0.4902,  ..., 0.4784, 0.5529, 0.5137],
         [0.5059, 0.4784, 0.4863,  ..., 0.5255, 0.5569, 0.5882],
         [0.5059, 0.5098, 0.5216,  ..., 0.5922, 0.5843, 0.5569],
         ...,
         [0.5020, 0.4980, 0.4824,  ..., 0.4510, 0.5804, 0.5529],
         [0.4627, 0.4706, 0.5176,  ..., 0.4353, 0.5412, 0.5804],
         [0.4902, 0.5216, 0.5333,  ..., 0.5176, 0.4627, 0.6118]]])",0.26905664801597595,0.3497342
"tensor([[[0.4392, 0.5373, 0.5216,  ..., 0.5059, 0.5255, 0.7098],
         [0.4745, 0.4667, 0.5255,  ..., 0.5373, 0.5961, 0.6196],
         [0.4863, 0.4941, 0.5059,  ..., 0.5451, 0.6078, 0.5216],
         ...,
         [0.5098, 0.4902, 0.4863,  ..., 0.5176, 0.5176, 0.5451],
         [0.4824, 0.4627, 0.5333,  ..., 0.5059, 0.6078, 0.5804],
         [0.4941, 0.5098, 0.4824,  ..., 0.5059, 0.5255, 0.5686]]])",0.23991617560386658,0.3343546
"tensor([[[0.5529, 0.5765, 0.5608,  ..., 0.5216, 0.6196, 0.6157],
         [0.5176, 0.5647, 0.5412,  ..., 0.5647, 0.6118, 0.5569],
         [0.5255, 0.5373, 0.5451,  ..., 0.6000, 0.6039, 0.5765],
         ...,
         [0.5490, 0.5529, 0.5255,  ..., 0.5686, 0.5922, 0.5961],
         [0.5686, 0.5373, 0.5882,  ..., 0.5882, 0.6000, 0.6392],
         [0.5451, 0.5294, 0.5686,  ..., 0.5176, 0.5922, 0.5961]]])",0.2872418165206909,0.40856433
"tensor([[[0.4471, 0.5176, 0.5686,  ..., 0.5176, 0.5255, 0.5451],
         [0.5137, 0.4941, 0.5373,  ..., 0.5216, 0.4863, 0.5529],
         [0.5216, 0.4902, 0.5255,  ..., 0.4980, 0.5647, 0.5216],
         ...,
         [0.5294, 0.5137, 0.4235,  ..., 0.5804, 0.5294, 0.5961],
         [0.4745, 0.4078, 0.4157,  ..., 0.5647, 0.5412, 0.4941],
         [0.4118, 0.4157, 0.4941,  ..., 0.5137, 0.5098, 0.4510]]])",0.24183152616024017,0.37106603
"tensor([[[0.4863, 0.5059, 0.4941,  ..., 0.4863, 0.4431, 0.4706],
         [0.4784, 0.4980, 0.4902,  ..., 0.4510, 0.4667, 0.5020],
         [0.5020, 0.4784, 0.4902,  ..., 0.4745, 0.4941, 0.5020],
         ...,
         [0.4588, 0.4588, 0.4863,  ..., 0.4510, 0.4235, 0.4314],
         [0.4902, 0.4784, 0.4902,  ..., 0.4784, 0.4471, 0.4039],
         [0.5020, 0.4863, 0.4902,  ..., 0.4510, 0.4824, 0.4314]]])",0.34564778208732605,0.39971083
"tensor([[[0.5098, 0.4706, 0.4784,  ..., 0.4588, 0.4471, 0.4196],
         [0.4863, 0.4824, 0.4667,  ..., 0.4196, 0.4039, 0.4627],
         [0.4275, 0.4706, 0.4627,  ..., 0.4314, 0.4784, 0.4549],
         ...,
         [0.4471, 0.4588, 0.4784,  ..., 0.3686, 0.3373, 0.4353],
         [0.4510, 0.4314, 0.4588,  ..., 0.4745, 0.3451, 0.3098],
         [0.4627, 0.4941, 0.4667,  ..., 0.4275, 0.4549, 0.3765]]])",0.3011469841003418,0.36654386
"tensor([[[0.4353, 0.4235, 0.4745,  ..., 0.4667, 0.3765, 0.4157],
         [0.4510, 0.4431, 0.4510,  ..., 0.4196, 0.4235, 0.4510],
         [0.4392, 0.4549, 0.4235,  ..., 0.4549, 0.4275, 0.4196],
         ...,
         [0.4431, 0.4000, 0.4353,  ..., 0.3333, 0.3294, 0.3686],
         [0.3843, 0.4196, 0.4196,  ..., 0.3961, 0.3922, 0.3569],
         [0.3765, 0.4235, 0.4353,  ..., 0.4196, 0.3725, 0.4039]]])",0.25485286116600037,0.33623332
"tensor([[[0.5137, 0.4863, 0.5412,  ..., 0.5333, 0.4745, 0.4863],
         [0.5098, 0.5098, 0.4863,  ..., 0.5255, 0.4941, 0.5255],
         [0.4706, 0.5333, 0.4627,  ..., 0.5216, 0.5216, 0.4863],
         ...,
         [0.5294, 0.5098, 0.5137,  ..., 0.4118, 0.4039, 0.3804],
         [0.4627, 0.4510, 0.4784,  ..., 0.4784, 0.4784, 0.4157],
         [0.4549, 0.4667, 0.4627,  ..., 0.4784, 0.4667, 0.4196]]])",0.24110232293605804,0.33307293
"tensor([[[0.4431, 0.5373, 0.6000,  ..., 0.5412, 0.5412, 0.5176],
         [0.5020, 0.4471, 0.5490,  ..., 0.5647, 0.4863, 0.4863],
         [0.5333, 0.5059, 0.4902,  ..., 0.5020, 0.4706, 0.5608],
         ...,
         [0.4353, 0.4941, 0.4627,  ..., 0.4353, 0.4549, 0.4157],
         [0.4627, 0.4627, 0.4471,  ..., 0.4392, 0.4627, 0.3569],
         [0.5020, 0.4627, 0.5255,  ..., 0.4941, 0.4863, 0.4863]]])",0.22508203983306885,0.37835145
"tensor([[[0.4588, 0.4980, 0.4706,  ..., 0.4549, 0.3922, 0.5098],
         [0.4353, 0.4863, 0.4667,  ..., 0.4078, 0.4431, 0.4980],
         [0.4157, 0.4627, 0.4667,  ..., 0.3490, 0.4275, 0.4196],
         ...,
         [0.4353, 0.4000, 0.3961,  ..., 0.4157, 0.2902, 0.3529],
         [0.3725, 0.3843, 0.4235,  ..., 0.4824, 0.3490, 0.3255],
         [0.3765, 0.4196, 0.4588,  ..., 0.4510, 0.4471, 0.3647]]])",0.21948553621768951,0.3295533
"tensor([[[0.5529, 0.5686, 0.5059,  ..., 0.5412, 0.4902, 0.4941],
         [0.4902, 0.5686, 0.5176,  ..., 0.5451, 0.4471, 0.4706],
         [0.5490, 0.5137, 0.5529,  ..., 0.4941, 0.4431, 0.5490],
         ...,
         [0.4706, 0.5098, 0.5216,  ..., 0.4863, 0.4353, 0.3922],
         [0.5059, 0.4471, 0.4941,  ..., 0.5255, 0.5137, 0.4157],
         [0.4980, 0.4941, 0.5647,  ..., 0.4902, 0.5490, 0.4902]]])",0.2041420340538025,0.33104962
"tensor([[[0.5137, 0.4824, 0.5647,  ..., 0.5176, 0.5412, 0.4667],
         [0.5059, 0.4980, 0.5098,  ..., 0.5529, 0.5216, 0.4078],
         [0.4706, 0.5333, 0.5020,  ..., 0.5373, 0.4510, 0.4431],
         ...,
         [0.4941, 0.5059, 0.5098,  ..., 0.4980, 0.4549, 0.4353],
         [0.5020, 0.5137, 0.4980,  ..., 0.5451, 0.5294, 0.5020],
         [0.4667, 0.4941, 0.4863,  ..., 0.4941, 0.4745, 0.5020]]])",0.26662570238113403,0.33561072
"tensor([[[0.4431, 0.4510, 0.4941,  ..., 0.5059, 0.4627, 0.4549],
         [0.4549, 0.4667, 0.4549,  ..., 0.4588, 0.4471, 0.4275],
         [0.4745, 0.4431, 0.4667,  ..., 0.4784, 0.4471, 0.4275],
         ...,
         [0.4627, 0.4941, 0.4667,  ..., 0.4431, 0.4431, 0.4392],
         [0.4706, 0.4667, 0.4510,  ..., 0.4784, 0.4824, 0.4510],
         [0.4627, 0.4314, 0.4627,  ..., 0.4588, 0.4784, 0.4549]]])",0.2549110949039459,0.3525851
"tensor([[[0.4196, 0.4392, 0.4824,  ..., 0.4824, 0.4353, 0.3961],
         [0.4667, 0.4392, 0.4431,  ..., 0.4510, 0.4392, 0.3961],
         [0.4941, 0.4510, 0.4471,  ..., 0.4588, 0.4196, 0.4039],
         ...,
         [0.4667, 0.5020, 0.4784,  ..., 0.4510, 0.4392, 0.4392],
         [0.4824, 0.4784, 0.4588,  ..., 0.4706, 0.4314, 0.4235],
         [0.5059, 0.4627, 0.4471,  ..., 0.4980, 0.4667, 0.4510]]])",0.27422821521759033,0.3859176
"tensor([[[0.3490, 0.3843, 0.3373,  ..., 0.4196, 0.3569, 0.3569],
         [0.3804, 0.3765, 0.3451,  ..., 0.3882, 0.3412, 0.3294],
         [0.4549, 0.3725, 0.3882,  ..., 0.3647, 0.3333, 0.3373],
         ...,
         [0.3451, 0.4275, 0.3804,  ..., 0.3961, 0.3490, 0.3490],
         [0.4353, 0.4157, 0.3922,  ..., 0.4000, 0.3725, 0.3373],
         [0.4392, 0.3569, 0.3608,  ..., 0.3765, 0.3961, 0.3569]]])",0.3414551317691803,0.38159448
"tensor([[[0.5216, 0.4824, 0.4314,  ..., 0.4745, 0.3961, 0.4235],
         [0.4941, 0.5176, 0.4431,  ..., 0.4627, 0.4392, 0.4549],
         [0.4667, 0.5255, 0.4863,  ..., 0.4314, 0.4275, 0.4667],
         ...,
         [0.4392, 0.4667, 0.4745,  ..., 0.4275, 0.4314, 0.3922],
         [0.5137, 0.4745, 0.5020,  ..., 0.5059, 0.4745, 0.4235],
         [0.4392, 0.4431, 0.4706,  ..., 0.4784, 0.5216, 0.4510]]])",0.2681601345539093,0.33341858
"tensor([[[0.5294, 0.5098, 0.4863,  ..., 0.5255, 0.4784, 0.4588],
         [0.5098, 0.5490, 0.4902,  ..., 0.4902, 0.4549, 0.4745],
         [0.5098, 0.4941, 0.5451,  ..., 0.4275, 0.4745, 0.5176],
         ...,
         [0.4980, 0.4706, 0.4941,  ..., 0.5216, 0.4157, 0.4627],
         [0.4784, 0.4784, 0.4706,  ..., 0.5216, 0.5294, 0.4627],
         [0.4667, 0.5216, 0.5255,  ..., 0.4667, 0.5804, 0.4824]]])",0.24186906218528748,0.3313552
"tensor([[[0.4431, 0.4392, 0.4667,  ..., 0.4314, 0.3961, 0.4235],
         [0.4235, 0.4314, 0.4667,  ..., 0.4078, 0.4431, 0.4235],
         [0.4235, 0.4157, 0.4196,  ..., 0.4196, 0.4392, 0.4314],
         ...,
         [0.4314, 0.4588, 0.4196,  ..., 0.4588, 0.4314, 0.4196],
         [0.4078, 0.4275, 0.4667,  ..., 0.4549, 0.4784, 0.4784],
         [0.4392, 0.4549, 0.4275,  ..., 0.4706, 0.4314, 0.4353]]])",0.2388792186975479,0.33640304
"tensor([[[0.4392, 0.4275, 0.4471,  ..., 0.4392, 0.4549, 0.4824],
         [0.4275, 0.4275, 0.4510,  ..., 0.4549, 0.4549, 0.4392],
         [0.4510, 0.4157, 0.4196,  ..., 0.4471, 0.4471, 0.3961],
         ...,
         [0.4118, 0.4588, 0.4235,  ..., 0.4549, 0.4824, 0.4627],
         [0.4000, 0.4392, 0.4902,  ..., 0.4667, 0.4941, 0.4588],
         [0.4588, 0.4745, 0.4667,  ..., 0.4196, 0.4471, 0.4706]]])",0.21950167417526245,0.33198014
"tensor([[[0.4667, 0.4627, 0.4706,  ..., 0.4980, 0.4902, 0.4902],
         [0.4588, 0.4667, 0.4588,  ..., 0.4863, 0.4745, 0.4980],
         [0.4667, 0.4627, 0.4706,  ..., 0.4784, 0.4784, 0.4392],
         ...,
         [0.5137, 0.4745, 0.4863,  ..., 0.5255, 0.5020, 0.5059],
         [0.4549, 0.5216, 0.4941,  ..., 0.5176, 0.5098, 0.4863],
         [0.5059, 0.4392, 0.4863,  ..., 0.5255, 0.4902, 0.5020]]])",0.24488528072834015,0.3689321
"tensor([[[0.3451, 0.3647, 0.3373,  ..., 0.3647, 0.3725, 0.3922],
         [0.3569, 0.3490, 0.3529,  ..., 0.3725, 0.3647, 0.3608],
         [0.3490, 0.3529, 0.3490,  ..., 0.3647, 0.3569, 0.3647],
         ...,
         [0.3529, 0.4039, 0.4000,  ..., 0.3765, 0.3843, 0.3725],
         [0.3922, 0.3451, 0.3255,  ..., 0.3765, 0.3686, 0.3804],
         [0.2824, 0.3608, 0.4275,  ..., 0.3765, 0.3765, 0.3608]]])",0.3410208523273468,0.41050318
"tensor([[[0.4980, 0.4863, 0.4745,  ..., 0.5294, 0.4902, 0.4902],
         [0.4863, 0.4902, 0.4863,  ..., 0.5176, 0.4667, 0.5804],
         [0.4863, 0.4863, 0.4784,  ..., 0.4745, 0.5608, 0.5255],
         ...,
         [0.4275, 0.4824, 0.5333,  ..., 0.5176, 0.5294, 0.5294],
         [0.5176, 0.5176, 0.5255,  ..., 0.4941, 0.5333, 0.5020],
         [0.5020, 0.5647, 0.5451,  ..., 0.5176, 0.5216, 0.5176]]])",0.25462454557418823,0.35384476
"tensor([[[0.3882, 0.4000, 0.4000,  ..., 0.4392, 0.3922, 0.4078],
         [0.4078, 0.3843, 0.4000,  ..., 0.4118, 0.4157, 0.4353],
         [0.4275, 0.4078, 0.3686,  ..., 0.4196, 0.4275, 0.4157],
         ...,
         [0.3922, 0.3490, 0.4078,  ..., 0.4118, 0.4235, 0.4353],
         [0.3804, 0.4863, 0.4706,  ..., 0.4235, 0.4196, 0.4275],
         [0.4980, 0.3922, 0.3882,  ..., 0.4078, 0.4196, 0.4392]]])",0.3255547881126404,0.39850178
"tensor([[[0.4471, 0.4549, 0.4471,  ..., 0.4471, 0.4863, 0.4627],
         [0.4510, 0.4431, 0.4588,  ..., 0.4863, 0.4824, 0.4627],
         [0.5216, 0.4431, 0.4510,  ..., 0.4863, 0.4627, 0.4353],
         ...,
         [0.4196, 0.4745, 0.4980,  ..., 0.4784, 0.4824, 0.4745],
         [0.4941, 0.4706, 0.4863,  ..., 0.4627, 0.4745, 0.4902],
         [0.4510, 0.4706, 0.4431,  ..., 0.4745, 0.4745, 0.4706]]])",0.2659565508365631,0.37975988
"tensor([[[0.3569, 0.3490, 0.3529,  ..., 0.3647, 0.3882, 0.4235],
         [0.3765, 0.3647, 0.3412,  ..., 0.4039, 0.4196, 0.3529],
         [0.3451, 0.3686, 0.3686,  ..., 0.3608, 0.3451, 0.3608],
         ...,
         [0.3647, 0.3216, 0.3647,  ..., 0.3608, 0.3529, 0.3725],
         [0.2980, 0.3451, 0.3529,  ..., 0.3647, 0.3608, 0.3569],
         [0.3451, 0.3569, 0.3765,  ..., 0.3725, 0.3843, 0.3569]]])",0.4231002628803253,0.47187793
"tensor([[[0.4118, 0.4431, 0.4431,  ..., 0.4745, 0.4392, 0.4314],
         [0.4314, 0.4392, 0.4471,  ..., 0.4667, 0.4549, 0.4431],
         [0.4941, 0.4431, 0.4392,  ..., 0.4745, 0.4510, 0.4706],
         ...,
         [0.4157, 0.4510, 0.4510,  ..., 0.4510, 0.4314, 0.4157],
         [0.4353, 0.4510, 0.4588,  ..., 0.4314, 0.4706, 0.4353],
         [0.4510, 0.4745, 0.5451,  ..., 0.4353, 0.4392, 0.4902]]])",0.25957515835762024,0.35548988
"tensor([[[0.4510, 0.4471, 0.4392,  ..., 0.5059, 0.4745, 0.4549],
         [0.4902, 0.4824, 0.4510,  ..., 0.4745, 0.4431, 0.4392],
         [0.4431, 0.4745, 0.4392,  ..., 0.4235, 0.4314, 0.4510],
         ...,
         [0.4235, 0.4392, 0.4314,  ..., 0.4196, 0.4471, 0.4784],
         [0.4627, 0.4392, 0.4667,  ..., 0.4510, 0.4235, 0.4510],
         [0.4667, 0.4667, 0.4902,  ..., 0.4275, 0.4353, 0.4392]]])",0.2579565942287445,0.3675215
"tensor([[[0.5020, 0.5098, 0.5020,  ..., 0.5412, 0.5255, 0.4980],
         [0.4980, 0.5059, 0.5412,  ..., 0.5020, 0.4980, 0.4902],
         [0.5020, 0.4745, 0.5255,  ..., 0.4784, 0.4902, 0.4941],
         ...,
         [0.4863, 0.4902, 0.5059,  ..., 0.4863, 0.4902, 0.5137],
         [0.5137, 0.5059, 0.4980,  ..., 0.4863, 0.5020, 0.4824],
         [0.4980, 0.5059, 0.5059,  ..., 0.4667, 0.4863, 0.4863]]])",0.27535852789878845,0.35881925
"tensor([[[0.4000, 0.4431, 0.3922,  ..., 0.4118, 0.4824, 0.4078],
         [0.3765, 0.4510, 0.4275,  ..., 0.4745, 0.4157, 0.3647],
         [0.3686, 0.4039, 0.4588,  ..., 0.4275, 0.3020, 0.3804],
         ...,
         [0.3647, 0.4000, 0.4392,  ..., 0.4235, 0.4157, 0.4118],
         [0.4235, 0.4000, 0.4157,  ..., 0.4314, 0.4118, 0.4000],
         [0.4235, 0.3804, 0.4275,  ..., 0.4000, 0.4667, 0.4275]]])",0.3110772669315338,0.37576026
"tensor([[[0.4824, 0.4745, 0.4824,  ..., 0.5294, 0.4824, 0.4157],
         [0.4353, 0.4902, 0.4784,  ..., 0.5059, 0.4627, 0.4078],
         [0.4549, 0.4667, 0.4784,  ..., 0.4627, 0.3765, 0.4235],
         ...,
         [0.4510, 0.4196, 0.4667,  ..., 0.4549, 0.4392, 0.4431],
         [0.4118, 0.4275, 0.4706,  ..., 0.4627, 0.4392, 0.4471],
         [0.4078, 0.4353, 0.4863,  ..., 0.5098, 0.4667, 0.4235]]])",0.2879508137702942,0.3711193
"tensor([[[0.4078, 0.4039, 0.4431,  ..., 0.5020, 0.4784, 0.4510],
         [0.4078, 0.4157, 0.4431,  ..., 0.4353, 0.3804, 0.3647],
         [0.3882, 0.4275, 0.4275,  ..., 0.3608, 0.4431, 0.4588],
         ...,
         [0.4118, 0.3804, 0.3843,  ..., 0.4000, 0.3882, 0.3922],
         [0.3922, 0.3922, 0.3922,  ..., 0.4275, 0.4196, 0.3843],
         [0.3647, 0.3686, 0.4157,  ..., 0.4118, 0.4392, 0.4196]]])",0.2877475619316101,0.3752043
"tensor([[[0.4314, 0.4353, 0.4980,  ..., 0.5490, 0.4627, 0.3608],
         [0.4275, 0.4353, 0.4745,  ..., 0.3961, 0.3843, 0.4431],
         [0.4235, 0.4353, 0.4392,  ..., 0.4784, 0.4471, 0.4235],
         ...,
         [0.4039, 0.4196, 0.3882,  ..., 0.4275, 0.4078, 0.4549],
         [0.4353, 0.4078, 0.4157,  ..., 0.4314, 0.3922, 0.3922],
         [0.4392, 0.3922, 0.4784,  ..., 0.4980, 0.4314, 0.4039]]])",0.27345624566078186,0.39209384
"tensor([[[0.4784, 0.5137, 0.5451,  ..., 0.5059, 0.5529, 0.5647],
         [0.4941, 0.5059, 0.5255,  ..., 0.5490, 0.5412, 0.4980],
         [0.5059, 0.4863, 0.4902,  ..., 0.5725, 0.5333, 0.4980],
         ...,
         [0.5176, 0.5137, 0.5255,  ..., 0.5216, 0.5020, 0.4980],
         [0.5216, 0.5098, 0.5137,  ..., 0.4941, 0.5098, 0.5176],
         [0.5216, 0.5098, 0.5020,  ..., 0.5255, 0.4902, 0.4784]]])",0.2900012731552124,0.40554172
"tensor([[[0.3686, 0.3529, 0.3922,  ..., 0.3647, 0.3882, 0.4196],
         [0.3608, 0.3451, 0.3608,  ..., 0.3765, 0.3765, 0.3725],
         [0.3804, 0.3529, 0.3765,  ..., 0.3961, 0.3804, 0.4039],
         ...,
         [0.3529, 0.3490, 0.3294,  ..., 0.3765, 0.3804, 0.3529],
         [0.3412, 0.3569, 0.3647,  ..., 0.3725, 0.3765, 0.3843],
         [0.3294, 0.3490, 0.3569,  ..., 0.3765, 0.3608, 0.3647]]])",0.35850968956947327,0.4261009
"tensor([[[0.3059, 0.2980, 0.2824,  ..., 0.3020, 0.3020, 0.3333],
         [0.3098, 0.2941, 0.3098,  ..., 0.3098, 0.3333, 0.3176],
         [0.3020, 0.2902, 0.3255,  ..., 0.3255, 0.3059, 0.3098],
         ...,
         [0.2941, 0.2784, 0.2824,  ..., 0.3098, 0.3216, 0.3098],
         [0.2706, 0.2941, 0.2941,  ..., 0.2980, 0.3059, 0.3333],
         [0.3020, 0.2902, 0.2863,  ..., 0.2941, 0.2863, 0.2824]]])",0.4267924726009369,0.4375913
"tensor([[[0.3608, 0.3490, 0.3686,  ..., 0.4157, 0.3843, 0.3647],
         [0.3373, 0.3529, 0.3686,  ..., 0.3725, 0.3725, 0.3804],
         [0.3373, 0.3373, 0.3490,  ..., 0.3608, 0.3725, 0.3451],
         ...,
         [0.3569, 0.3490, 0.3529,  ..., 0.3725, 0.3569, 0.3725],
         [0.3451, 0.3373, 0.3451,  ..., 0.3412, 0.3647, 0.3490],
         [0.3529, 0.3373, 0.3333,  ..., 0.3529, 0.3412, 0.3647]]])",0.4362715482711792,0.45979732
"tensor([[[0.3647, 0.3765, 0.3569,  ..., 0.3765, 0.4039, 0.4000],
         [0.3529, 0.3725, 0.3608,  ..., 0.3961, 0.4000, 0.3608],
         [0.3882, 0.3647, 0.3647,  ..., 0.4000, 0.3373, 0.3529],
         ...,
         [0.3569, 0.3529, 0.3843,  ..., 0.3569, 0.3922, 0.3961],
         [0.3529, 0.3647, 0.3490,  ..., 0.3490, 0.3529, 0.3882],
         [0.3412, 0.3373, 0.3451,  ..., 0.3647, 0.3529, 0.3529]]])",0.38014206290245056,0.39870694
"tensor([[[0.4863, 0.4784, 0.4706,  ..., 0.4627, 0.4902, 0.5020],
         [0.4471, 0.4667, 0.4549,  ..., 0.4824, 0.4863, 0.4627],
         [0.4588, 0.4941, 0.4588,  ..., 0.4941, 0.4667, 0.4588],
         ...,
         [0.4784, 0.4627, 0.4510,  ..., 0.4745, 0.4863, 0.4627],
         [0.4627, 0.4667, 0.4549,  ..., 0.4510, 0.4745, 0.5137],
         [0.4431, 0.4549, 0.4510,  ..., 0.4549, 0.4392, 0.4706]]])",0.3236219882965088,0.3917212
"tensor([[[0.5059, 0.5608, 0.5059,  ..., 0.5294, 0.5373, 0.5412],
         [0.5294, 0.5373, 0.5255,  ..., 0.5333, 0.5569, 0.5333],
         [0.5373, 0.5216, 0.5569,  ..., 0.5569, 0.5294, 0.5569],
         ...,
         [0.5255, 0.5333, 0.5294,  ..., 0.4824, 0.5020, 0.5451],
         [0.5451, 0.5176, 0.5333,  ..., 0.5373, 0.4980, 0.5333],
         [0.5255, 0.5373, 0.5451,  ..., 0.5451, 0.5373, 0.5098]]])",0.3078673779964447,0.38061863
"tensor([[[0.4863, 0.5020, 0.4863,  ..., 0.5373, 0.4588, 0.4667],
         [0.4980, 0.4863, 0.5098,  ..., 0.4667, 0.4549, 0.5373],
         [0.4863, 0.4863, 0.4902,  ..., 0.4824, 0.5569, 0.5686],
         ...,
         [0.5059, 0.4824, 0.5098,  ..., 0.5020, 0.4902, 0.4902],
         [0.4863, 0.5020, 0.5098,  ..., 0.5216, 0.5059, 0.5059],
         [0.5451, 0.5490, 0.5020,  ..., 0.4941, 0.4706, 0.5098]]])",0.25742271542549133,0.3518098
"tensor([[[0.4588, 0.4353, 0.4275,  ..., 0.4549, 0.4157, 0.4353],
         [0.4941, 0.4627, 0.4588,  ..., 0.3961, 0.4275, 0.4706],
         [0.4745, 0.4706, 0.4667,  ..., 0.4353, 0.5020, 0.5216],
         ...,
         [0.4431, 0.4902, 0.4980,  ..., 0.4392, 0.4471, 0.4118],
         [0.4941, 0.4706, 0.4510,  ..., 0.4549, 0.4549, 0.4588],
         [0.4863, 0.4588, 0.4510,  ..., 0.4588, 0.4314, 0.4706]]])",0.28187888860702515,0.3427457
"tensor([[[0.3608, 0.3608, 0.4118,  ..., 0.3451, 0.4039, 0.3686],
         [0.4196, 0.3765, 0.3882,  ..., 0.3961, 0.4000, 0.3804],
         [0.4275, 0.4157, 0.3882,  ..., 0.4078, 0.4039, 0.3922],
         ...,
         [0.4157, 0.4275, 0.4118,  ..., 0.3961, 0.3765, 0.3608],
         [0.4157, 0.4000, 0.4078,  ..., 0.3647, 0.3843, 0.4118],
         [0.4118, 0.4039, 0.3922,  ..., 0.3922, 0.3686, 0.3882]]])",0.3321388363838196,0.3888148
"tensor([[[0.4039, 0.3922, 0.4275,  ..., 0.4118, 0.4196, 0.3922],
         [0.4196, 0.3882, 0.3961,  ..., 0.4000, 0.4353, 0.4157],
         [0.3882, 0.4118, 0.3804,  ..., 0.4353, 0.4235, 0.4078],
         ...,
         [0.4275, 0.3765, 0.4118,  ..., 0.3843, 0.4039, 0.4118],
         [0.4000, 0.4392, 0.4471,  ..., 0.3804, 0.3686, 0.4118],
         [0.4471, 0.4667, 0.4196,  ..., 0.4196, 0.3843, 0.3686]]])",0.30035385489463806,0.3712865
"tensor([[[0.2353, 0.2824, 0.2824,  ..., 0.2941, 0.2784, 0.2902],
         [0.2667, 0.2510, 0.2902,  ..., 0.2784, 0.2902, 0.2824],
         [0.2941, 0.2510, 0.2588,  ..., 0.2824, 0.3020, 0.2863],
         ...,
         [0.2745, 0.2549, 0.2902,  ..., 0.2824, 0.2667, 0.2863],
         [0.2627, 0.2980, 0.3255,  ..., 0.2745, 0.2863, 0.2627],
         [0.2941, 0.3176, 0.2980,  ..., 0.2863, 0.2745, 0.3020]]])",0.4011746048927307,0.4287848
"tensor([[[0.3255, 0.3647, 0.4471,  ..., 0.3804, 0.3647, 0.3608],
         [0.3373, 0.3608, 0.4078,  ..., 0.3608, 0.3922, 0.4235],
         [0.3490, 0.3373, 0.3843,  ..., 0.4275, 0.4471, 0.4000],
         ...,
         [0.3843, 0.3843, 0.4078,  ..., 0.3843, 0.3804, 0.3922],
         [0.3882, 0.4118, 0.4157,  ..., 0.3882, 0.3922, 0.4039],
         [0.4235, 0.4118, 0.3765,  ..., 0.4000, 0.3922, 0.4314]]])",0.2869829535484314,0.36815464
"tensor([[[0.4353, 0.5059, 0.5020,  ..., 0.4706, 0.5137, 0.4549],
         [0.3882, 0.4667, 0.5137,  ..., 0.4863, 0.4706, 0.4627],
         [0.4392, 0.4118, 0.4784,  ..., 0.4863, 0.4941, 0.4941],
         ...,
         [0.4824, 0.5137, 0.4706,  ..., 0.4863, 0.4941, 0.4627],
         [0.4902, 0.4431, 0.4824,  ..., 0.4588, 0.4667, 0.5176],
         [0.4510, 0.4588, 0.4941,  ..., 0.5020, 0.4627, 0.4824]]])",0.2667333483695984,0.36387086
"tensor([[[0.4627, 0.4902, 0.5216,  ..., 0.5098, 0.4980, 0.5137],
         [0.4235, 0.4824, 0.4902,  ..., 0.4784, 0.4941, 0.4745],
         [0.4314, 0.4471, 0.4627,  ..., 0.5098, 0.4824, 0.4706],
         ...,
         [0.4824, 0.4784, 0.5020,  ..., 0.4627, 0.4902, 0.4902],
         [0.5137, 0.4941, 0.5020,  ..., 0.4745, 0.4667, 0.4784],
         [0.4784, 0.4745, 0.4980,  ..., 0.4784, 0.4784, 0.4549]]])",0.27103838324546814,0.34875667
"tensor([[[0.4549, 0.4431, 0.4549,  ..., 0.4667, 0.4471, 0.3961],
         [0.4275, 0.4431, 0.4353,  ..., 0.4431, 0.4235, 0.4431],
         [0.4471, 0.4627, 0.4431,  ..., 0.4392, 0.4824, 0.4784],
         ...,
         [0.4706, 0.4745, 0.4549,  ..., 0.4196, 0.4039, 0.3490],
         [0.5059, 0.4627, 0.4588,  ..., 0.4078, 0.4118, 0.4196],
         [0.4118, 0.4471, 0.4902,  ..., 0.4706, 0.4667, 0.4588]]])",0.2930595278739929,0.348553
"tensor([[[0.5725, 0.5647, 0.5804,  ..., 0.5686, 0.5686, 0.5765],
         [0.5961, 0.5529, 0.5961,  ..., 0.5804, 0.5804, 0.5765],
         [0.5843, 0.5765, 0.5725,  ..., 0.5804, 0.5804, 0.5843],
         ...,
         [0.6157, 0.6039, 0.5882,  ..., 0.5490, 0.5412, 0.5373],
         [0.6039, 0.6039, 0.5843,  ..., 0.5216, 0.5176, 0.5216],
         [0.6039, 0.6000, 0.6235,  ..., 0.6000, 0.6078, 0.6314]]])",0.44169530272483826,0.53264713
"tensor([[[0.6314, 0.6118, 0.6078,  ..., 0.6157, 0.6000, 0.6000],
         [0.5961, 0.6039, 0.6078,  ..., 0.6118, 0.5961, 0.5725],
         [0.5804, 0.5765, 0.6078,  ..., 0.5961, 0.5882, 0.6078],
         ...,
         [0.6000, 0.6000, 0.6235,  ..., 0.5412, 0.5608, 0.5725],
         [0.6510, 0.6667, 0.6627,  ..., 0.5255, 0.5294, 0.5373],
         [0.6157, 0.6392, 0.6000,  ..., 0.6275, 0.5843, 0.6118]]])",0.4456198513507843,0.4984274
"tensor([[[0.4980, 0.5216, 0.4941,  ..., 0.5490, 0.5176, 0.5020],
         [0.4784, 0.5137, 0.5020,  ..., 0.4902, 0.4588, 0.4667],
         [0.4863, 0.4980, 0.4863,  ..., 0.4824, 0.4941, 0.4941],
         ...,
         [0.5216, 0.5176, 0.5098,  ..., 0.4078, 0.4471, 0.4549],
         [0.5412, 0.5569, 0.5765,  ..., 0.4392, 0.4392, 0.4706],
         [0.5137, 0.5098, 0.5059,  ..., 0.5373, 0.4392, 0.4471]]])",0.33723750710487366,0.37051645
"tensor([[[0.5725, 0.5647, 0.5882,  ..., 0.5804, 0.5804, 0.5725],
         [0.5725, 0.5529, 0.5686,  ..., 0.5412, 0.5529, 0.5333],
         [0.5686, 0.5608, 0.5647,  ..., 0.5608, 0.5608, 0.5412],
         ...,
         [0.5961, 0.5922, 0.6235,  ..., 0.5255, 0.5176, 0.5137],
         [0.5804, 0.5961, 0.5843,  ..., 0.5490, 0.5490, 0.5490],
         [0.5412, 0.5608, 0.5686,  ..., 0.5569, 0.5529, 0.5490]]])",0.3872951865196228,0.40727115
"tensor([[[0.3961, 0.3569, 0.3843,  ..., 0.3686, 0.3843, 0.3765],
         [0.3882, 0.3608, 0.3922,  ..., 0.3686, 0.3686, 0.3529],
         [0.3569, 0.3686, 0.3647,  ..., 0.3608, 0.3451, 0.3725],
         ...,
         [0.4353, 0.3843, 0.4275,  ..., 0.3490, 0.3608, 0.3686],
         [0.3216, 0.3529, 0.3804,  ..., 0.3647, 0.3451, 0.3647],
         [0.3412, 0.4039, 0.3961,  ..., 0.3843, 0.3843, 0.3765]]])",0.3527289628982544,0.38563693
"tensor([[[0.4706, 0.4980, 0.4784,  ..., 0.4627, 0.4902, 0.4627],
         [0.4863, 0.4627, 0.5059,  ..., 0.4824, 0.4588, 0.4667],
         [0.4471, 0.4667, 0.5137,  ..., 0.4706, 0.4471, 0.4863],
         ...,
         [0.4275, 0.4549, 0.4431,  ..., 0.4667, 0.4784, 0.4549],
         [0.4353, 0.4392, 0.4314,  ..., 0.4667, 0.4627, 0.4902],
         [0.4471, 0.4745, 0.4941,  ..., 0.4667, 0.4863, 0.4941]]])",0.2468440681695938,0.35716945
"tensor([[[0.4353, 0.5020, 0.4863,  ..., 0.4588, 0.4392, 0.4353],
         [0.4431, 0.4549, 0.5216,  ..., 0.4196, 0.4471, 0.4471],
         [0.4627, 0.4196, 0.4980,  ..., 0.4824, 0.4784, 0.4863],
         ...,
         [0.4157, 0.3451, 0.3961,  ..., 0.4235, 0.4863, 0.5020],
         [0.4431, 0.4471, 0.4588,  ..., 0.4118, 0.4078, 0.4745],
         [0.4588, 0.4275, 0.4627,  ..., 0.4549, 0.4157, 0.4275]]])",0.24500617384910583,0.3377178
"tensor([[[0.3882, 0.4549, 0.4392,  ..., 0.3569, 0.3804, 0.3961],
         [0.3725, 0.4235, 0.4510,  ..., 0.3765, 0.4078, 0.4235],
         [0.4000, 0.3608, 0.4627,  ..., 0.4196, 0.4314, 0.4353],
         ...,
         [0.4235, 0.3804, 0.3922,  ..., 0.3490, 0.4118, 0.3882],
         [0.4000, 0.3843, 0.4078,  ..., 0.3333, 0.3451, 0.4431],
         [0.4078, 0.4118, 0.4235,  ..., 0.3765, 0.3294, 0.3608]]])",0.23602509498596191,0.33177087
"tensor([[[0.4431, 0.4627, 0.4588,  ..., 0.3961, 0.4078, 0.4235],
         [0.4118, 0.4588, 0.4471,  ..., 0.3922, 0.4392, 0.4627],
         [0.4157, 0.4118, 0.4824,  ..., 0.4275, 0.4275, 0.4196],
         ...,
         [0.4353, 0.4314, 0.4039,  ..., 0.3647, 0.4078, 0.4196],
         [0.4431, 0.4471, 0.4431,  ..., 0.3647, 0.3647, 0.4392],
         [0.4196, 0.4118, 0.4039,  ..., 0.3608, 0.3569, 0.3686]]])",0.2572917938232422,0.34709755
"tensor([[[0.4902, 0.4510, 0.4784,  ..., 0.3490, 0.3765, 0.3804],
         [0.4784, 0.4784, 0.4980,  ..., 0.4039, 0.4667, 0.4863],
         [0.4745, 0.4627, 0.4706,  ..., 0.4588, 0.4627, 0.4275],
         ...,
         [0.4431, 0.4588, 0.4863,  ..., 0.3647, 0.4235, 0.4157],
         [0.4392, 0.4667, 0.4549,  ..., 0.3529, 0.3922, 0.4157],
         [0.5176, 0.4549, 0.4000,  ..., 0.3961, 0.3765, 0.3961]]])",0.2253905087709427,0.33507
"tensor([[[0.4784, 0.4667, 0.4235,  ..., 0.3882, 0.3961, 0.4275],
         [0.4471, 0.4824, 0.4431,  ..., 0.3686, 0.4235, 0.4471],
         [0.4588, 0.4549, 0.4510,  ..., 0.4157, 0.4588, 0.4275],
         ...,
         [0.4431, 0.4471, 0.4314,  ..., 0.3451, 0.3961, 0.4196],
         [0.4314, 0.4118, 0.3922,  ..., 0.3686, 0.3451, 0.4000],
         [0.4235, 0.4078, 0.4588,  ..., 0.4275, 0.3569, 0.3412]]])",0.2562903165817261,0.3521583
"tensor([[[0.4941, 0.4824, 0.4510,  ..., 0.4157, 0.4314, 0.4588],
         [0.4588, 0.5059, 0.4392,  ..., 0.4157, 0.4431, 0.4353],
         [0.4510, 0.4745, 0.5098,  ..., 0.4235, 0.4588, 0.4392],
         ...,
         [0.4745, 0.4078, 0.4196,  ..., 0.3922, 0.4000, 0.4510],
         [0.4118, 0.4235, 0.4510,  ..., 0.4275, 0.3490, 0.4235],
         [0.4549, 0.4588, 0.4431,  ..., 0.4706, 0.4314, 0.3725]]])",0.23351389169692993,0.3457241
"tensor([[[0.5137, 0.5176, 0.4627,  ..., 0.4235, 0.4118, 0.4745],
         [0.5020, 0.5137, 0.5216,  ..., 0.4196, 0.4314, 0.4980],
         [0.5020, 0.5176, 0.5020,  ..., 0.4196, 0.4588, 0.5059],
         ...,
         [0.4431, 0.4314, 0.4745,  ..., 0.4314, 0.4275, 0.4667],
         [0.4627, 0.4667, 0.5020,  ..., 0.4353, 0.4275, 0.4392],
         [0.4941, 0.4941, 0.4784,  ..., 0.4824, 0.4196, 0.5020]]])",0.220089852809906,0.32988948
"tensor([[[0.2824, 0.2863, 0.2784,  ..., 0.2510, 0.2235, 0.2471],
         [0.2784, 0.2745, 0.2902,  ..., 0.2275, 0.2549, 0.2471],
         [0.2824, 0.2784, 0.2784,  ..., 0.2353, 0.2510, 0.2863],
         ...,
         [0.2549, 0.2667, 0.2627,  ..., 0.2627, 0.2471, 0.2745],
         [0.2588, 0.2706, 0.2706,  ..., 0.2941, 0.2392, 0.2706],
         [0.2941, 0.3020, 0.2824,  ..., 0.2980, 0.2706, 0.2549]]])",0.44226396083831787,0.46354094
"tensor([[[0.4745, 0.4706, 0.4941,  ..., 0.4745, 0.3882, 0.4392],
         [0.4706, 0.4588, 0.4824,  ..., 0.4314, 0.3922, 0.4510],
         [0.5373, 0.4667, 0.4824,  ..., 0.3922, 0.4196, 0.4235],
         ...,
         [0.4431, 0.4627, 0.4471,  ..., 0.5451, 0.4039, 0.4471],
         [0.4392, 0.4784, 0.4627,  ..., 0.5333, 0.4706, 0.4000],
         [0.5176, 0.4863, 0.4431,  ..., 0.4510, 0.5451, 0.4196]]])",0.21175532042980194,0.33833718
"tensor([[[0.3529, 0.3569, 0.3765,  ..., 0.4039, 0.2980, 0.3294],
         [0.3765, 0.3529, 0.3686,  ..., 0.3412, 0.3137, 0.3098],
         [0.3882, 0.3647, 0.3451,  ..., 0.3020, 0.3098, 0.3569],
         ...,
         [0.3333, 0.3490, 0.3569,  ..., 0.3961, 0.3216, 0.3137],
         [0.3294, 0.3608, 0.3608,  ..., 0.3569, 0.3569, 0.3373],
         [0.3608, 0.3882, 0.3569,  ..., 0.3451, 0.3725, 0.2980]]])",0.3160630166530609,0.38152885
"tensor([[[0.4902, 0.5098, 0.4824,  ..., 0.5451, 0.3725, 0.4314],
         [0.4471, 0.4980, 0.4863,  ..., 0.4863, 0.3882, 0.4627],
         [0.4627, 0.4588, 0.4824,  ..., 0.4196, 0.4118, 0.4706],
         ...,
         [0.4863, 0.4588, 0.4353,  ..., 0.5333, 0.4275, 0.4196],
         [0.4353, 0.4431, 0.5451,  ..., 0.4627, 0.5059, 0.3647],
         [0.4941, 0.5451, 0.4902,  ..., 0.4667, 0.5216, 0.4392]]])",0.22446632385253906,0.3376607
"tensor([[[0.4902, 0.5020, 0.4863,  ..., 0.5412, 0.4392, 0.4118],
         [0.4745, 0.4863, 0.4980,  ..., 0.5255, 0.4353, 0.4863],
         [0.4667, 0.4863, 0.4863,  ..., 0.5020, 0.4745, 0.4784],
         ...,
         [0.4118, 0.4314, 0.4863,  ..., 0.5412, 0.4824, 0.4431],
         [0.4588, 0.4824, 0.5373,  ..., 0.4824, 0.5569, 0.4314],
         [0.4627, 0.5216, 0.5176,  ..., 0.4627, 0.5529, 0.4784]]])",0.2794964909553528,0.36982557
"tensor([[[0.4039, 0.4000, 0.4039,  ..., 0.4510, 0.3843, 0.4157],
         [0.4118, 0.4000, 0.4118,  ..., 0.3922, 0.4078, 0.3882],
         [0.4039, 0.4039, 0.4000,  ..., 0.3686, 0.3882, 0.3922],
         ...,
         [0.4549, 0.4078, 0.3843,  ..., 0.4706, 0.3961, 0.4000],
         [0.4000, 0.3961, 0.4078,  ..., 0.4627, 0.4078, 0.4118],
         [0.3804, 0.3804, 0.4471,  ..., 0.4039, 0.4824, 0.3843]]])",0.2980715334415436,0.36589608
"tensor([[[0.4824, 0.4706, 0.4824,  ..., 0.4863, 0.4745, 0.4824],
         [0.4706, 0.4745, 0.4706,  ..., 0.4627, 0.4863, 0.4588],
         [0.4549, 0.4784, 0.4627,  ..., 0.4588, 0.4627, 0.4510],
         ...,
         [0.4941, 0.5294, 0.4863,  ..., 0.5020, 0.4745, 0.4784],
         [0.5176, 0.4588, 0.4627,  ..., 0.5137, 0.4706, 0.4941],
         [0.4510, 0.4863, 0.4824,  ..., 0.4980, 0.5098, 0.4784]]])",0.2919745445251465,0.36868122
"tensor([[[0.4549, 0.4471, 0.4588,  ..., 0.4902, 0.4784, 0.4627],
         [0.4706, 0.4549, 0.4549,  ..., 0.4824, 0.4667, 0.4627],
         [0.4549, 0.4627, 0.4431,  ..., 0.4706, 0.4588, 0.4196],
         ...,
         [0.5059, 0.5098, 0.4784,  ..., 0.4706, 0.4745, 0.4667],
         [0.4745, 0.4588, 0.4745,  ..., 0.4667, 0.4784, 0.4745],
         [0.4863, 0.4902, 0.4627,  ..., 0.4824, 0.4784, 0.4941]]])",0.26434552669525146,0.38074654
"tensor([[[0.5333, 0.5608, 0.5529,  ..., 0.5451, 0.5804, 0.5451],
         [0.5647, 0.5412, 0.5412,  ..., 0.5843, 0.5451, 0.5490],
         [0.5490, 0.5451, 0.5569,  ..., 0.5647, 0.5373, 0.5137],
         ...,
         [0.6000, 0.5686, 0.5529,  ..., 0.5294, 0.5529, 0.5569],
         [0.5412, 0.5451, 0.5608,  ..., 0.5686, 0.5294, 0.5765],
         [0.5725, 0.5647, 0.5569,  ..., 0.5882, 0.5373, 0.5569]]])",0.2646353840827942,0.34211197
"tensor([[[0.4039, 0.4353, 0.4980,  ..., 0.4627, 0.4549, 0.4118],
         [0.4471, 0.4157, 0.4510,  ..., 0.4392, 0.4510, 0.4392],
         [0.4745, 0.4471, 0.4353,  ..., 0.4235, 0.4275, 0.4667],
         ...,
         [0.3922, 0.3961, 0.4275,  ..., 0.4235, 0.4706, 0.4431],
         [0.4510, 0.4314, 0.4314,  ..., 0.3961, 0.4314, 0.4314],
         [0.4275, 0.4235, 0.4431,  ..., 0.4000, 0.4275, 0.4157]]])",0.24959349632263184,0.35115343
"tensor([[[0.4667, 0.4588, 0.4392,  ..., 0.4980, 0.4784, 0.4784],
         [0.4824, 0.4627, 0.4549,  ..., 0.4784, 0.4941, 0.4745],
         [0.4824, 0.4745, 0.4667,  ..., 0.5020, 0.4784, 0.4667],
         ...,
         [0.4902, 0.4588, 0.4980,  ..., 0.4353, 0.4667, 0.4745],
         [0.4863, 0.4706, 0.4902,  ..., 0.4784, 0.4549, 0.4627],
         [0.4667, 0.4824, 0.4706,  ..., 0.5059, 0.4510, 0.4549]]])",0.3206898272037506,0.39504284
"tensor([[[0.4784, 0.4627, 0.4667,  ..., 0.5333, 0.4745, 0.4471],
         [0.4824, 0.4745, 0.4745,  ..., 0.4863, 0.4588, 0.4784],
         [0.4667, 0.4745, 0.4745,  ..., 0.4745, 0.4627, 0.4824],
         ...,
         [0.4863, 0.4941, 0.4863,  ..., 0.4588, 0.4824, 0.4549],
         [0.4784, 0.4863, 0.4627,  ..., 0.4902, 0.4667, 0.4824],
         [0.4902, 0.4667, 0.4706,  ..., 0.4941, 0.4824, 0.4745]]])",0.2798421084880829,0.36489433
"tensor([[[0.5137, 0.4431, 0.4745,  ..., 0.5020, 0.4627, 0.4510],
         [0.4706, 0.4941, 0.4667,  ..., 0.4588, 0.4549, 0.4863],
         [0.4235, 0.4824, 0.5137,  ..., 0.4431, 0.4980, 0.4941],
         ...,
         [0.4941, 0.4980, 0.4667,  ..., 0.4902, 0.4627, 0.4314],
         [0.4902, 0.4706, 0.4471,  ..., 0.5020, 0.5020, 0.4824],
         [0.4667, 0.4510, 0.4549,  ..., 0.4667, 0.4863, 0.4980]]])",0.26366525888442993,0.3494907
"tensor([[[0.3216, 0.3451, 0.3529,  ..., 0.3647, 0.3412, 0.3490],
         [0.3490, 0.3294, 0.3569,  ..., 0.3451, 0.3333, 0.3294],
         [0.3569, 0.3294, 0.3569,  ..., 0.3451, 0.3373, 0.3686],
         ...,
         [0.3412, 0.3608, 0.3137,  ..., 0.3961, 0.3451, 0.3255],
         [0.3412, 0.3529, 0.3059,  ..., 0.3882, 0.3922, 0.3333],
         [0.3451, 0.3255, 0.2980,  ..., 0.3373, 0.3882, 0.3804]]])",0.3405851721763611,0.36793604
"tensor([[[0.4549, 0.4196, 0.4275,  ..., 0.4627, 0.4235, 0.4275],
         [0.4196, 0.4549, 0.4118,  ..., 0.4235, 0.4118, 0.4275],
         [0.4510, 0.4353, 0.4314,  ..., 0.4392, 0.4549, 0.4784],
         ...,
         [0.4471, 0.4392, 0.4000,  ..., 0.4863, 0.4941, 0.4353],
         [0.4196, 0.4275, 0.4196,  ..., 0.4510, 0.4824, 0.4902],
         [0.4196, 0.4196, 0.4275,  ..., 0.4314, 0.4431, 0.4706]]])",0.31003594398498535,0.35555217
"tensor([[[0.5490, 0.5098, 0.4902,  ..., 0.5098, 0.5059, 0.5176],
         [0.5373, 0.5686, 0.5020,  ..., 0.5176, 0.5059, 0.5216],
         [0.5020, 0.5333, 0.5137,  ..., 0.5137, 0.5255, 0.5373],
         ...,
         [0.5020, 0.4863, 0.5137,  ..., 0.5216, 0.5373, 0.5765],
         [0.4627, 0.5294, 0.5216,  ..., 0.5255, 0.5098, 0.5373],
         [0.4980, 0.5294, 0.5020,  ..., 0.5176, 0.5059, 0.5255]]])",0.3036069869995117,0.36135107
"tensor([[[0.5843, 0.4784, 0.5569,  ..., 0.5020, 0.5412, 0.5569],
         [0.5961, 0.5098, 0.5294,  ..., 0.5255, 0.5294, 0.5294],
         [0.5216, 0.5490, 0.4745,  ..., 0.5294, 0.5137, 0.5412],
         ...,
         [0.4941, 0.4980, 0.5137,  ..., 0.5255, 0.5843, 0.5412],
         [0.4941, 0.5333, 0.5059,  ..., 0.4902, 0.5333, 0.5647],
         [0.5098, 0.5373, 0.5059,  ..., 0.4941, 0.4863, 0.5373]]])",0.22313831746578217,0.34184903
"tensor([[[0.4941, 0.4824, 0.4706,  ..., 0.4784, 0.4745, 0.5020],
         [0.4784, 0.5059, 0.5020,  ..., 0.4863, 0.5137, 0.5098],
         [0.4941, 0.4353, 0.4863,  ..., 0.5020, 0.5059, 0.5098],
         ...,
         [0.4588, 0.4706, 0.4824,  ..., 0.4863, 0.5098, 0.4667],
         [0.4706, 0.4902, 0.4784,  ..., 0.4824, 0.5059, 0.5098],
         [0.4549, 0.4824, 0.4706,  ..., 0.4549, 0.4941, 0.4706]]])",0.3015974760055542,0.36929083
"tensor([[[0.4745, 0.4275, 0.4275,  ..., 0.4627, 0.4235, 0.4235],
         [0.4235, 0.4471, 0.4275,  ..., 0.4078, 0.4431, 0.4471],
         [0.4078, 0.4196, 0.4314,  ..., 0.4549, 0.4549, 0.4471],
         ...,
         [0.4078, 0.3961, 0.4235,  ..., 0.4235, 0.4118, 0.4471],
         [0.4000, 0.4314, 0.4039,  ..., 0.4353, 0.4039, 0.4196],
         [0.4235, 0.4039, 0.4078,  ..., 0.4157, 0.4275, 0.4078]]])",0.2861672639846802,0.34654236
"tensor([[[0.4431, 0.4353, 0.3569,  ..., 0.4314, 0.3961, 0.4431],
         [0.4353, 0.4667, 0.4431,  ..., 0.4235, 0.4627, 0.4627],
         [0.4118, 0.4235, 0.4392,  ..., 0.4510, 0.4588, 0.4588],
         ...,
         [0.4510, 0.4353, 0.4510,  ..., 0.4431, 0.4588, 0.4431],
         [0.4235, 0.4196, 0.4235,  ..., 0.4118, 0.4275, 0.4000],
         [0.3961, 0.4353, 0.4314,  ..., 0.4353, 0.4627, 0.4196]]])",0.2320331186056137,0.33068347
"tensor([[[0.5098, 0.4588, 0.4196,  ..., 0.4627, 0.4353, 0.5255],
         [0.4745, 0.5137, 0.4588,  ..., 0.4235, 0.5137, 0.4980],
         [0.4588, 0.4863, 0.5020,  ..., 0.5333, 0.5255, 0.5373],
         ...,
         [0.4667, 0.4863, 0.4902,  ..., 0.5333, 0.5137, 0.4784],
         [0.5098, 0.4784, 0.4627,  ..., 0.4588, 0.5020, 0.5255],
         [0.4549, 0.4510, 0.4941,  ..., 0.4941, 0.4275, 0.4706]]])",0.22942152619361877,0.33363685
"tensor([[[0.4706, 0.4863, 0.5020,  ..., 0.4863, 0.4588, 0.4824],
         [0.4549, 0.4627, 0.4784,  ..., 0.4471, 0.4745, 0.4941],
         [0.5176, 0.4863, 0.4784,  ..., 0.4980, 0.5294, 0.5647],
         ...,
         [0.4784, 0.4980, 0.4902,  ..., 0.5216, 0.5294, 0.5020],
         [0.4745, 0.4902, 0.4902,  ..., 0.4667, 0.4980, 0.5333],
         [0.5059, 0.4667, 0.4667,  ..., 0.5020, 0.4510, 0.5059]]])",0.2510906159877777,0.37450463
"tensor([[[0.3020, 0.3216, 0.3137,  ..., 0.3333, 0.3137, 0.2980],
         [0.3333, 0.3059, 0.3020,  ..., 0.3137, 0.3020, 0.3333],
         [0.3412, 0.3451, 0.3098,  ..., 0.3098, 0.3412, 0.3529],
         ...,
         [0.3176, 0.3373, 0.3255,  ..., 0.3176, 0.3333, 0.3569],
         [0.3216, 0.3294, 0.3255,  ..., 0.3255, 0.3137, 0.3294],
         [0.3412, 0.3255, 0.3333,  ..., 0.3373, 0.3176, 0.3176]]])",0.3680916428565979,0.43592432
"tensor([[[0.3569, 0.3529, 0.3765,  ..., 0.3647, 0.3529, 0.3804],
         [0.4118, 0.3647, 0.3608,  ..., 0.3569, 0.3882, 0.4118],
         [0.3725, 0.3882, 0.3765,  ..., 0.3725, 0.3922, 0.4039],
         ...,
         [0.3843, 0.3765, 0.3765,  ..., 0.3686, 0.3961, 0.4039],
         [0.3843, 0.3882, 0.3804,  ..., 0.3647, 0.3490, 0.3765],
         [0.3922, 0.3608, 0.3843,  ..., 0.4039, 0.4078, 0.3686]]])",0.3025100529193878,0.3718879
"tensor([[[0.4078, 0.4000, 0.4275,  ..., 0.4157, 0.4196, 0.4784],
         [0.4392, 0.4196, 0.4039,  ..., 0.4235, 0.4549, 0.4980],
         [0.4392, 0.4392, 0.4745,  ..., 0.4314, 0.4549, 0.4706],
         ...,
         [0.4431, 0.4588, 0.4510,  ..., 0.4353, 0.4196, 0.4353],
         [0.4627, 0.4392, 0.4314,  ..., 0.4863, 0.4118, 0.4314],
         [0.4196, 0.4235, 0.4392,  ..., 0.4549, 0.5137, 0.4314]]])",0.24466314911842346,0.35237446
"tensor([[[0.4314, 0.4549, 0.4471,  ..., 0.4392, 0.5059, 0.5098],
         [0.4784, 0.4471, 0.4471,  ..., 0.4784, 0.4863, 0.5020],
         [0.4941, 0.4902, 0.4863,  ..., 0.4745, 0.4863, 0.5255],
         ...,
         [0.4667, 0.4902, 0.4824,  ..., 0.4824, 0.4745, 0.4745],
         [0.5098, 0.4824, 0.4588,  ..., 0.5059, 0.5098, 0.4941],
         [0.4510, 0.4353, 0.4627,  ..., 0.5137, 0.4941, 0.5098]]])",0.25457993149757385,0.34006003
"tensor([[[0.4078, 0.3569, 0.3804,  ..., 0.4039, 0.4431, 0.4471],
         [0.4510, 0.4196, 0.3686,  ..., 0.4275, 0.4392, 0.4235],
         [0.4078, 0.4588, 0.4235,  ..., 0.4275, 0.4235, 0.4471],
         ...,
         [0.4196, 0.4078, 0.4039,  ..., 0.4667, 0.4588, 0.4588],
         [0.4157, 0.4118, 0.3961,  ..., 0.4000, 0.4392, 0.4706],
         [0.3804, 0.3765, 0.3922,  ..., 0.4039, 0.3922, 0.4196]]])",0.2917323112487793,0.3588857
"tensor([[[0.3569, 0.3961, 0.3686,  ..., 0.4196, 0.4510, 0.4157],
         [0.3922, 0.3922, 0.4039,  ..., 0.4235, 0.4157, 0.4275],
         [0.4471, 0.4235, 0.4314,  ..., 0.4314, 0.4196, 0.4471],
         ...,
         [0.4078, 0.3843, 0.3569,  ..., 0.4588, 0.4784, 0.4980],
         [0.3647, 0.3765, 0.3922,  ..., 0.3608, 0.4039, 0.4431],
         [0.3843, 0.3765, 0.4275,  ..., 0.3725, 0.3961, 0.3686]]])",0.24813735485076904,0.3462298
"tensor([[[0.4510, 0.4549, 0.3765,  ..., 0.4510, 0.4431, 0.4627],
         [0.3843, 0.4510, 0.4235,  ..., 0.4549, 0.4588, 0.4745],
         [0.4196, 0.4353, 0.4392,  ..., 0.4588, 0.4314, 0.4549],
         ...,
         [0.4196, 0.4118, 0.4431,  ..., 0.4627, 0.4784, 0.4902],
         [0.4039, 0.3843, 0.4235,  ..., 0.4667, 0.4667, 0.4706],
         [0.3686, 0.4235, 0.4784,  ..., 0.4196, 0.4745, 0.4667]]])",0.24294602870941162,0.3329888
"tensor([[[0.4078, 0.4353, 0.4039,  ..., 0.4549, 0.4706, 0.4471],
         [0.4353, 0.4196, 0.4157,  ..., 0.4667, 0.4471, 0.4157],
         [0.4275, 0.4392, 0.3882,  ..., 0.4392, 0.4196, 0.4431],
         ...,
         [0.4118, 0.4275, 0.4078,  ..., 0.4157, 0.4078, 0.4353],
         [0.3882, 0.4157, 0.4078,  ..., 0.4745, 0.4471, 0.4588],
         [0.3843, 0.4275, 0.4196,  ..., 0.4510, 0.4824, 0.4314]]])",0.2950971722602844,0.34624422
"tensor([[[0.3373, 0.3451, 0.3961,  ..., 0.3804, 0.3882, 0.3608],
         [0.3373, 0.3373, 0.3451,  ..., 0.3843, 0.3529, 0.3490],
         [0.3765, 0.3569, 0.3490,  ..., 0.3608, 0.3294, 0.3725],
         ...,
         [0.3255, 0.3529, 0.3176,  ..., 0.3451, 0.3373, 0.3529],
         [0.3647, 0.3333, 0.3569,  ..., 0.4039, 0.3647, 0.3647],
         [0.3725, 0.3529, 0.3922,  ..., 0.3686, 0.4000, 0.3686]]])",0.3166295886039734,0.39503986
"tensor([[[0.2980, 0.3255, 0.2902,  ..., 0.3137, 0.3216, 0.3020],
         [0.2863, 0.3176, 0.2902,  ..., 0.3020, 0.3098, 0.3020],
         [0.2745, 0.2863, 0.3333,  ..., 0.3059, 0.3020, 0.3255],
         ...,
         [0.2980, 0.3098, 0.3098,  ..., 0.2941, 0.3176, 0.3020],
         [0.3059, 0.2902, 0.3216,  ..., 0.3059, 0.3059, 0.3216],
         [0.2784, 0.2980, 0.3373,  ..., 0.3176, 0.3176, 0.3059]]])",0.4786215126514435,0.46834284
"tensor([[[0.4471, 0.3608, 0.3725,  ..., 0.3922, 0.4039, 0.4235],
         [0.3882, 0.4000, 0.3922,  ..., 0.3804, 0.4196, 0.4078],
         [0.3529, 0.4235, 0.3725,  ..., 0.4078, 0.4157, 0.3961],
         ...,
         [0.3804, 0.3765, 0.4745,  ..., 0.3765, 0.3922, 0.4510],
         [0.3882, 0.4431, 0.4078,  ..., 0.3961, 0.4000, 0.4235],
         [0.4000, 0.4471, 0.3373,  ..., 0.4118, 0.4353, 0.4235]]])",0.23216821253299713,0.35458353
"tensor([[[0.4039, 0.4039, 0.4431,  ..., 0.4353, 0.4353, 0.4275],
         [0.4431, 0.3961, 0.4235,  ..., 0.4275, 0.4353, 0.4314],
         [0.4549, 0.4157, 0.4078,  ..., 0.4235, 0.4627, 0.4235],
         ...,
         [0.4235, 0.4431, 0.4706,  ..., 0.4392, 0.4196, 0.4275],
         [0.4549, 0.4745, 0.4392,  ..., 0.4588, 0.4588, 0.4431],
         [0.4863, 0.4745, 0.3882,  ..., 0.4314, 0.4745, 0.4824]]])",0.2841986119747162,0.38861328
"tensor([[[0.4196, 0.3882, 0.4471,  ..., 0.4078, 0.4549, 0.4314],
         [0.4745, 0.4235, 0.4118,  ..., 0.4235, 0.4275, 0.4235],
         [0.4706, 0.4588, 0.4196,  ..., 0.4353, 0.4431, 0.4235],
         ...,
         [0.4510, 0.4549, 0.4510,  ..., 0.4745, 0.4627, 0.4314],
         [0.4314, 0.4902, 0.4314,  ..., 0.4431, 0.4667, 0.4667],
         [0.4627, 0.4745, 0.4000,  ..., 0.4392, 0.4667, 0.4706]]])",0.30257999897003174,0.3555302
"tensor([[[0.3490, 0.3804, 0.3725,  ..., 0.3608, 0.3490, 0.3843],
         [0.4000, 0.3647, 0.3765,  ..., 0.3647, 0.3804, 0.3765],
         [0.4196, 0.3804, 0.3882,  ..., 0.3725, 0.3647, 0.3686],
         ...,
         [0.4078, 0.4275, 0.3686,  ..., 0.4000, 0.3765, 0.3804],
         [0.3922, 0.4000, 0.3882,  ..., 0.4392, 0.4039, 0.3961],
         [0.4000, 0.3922, 0.4157,  ..., 0.3961, 0.3765, 0.4275]]])",0.31206828355789185,0.3797617
"tensor([[[0.4157, 0.4667, 0.4745,  ..., 0.4353, 0.4510, 0.4588],
         [0.4510, 0.4510, 0.4510,  ..., 0.4588, 0.4588, 0.4588],
         [0.4902, 0.4588, 0.4863,  ..., 0.4392, 0.4510, 0.4588],
         ...,
         [0.4980, 0.5020, 0.4431,  ..., 0.5216, 0.4118, 0.4549],
         [0.4980, 0.4863, 0.5059,  ..., 0.5333, 0.5059, 0.4549],
         [0.5412, 0.5020, 0.5176,  ..., 0.4588, 0.4980, 0.4863]]])",0.22822855412960052,0.3780303
"tensor([[[0.3529, 0.3569, 0.3922,  ..., 0.3059, 0.3765, 0.3765],
         [0.3765, 0.3373, 0.3922,  ..., 0.3412, 0.3922, 0.3529],
         [0.3765, 0.3529, 0.3686,  ..., 0.3608, 0.3490, 0.3333],
         ...,
         [0.3961, 0.3804, 0.3529,  ..., 0.3686, 0.3804, 0.3451],
         [0.3961, 0.4118, 0.3843,  ..., 0.4078, 0.4000, 0.4039],
         [0.4118, 0.3922, 0.3882,  ..., 0.4000, 0.3686, 0.4157]]])",0.28676196932792664,0.3421588
"tensor([[[0.3373, 0.3608, 0.3961,  ..., 0.3686, 0.3686, 0.3294],
         [0.3843, 0.3255, 0.3882,  ..., 0.3176, 0.3765, 0.3490],
         [0.3765, 0.3490, 0.3529,  ..., 0.3529, 0.3686, 0.3412],
         ...,
         [0.4196, 0.4078, 0.3843,  ..., 0.3961, 0.3765, 0.3725],
         [0.3882, 0.4000, 0.3569,  ..., 0.3961, 0.3882, 0.4118],
         [0.3804, 0.3529, 0.3412,  ..., 0.3529, 0.3686, 0.3804]]])",0.2692992091178894,0.36313072
"tensor([[[0.3137, 0.3020, 0.3373,  ..., 0.3569, 0.3216, 0.2667],
         [0.3255, 0.3020, 0.3451,  ..., 0.3255, 0.2941, 0.3059],
         [0.3059, 0.2902, 0.3294,  ..., 0.3255, 0.3216, 0.3020],
         ...,
         [0.3412, 0.3294, 0.3294,  ..., 0.3373, 0.3412, 0.3059],
         [0.3059, 0.3255, 0.2902,  ..., 0.3294, 0.3529, 0.3451],
         [0.3373, 0.3176, 0.3137,  ..., 0.3216, 0.3451, 0.3490]]])",0.32740429043769836,0.37451914
"tensor([[[0.4196, 0.4157, 0.4549,  ..., 0.4431, 0.4588, 0.3765],
         [0.4118, 0.4157, 0.4157,  ..., 0.4431, 0.3961, 0.3765],
         [0.3765, 0.4039, 0.4000,  ..., 0.4235, 0.4039, 0.3804],
         ...,
         [0.4627, 0.4000, 0.3843,  ..., 0.3961, 0.4275, 0.4196],
         [0.4000, 0.4118, 0.4039,  ..., 0.4392, 0.4392, 0.4118],
         [0.4157, 0.4314, 0.3882,  ..., 0.4471, 0.4510, 0.4745]]])",0.21907366812229156,0.3349233
"tensor([[[0.4745, 0.5176, 0.5176,  ..., 0.4392, 0.4902, 0.4667],
         [0.4941, 0.4627, 0.4784,  ..., 0.5020, 0.4745, 0.4784],
         [0.4902, 0.4941, 0.4471,  ..., 0.4824, 0.4588, 0.4784],
         ...,
         [0.4980, 0.4863, 0.4941,  ..., 0.4588, 0.5098, 0.4863],
         [0.4824, 0.4863, 0.4627,  ..., 0.5098, 0.5059, 0.4667],
         [0.4784, 0.4588, 0.5098,  ..., 0.5137, 0.4902, 0.5255]]])",0.22201985120773315,0.32667622
"tensor([[[0.5137, 0.4745, 0.5059,  ..., 0.4667, 0.4745, 0.4588],
         [0.5176, 0.4784, 0.5059,  ..., 0.5059, 0.4627, 0.5098],
         [0.5176, 0.4941, 0.4863,  ..., 0.4863, 0.4902, 0.5059],
         ...,
         [0.5020, 0.4980, 0.5020,  ..., 0.5333, 0.5137, 0.4706],
         [0.4980, 0.4941, 0.5059,  ..., 0.4824, 0.5294, 0.5098],
         [0.4588, 0.5059, 0.4824,  ..., 0.4941, 0.5098, 0.4902]]])",0.27222099900245667,0.3496309
"tensor([[[0.5020, 0.5059, 0.5020,  ..., 0.4392, 0.4706, 0.5137],
         [0.5059, 0.5137, 0.5569,  ..., 0.4510, 0.4980, 0.5294],
         [0.5216, 0.4471, 0.5529,  ..., 0.4549, 0.5451, 0.5098],
         ...,
         [0.4706, 0.4980, 0.5176,  ..., 0.5098, 0.5020, 0.5725],
         [0.4902, 0.4980, 0.4941,  ..., 0.5137, 0.5216, 0.4902],
         [0.5059, 0.4588, 0.5216,  ..., 0.5059, 0.5294, 0.4863]]])",0.2293422818183899,0.32863095
"tensor([[[0.5569, 0.5765, 0.5373,  ..., 0.5059, 0.5176, 0.5608],
         [0.5294, 0.5725, 0.5647,  ..., 0.4980, 0.5490, 0.5686],
         [0.5176, 0.5373, 0.5843,  ..., 0.5098, 0.5882, 0.5216],
         ...,
         [0.5294, 0.5373, 0.5608,  ..., 0.5686, 0.5843, 0.5765],
         [0.5569, 0.5529, 0.5333,  ..., 0.5451, 0.5804, 0.5490],
         [0.5020, 0.5098, 0.5373,  ..., 0.5529, 0.5647, 0.5569]]])",0.29001232981681824,0.35100225
"tensor([[[0.4627, 0.5098, 0.4902,  ..., 0.4353, 0.4824, 0.5765],
         [0.5020, 0.4745, 0.4824,  ..., 0.4863, 0.4941, 0.4941],
         [0.4980, 0.4941, 0.4980,  ..., 0.5020, 0.4627, 0.4980],
         ...,
         [0.4667, 0.4706, 0.4902,  ..., 0.5020, 0.5373, 0.5373],
         [0.5137, 0.4941, 0.4667,  ..., 0.4941, 0.5333, 0.5451],
         [0.4824, 0.4706, 0.4902,  ..., 0.5137, 0.4863, 0.5490]]])",0.25295373797416687,0.3283191
"tensor([[[0.4392, 0.4235, 0.4118,  ..., 0.4510, 0.4431, 0.5137],
         [0.4471, 0.4275, 0.4471,  ..., 0.4627, 0.4667, 0.4353],
         [0.4510, 0.4235, 0.4275,  ..., 0.4353, 0.4275, 0.4078],
         ...,
         [0.4353, 0.4392, 0.4314,  ..., 0.4706, 0.4627, 0.4941],
         [0.4157, 0.4235, 0.4549,  ..., 0.4588, 0.4902, 0.4784],
         [0.4078, 0.4627, 0.4353,  ..., 0.4235, 0.4941, 0.4510]]])",0.21761305630207062,0.34424463
"tensor([[[0.3843, 0.4157, 0.3804,  ..., 0.3961, 0.4000, 0.3843],
         [0.3843, 0.3922, 0.4039,  ..., 0.4000, 0.3765, 0.3686],
         [0.4000, 0.4000, 0.3686,  ..., 0.3804, 0.3451, 0.3490],
         ...,
         [0.3804, 0.3961, 0.3804,  ..., 0.3882, 0.3961, 0.3882],
         [0.3569, 0.3882, 0.3843,  ..., 0.3843, 0.3922, 0.3725],
         [0.3647, 0.3843, 0.3961,  ..., 0.3961, 0.3922, 0.3843]]])",0.233167827129364,0.36782524
"tensor([[[0.4980, 0.4706, 0.4549,  ..., 0.4431, 0.4980, 0.5059],
         [0.4667, 0.4706, 0.4706,  ..., 0.4706, 0.4902, 0.4667],
         [0.4667, 0.4471, 0.4706,  ..., 0.4745, 0.4588, 0.4118],
         ...,
         [0.3843, 0.4392, 0.5020,  ..., 0.4706, 0.4667, 0.4784],
         [0.4510, 0.4863, 0.4667,  ..., 0.4941, 0.4667, 0.4824],
         [0.4824, 0.4902, 0.4353,  ..., 0.4784, 0.4941, 0.4706]]])",0.22492751479148865,0.4787982
"tensor([[[0.3686, 0.4039, 0.3765,  ..., 0.3686, 0.3804, 0.3882],
         [0.3882, 0.3725, 0.4039,  ..., 0.3882, 0.4000, 0.3725],
         [0.3843, 0.3843, 0.3608,  ..., 0.3922, 0.3608, 0.3529],
         ...,
         [0.3333, 0.3569, 0.3804,  ..., 0.3843, 0.4118, 0.3843],
         [0.3490, 0.4157, 0.3961,  ..., 0.3765, 0.3922, 0.4196],
         [0.4353, 0.4157, 0.3529,  ..., 0.4157, 0.3882, 0.4157]]])",0.27549847960472107,0.3793583
"tensor([[[0.4941, 0.4941, 0.4784,  ..., 0.4941, 0.4824, 0.4667],
         [0.4824, 0.4824, 0.4706,  ..., 0.4784, 0.4627, 0.4627],
         [0.4706, 0.4863, 0.4902,  ..., 0.4667, 0.4824, 0.5020],
         ...,
         [0.4941, 0.4745, 0.4784,  ..., 0.4941, 0.4941, 0.5059],
         [0.4824, 0.5020, 0.5176,  ..., 0.4980, 0.4941, 0.5098],
         [0.5333, 0.5137, 0.4745,  ..., 0.4980, 0.4902, 0.5020]]])",0.2787836194038391,0.45778418
"tensor([[[0.3961, 0.4078, 0.4157,  ..., 0.4235, 0.3882, 0.4039],
         [0.4196, 0.4000, 0.4039,  ..., 0.4000, 0.3882, 0.3961],
         [0.4000, 0.4314, 0.4000,  ..., 0.3961, 0.4118, 0.4392],
         ...,
         [0.3961, 0.4078, 0.4235,  ..., 0.4157, 0.4235, 0.4039],
         [0.4157, 0.4314, 0.4157,  ..., 0.4078, 0.4235, 0.4314],
         [0.4275, 0.4118, 0.4196,  ..., 0.4196, 0.4157, 0.4196]]])",0.2581128180027008,0.4104241
"tensor([[[0.4627, 0.5137, 0.5059,  ..., 0.4314, 0.4706, 0.5059],
         [0.4941, 0.4706, 0.4824,  ..., 0.4706, 0.4902, 0.4627],
         [0.5216, 0.4980, 0.4667,  ..., 0.4784, 0.4392, 0.4588],
         ...,
         [0.4588, 0.4431, 0.4784,  ..., 0.4980, 0.5255, 0.4706],
         [0.4627, 0.4627, 0.4824,  ..., 0.4706, 0.4902, 0.5176],
         [0.4353, 0.4627, 0.4706,  ..., 0.5373, 0.4706, 0.4902]]])",0.2346591353416443,0.34785476
"tensor([[[0.4627, 0.4588, 0.4353,  ..., 0.4431, 0.4392, 0.4706],
         [0.4510, 0.4706, 0.4431,  ..., 0.4353, 0.4392, 0.4549],
         [0.4784, 0.4627, 0.4667,  ..., 0.4471, 0.4314, 0.4392],
         ...,
         [0.4510, 0.4471, 0.4078,  ..., 0.4471, 0.4549, 0.4784],
         [0.4314, 0.4431, 0.4196,  ..., 0.4863, 0.4588, 0.4392],
         [0.4627, 0.4510, 0.4353,  ..., 0.4745, 0.4627, 0.4549]]])",0.2653341591358185,0.3808413
"tensor([[[0.4275, 0.4392, 0.4902,  ..., 0.4078, 0.4196, 0.4549],
         [0.4353, 0.3686, 0.4863,  ..., 0.4196, 0.4353, 0.4157],
         [0.4118, 0.4235, 0.3922,  ..., 0.4431, 0.4000, 0.4078],
         ...,
         [0.4157, 0.4118, 0.3725,  ..., 0.4196, 0.4353, 0.4667],
         [0.4078, 0.4000, 0.3843,  ..., 0.4431, 0.4353, 0.4196],
         [0.3725, 0.4039, 0.4275,  ..., 0.4039, 0.4392, 0.4392]]])",0.2759147584438324,0.36855388
"tensor([[[0.4902, 0.4588, 0.5059,  ..., 0.4667, 0.4431, 0.4941],
         [0.4667, 0.4549, 0.4745,  ..., 0.4431, 0.4980, 0.4902],
         [0.4118, 0.5020, 0.4471,  ..., 0.4902, 0.4863, 0.4745],
         ...,
         [0.4510, 0.4157, 0.4706,  ..., 0.4510, 0.4510, 0.4980],
         [0.4275, 0.4392, 0.5137,  ..., 0.4667, 0.4706, 0.4588],
         [0.4353, 0.4980, 0.4941,  ..., 0.4471, 0.4863, 0.4745]]])",0.2842983901500702,0.36892948
"tensor([[[0.5059, 0.6078, 0.5804,  ..., 0.5137, 0.5922, 0.5686],
         [0.4784, 0.5529, 0.5961,  ..., 0.5961, 0.5490, 0.5333],
         [0.5294, 0.5020, 0.5922,  ..., 0.5059, 0.5137, 0.5294],
         ...,
         [0.5490, 0.5333, 0.5569,  ..., 0.5216, 0.5333, 0.5725],
         [0.5569, 0.5569, 0.5725,  ..., 0.5020, 0.5529, 0.5216],
         [0.5412, 0.5882, 0.5255,  ..., 0.5373, 0.5412, 0.5804]]])",0.23916198313236237,0.3577227
"tensor([[[0.4510, 0.4510, 0.4275,  ..., 0.4196, 0.4353, 0.4549],
         [0.4784, 0.4902, 0.4588,  ..., 0.4353, 0.4471, 0.4745],
         [0.4588, 0.4588, 0.4784,  ..., 0.4784, 0.4863, 0.5059],
         ...,
         [0.4314, 0.4392, 0.4314,  ..., 0.4275, 0.4627, 0.4784],
         [0.4353, 0.4431, 0.4314,  ..., 0.4471, 0.4392, 0.4392],
         [0.4235, 0.4588, 0.4863,  ..., 0.4471, 0.4549, 0.4431]]])",0.24318276345729828,0.35755336
"tensor([[[0.3529, 0.3647, 0.3490,  ..., 0.3569, 0.3373, 0.3451],
         [0.3490, 0.3686, 0.3725,  ..., 0.3412, 0.3529, 0.3608],
         [0.3451, 0.3490, 0.3608,  ..., 0.3529, 0.3608, 0.3569],
         ...,
         [0.3529, 0.3490, 0.3373,  ..., 0.3529, 0.3529, 0.3686],
         [0.3412, 0.3412, 0.3490,  ..., 0.3490, 0.3490, 0.3490],
         [0.3490, 0.3451, 0.3451,  ..., 0.3529, 0.3451, 0.3490]]])",0.5386989712715149,0.5780809
"tensor([[[0.3216, 0.3255, 0.3294,  ..., 0.3137, 0.3176, 0.3059],
         [0.3098, 0.3098, 0.3294,  ..., 0.3098, 0.3059, 0.3216],
         [0.3176, 0.3137, 0.3216,  ..., 0.3137, 0.3176, 0.3137],
         ...,
         [0.3098, 0.3137, 0.3098,  ..., 0.3176, 0.3137, 0.3176],
         [0.3137, 0.3137, 0.3098,  ..., 0.3059, 0.3059, 0.3137],
         [0.3176, 0.3059, 0.3137,  ..., 0.3137, 0.3137, 0.3098]]])",0.6871135830879211,0.68701196
"tensor([[[0.3569, 0.3490, 0.3647,  ..., 0.3569, 0.3451, 0.3490],
         [0.3686, 0.3490, 0.3647,  ..., 0.3490, 0.3490, 0.3529],
         [0.3412, 0.3569, 0.3686,  ..., 0.3333, 0.3451, 0.3451],
         ...,
         [0.3412, 0.3412, 0.3451,  ..., 0.3451, 0.3451, 0.3412],
         [0.3451, 0.3490, 0.3451,  ..., 0.3412, 0.3373, 0.3529],
         [0.3451, 0.3294, 0.3333,  ..., 0.3451, 0.3490, 0.3569]]])",0.5359392762184143,0.5182959
"tensor([[[0.5569, 0.5843, 0.5412,  ..., 0.5020, 0.4745, 0.4510],
         [0.5412, 0.5569, 0.5569,  ..., 0.4941, 0.4980, 0.5255],
         [0.5529, 0.5608, 0.5490,  ..., 0.5020, 0.5098, 0.5216],
         ...,
         [0.5098, 0.4863, 0.4902,  ..., 0.4863, 0.4902, 0.4667],
         [0.5294, 0.5098, 0.5216,  ..., 0.5137, 0.5373, 0.5412],
         [0.5098, 0.5059, 0.4980,  ..., 0.5412, 0.5451, 0.5412]]])",0.22446881234645844,0.3580897
"tensor([[[0.5137, 0.4902, 0.4275,  ..., 0.4431, 0.4235, 0.4235],
         [0.4667, 0.4824, 0.4784,  ..., 0.4118, 0.4078, 0.4235],
         [0.4863, 0.4745, 0.4941,  ..., 0.4235, 0.4235, 0.4157],
         ...,
         [0.4471, 0.4275, 0.4431,  ..., 0.4471, 0.4392, 0.4431],
         [0.4314, 0.4431, 0.4588,  ..., 0.4314, 0.4235, 0.4000],
         [0.4392, 0.4588, 0.4471,  ..., 0.4627, 0.4863, 0.4745]]])",0.2650968134403229,0.37035906
"tensor([[[0.4824, 0.4745, 0.4510,  ..., 0.4235, 0.4157, 0.4078],
         [0.4510, 0.4588, 0.4706,  ..., 0.4000, 0.4039, 0.4235],
         [0.4471, 0.4510, 0.4706,  ..., 0.4039, 0.4235, 0.4314],
         ...,
         [0.4275, 0.4353, 0.4196,  ..., 0.4314, 0.4353, 0.4627],
         [0.4392, 0.4196, 0.4314,  ..., 0.4275, 0.4431, 0.4275],
         [0.4118, 0.4392, 0.4275,  ..., 0.4588, 0.4353, 0.4275]]])",0.2916090786457062,0.36590996
"tensor([[[0.4078, 0.3961, 0.4118,  ..., 0.3961, 0.3647, 0.3647],
         [0.4235, 0.4118, 0.4118,  ..., 0.3647, 0.3569, 0.4039],
         [0.3686, 0.4039, 0.4235,  ..., 0.3725, 0.4000, 0.3961],
         ...,
         [0.3765, 0.3922, 0.3725,  ..., 0.4353, 0.4353, 0.3765],
         [0.3843, 0.3686, 0.3882,  ..., 0.3725, 0.4039, 0.4000],
         [0.3686, 0.3686, 0.4235,  ..., 0.4078, 0.3961, 0.3922]]])",0.31898385286331177,0.3754077
"tensor([[[0.5412, 0.5216, 0.5255,  ..., 0.4784, 0.5412, 0.5059],
         [0.5255, 0.5059, 0.5059,  ..., 0.5255, 0.4902, 0.4706],
         [0.4980, 0.5255, 0.5216,  ..., 0.5098, 0.4863, 0.4980],
         ...,
         [0.4667, 0.4627, 0.4667,  ..., 0.4941, 0.5451, 0.4941],
         [0.4510, 0.4745, 0.5137,  ..., 0.5373, 0.5255, 0.5373],
         [0.5020, 0.5020, 0.5255,  ..., 0.5569, 0.5490, 0.5686]]])",0.25573667883872986,0.33863065
"tensor([[[0.4863, 0.5059, 0.5137,  ..., 0.4706, 0.4510, 0.5137],
         [0.4392, 0.4902, 0.5255,  ..., 0.4824, 0.4706, 0.4784],
         [0.4510, 0.4314, 0.4941,  ..., 0.4549, 0.4549, 0.4706],
         ...,
         [0.4275, 0.4157, 0.4549,  ..., 0.4471, 0.5216, 0.4902],
         [0.4745, 0.4588, 0.4549,  ..., 0.4510, 0.4157, 0.5059],
         [0.4706, 0.4627, 0.3922,  ..., 0.4706, 0.4471, 0.4510]]])",0.22853462398052216,0.33679885
"tensor([[[0.4275, 0.4745, 0.4706,  ..., 0.4118, 0.4745, 0.4588],
         [0.3922, 0.4078, 0.4627,  ..., 0.4549, 0.4235, 0.4314],
         [0.4510, 0.4039, 0.4510,  ..., 0.4039, 0.4588, 0.4706],
         ...,
         [0.3686, 0.3804, 0.3961,  ..., 0.4000, 0.4588, 0.4157],
         [0.3882, 0.4039, 0.4118,  ..., 0.4275, 0.4235, 0.4745],
         [0.3843, 0.4235, 0.4549,  ..., 0.4431, 0.4000, 0.4000]]])",0.2792281210422516,0.34448823
"tensor([[[0.4824, 0.4941, 0.4941,  ..., 0.4235, 0.4706, 0.4706],
         [0.4471, 0.4863, 0.4941,  ..., 0.4510, 0.4706, 0.4745],
         [0.4510, 0.4588, 0.4706,  ..., 0.4353, 0.5059, 0.5412],
         ...,
         [0.4157, 0.4510, 0.4314,  ..., 0.4549, 0.4706, 0.5098],
         [0.4510, 0.4314, 0.4706,  ..., 0.4275, 0.4431, 0.4196],
         [0.3882, 0.4667, 0.4863,  ..., 0.4667, 0.4941, 0.4510]]])",0.2636341452598572,0.3392336
"tensor([[[0.5216, 0.5216, 0.5725,  ..., 0.4353, 0.4824, 0.4392],
         [0.4353, 0.4588, 0.4588,  ..., 0.4431, 0.4627, 0.4471],
         [0.4549, 0.4824, 0.4549,  ..., 0.4863, 0.4863, 0.5020],
         ...,
         [0.4549, 0.4196, 0.4392,  ..., 0.4157, 0.4784, 0.4941],
         [0.4000, 0.4353, 0.4471,  ..., 0.4078, 0.4392, 0.4471],
         [0.4588, 0.4588, 0.4275,  ..., 0.4667, 0.4196, 0.3882]]])",0.22834663093090057,0.33882752
"tensor([[[0.5608, 0.4941, 0.4627,  ..., 0.4353, 0.4588, 0.4784],
         [0.4510, 0.5333, 0.4902,  ..., 0.4549, 0.4824, 0.4549],
         [0.4549, 0.4706, 0.4627,  ..., 0.4706, 0.4941, 0.4784],
         ...,
         [0.4980, 0.4549, 0.4549,  ..., 0.4157, 0.4745, 0.4824],
         [0.4588, 0.4196, 0.4588,  ..., 0.4235, 0.4235, 0.4392],
         [0.4314, 0.4392, 0.4588,  ..., 0.4667, 0.4667, 0.4392]]])",0.25188714265823364,0.35035938
"tensor([[[0.4627, 0.4510, 0.4706,  ..., 0.4510, 0.4588, 0.4706],
         [0.4627, 0.4627, 0.4824,  ..., 0.4549, 0.4784, 0.4314],
         [0.5020, 0.4471, 0.4431,  ..., 0.4549, 0.4471, 0.4588],
         ...,
         [0.4235, 0.4980, 0.4196,  ..., 0.4039, 0.4000, 0.4431],
         [0.4667, 0.4510, 0.4157,  ..., 0.4431, 0.4353, 0.4353],
         [0.4706, 0.4039, 0.4275,  ..., 0.4235, 0.4392, 0.4275]]])",0.25259917974472046,0.3406639
"tensor([[[0.4784, 0.4627, 0.4471,  ..., 0.4627, 0.4588, 0.4706],
         [0.4275, 0.4824, 0.4627,  ..., 0.4706, 0.4588, 0.4353],
         [0.4118, 0.4588, 0.5020,  ..., 0.4353, 0.4353, 0.4431],
         ...,
         [0.5098, 0.4392, 0.4471,  ..., 0.4275, 0.4353, 0.4392],
         [0.5137, 0.4000, 0.4392,  ..., 0.4431, 0.4353, 0.4314],
         [0.4314, 0.4235, 0.4706,  ..., 0.4510, 0.4471, 0.4392]]])",0.261060506105423,0.3343311
"tensor([[[0.4471, 0.4549, 0.4863,  ..., 0.4235, 0.4235, 0.4353],
         [0.4667, 0.4510, 0.4549,  ..., 0.4431, 0.4588, 0.4667],
         [0.4627, 0.4745, 0.4627,  ..., 0.4431, 0.4588, 0.4353],
         ...,
         [0.4431, 0.4196, 0.4471,  ..., 0.4471, 0.4314, 0.4314],
         [0.3922, 0.4314, 0.4863,  ..., 0.4431, 0.4392, 0.4275],
         [0.3725, 0.4706, 0.4588,  ..., 0.4314, 0.4314, 0.4353]]])",0.2842150330543518,0.35056397
"tensor([[[0.4314, 0.4706, 0.4588,  ..., 0.4275, 0.4000, 0.4353],
         [0.4588, 0.4588, 0.4863,  ..., 0.4275, 0.4549, 0.4784],
         [0.4667, 0.4706, 0.4314,  ..., 0.4588, 0.4392, 0.4431],
         ...,
         [0.4471, 0.4392, 0.4275,  ..., 0.4157, 0.4275, 0.4510],
         [0.4078, 0.4118, 0.4510,  ..., 0.4353, 0.4118, 0.4392],
         [0.3882, 0.4588, 0.4627,  ..., 0.4157, 0.4078, 0.4235]]])",0.24379931390285492,0.3431857
"tensor([[[0.4196, 0.4235, 0.4510,  ..., 0.4039, 0.3569, 0.3686],
         [0.4353, 0.4392, 0.4275,  ..., 0.3490, 0.4000, 0.4000],
         [0.4392, 0.4588, 0.4235,  ..., 0.4000, 0.4039, 0.3882],
         ...,
         [0.4157, 0.4196, 0.4275,  ..., 0.3765, 0.3882, 0.3765],
         [0.3961, 0.4157, 0.4039,  ..., 0.4275, 0.4118, 0.4039],
         [0.4000, 0.3961, 0.4118,  ..., 0.3961, 0.3765, 0.3686]]])",0.2618770897388458,0.34542626
"tensor([[[0.4588, 0.4863, 0.4588,  ..., 0.4980, 0.4667, 0.5137],
         [0.4510, 0.4784, 0.4627,  ..., 0.4902, 0.4549, 0.4784],
         [0.4627, 0.4627, 0.4863,  ..., 0.4667, 0.4824, 0.4627],
         ...,
         [0.4353, 0.4784, 0.4549,  ..., 0.4902, 0.4824, 0.4941],
         [0.4902, 0.5176, 0.4784,  ..., 0.4588, 0.5216, 0.4588],
         [0.5137, 0.5059, 0.4745,  ..., 0.4039, 0.4667, 0.5216]]])",0.24634411931037903,0.3316944
"tensor([[[0.4510, 0.4353, 0.4000,  ..., 0.4275, 0.4549, 0.4431],
         [0.4039, 0.4196, 0.4431,  ..., 0.4706, 0.4353, 0.4510],
         [0.4314, 0.4235, 0.4275,  ..., 0.4431, 0.4314, 0.4314],
         ...,
         [0.4314, 0.4196, 0.4392,  ..., 0.4353, 0.4667, 0.4471],
         [0.4627, 0.4549, 0.4824,  ..., 0.3922, 0.4549, 0.4588],
         [0.4588, 0.4706, 0.4627,  ..., 0.4000, 0.4157, 0.4902]]])",0.2915358543395996,0.37834844
"tensor([[[0.5451, 0.5255, 0.5294,  ..., 0.5647, 0.5804, 0.5412],
         [0.5569, 0.5725, 0.5451,  ..., 0.5882, 0.5804, 0.5686],
         [0.5412, 0.5333, 0.5686,  ..., 0.5569, 0.5412, 0.5294],
         ...,
         [0.6039, 0.5333, 0.5569,  ..., 0.5333, 0.5804, 0.5451],
         [0.5725, 0.5686, 0.5961,  ..., 0.5020, 0.5529, 0.5725],
         [0.5804, 0.5882, 0.6078,  ..., 0.5137, 0.5608, 0.5804]]])",0.3255811333656311,0.38316843
"tensor([[[0.5333, 0.5451, 0.5490,  ..., 0.5255, 0.5490, 0.5647],
         [0.5216, 0.5137, 0.5451,  ..., 0.5294, 0.5765, 0.5725],
         [0.5294, 0.5176, 0.5216,  ..., 0.5647, 0.5804, 0.5294],
         ...,
         [0.6000, 0.5569, 0.5294,  ..., 0.5373, 0.5725, 0.6314],
         [0.5294, 0.5216, 0.5686,  ..., 0.5412, 0.5294, 0.5725],
         [0.5373, 0.5686, 0.5529,  ..., 0.4980, 0.5098, 0.5529]]])",0.2520597577095032,0.3606275
"tensor([[[0.4706, 0.4235, 0.4863,  ..., 0.4863, 0.4471, 0.4745],
         [0.4667, 0.4549, 0.4196,  ..., 0.4824, 0.4706, 0.4863],
         [0.4627, 0.4667, 0.4667,  ..., 0.4863, 0.4706, 0.4863],
         ...,
         [0.5098, 0.5059, 0.4627,  ..., 0.4667, 0.5216, 0.5216],
         [0.4196, 0.4588, 0.4745,  ..., 0.4118, 0.4588, 0.4588],
         [0.5255, 0.5020, 0.4784,  ..., 0.4471, 0.4667, 0.4157]]])",0.27311909198760986,0.34364152
"tensor([[[0.3608, 0.3882, 0.4314,  ..., 0.4275, 0.4510, 0.3451],
         [0.4118, 0.3412, 0.3765,  ..., 0.4353, 0.4039, 0.4000],
         [0.4431, 0.3961, 0.3686,  ..., 0.4275, 0.3765, 0.4667],
         ...,
         [0.3922, 0.4431, 0.4353,  ..., 0.4118, 0.4314, 0.3647],
         [0.4431, 0.4196, 0.3882,  ..., 0.4078, 0.4157, 0.3843],
         [0.4235, 0.4392, 0.4392,  ..., 0.3804, 0.4235, 0.3569]]])",0.24658890068531036,0.33710533
"tensor([[[0.4353, 0.4627, 0.5373,  ..., 0.4902, 0.5176, 0.5333],
         [0.4745, 0.4431, 0.4745,  ..., 0.4941, 0.5020, 0.4745],
         [0.4980, 0.4706, 0.4549,  ..., 0.4863, 0.4863, 0.5020],
         ...,
         [0.4314, 0.4941, 0.4980,  ..., 0.4588, 0.4549, 0.4510],
         [0.5020, 0.5255, 0.4980,  ..., 0.5216, 0.4588, 0.4118],
         [0.5569, 0.5176, 0.5451,  ..., 0.5294, 0.4902, 0.4549]]])",0.25209611654281616,0.33697617
"tensor([[[0.4588, 0.4745, 0.4706,  ..., 0.4588, 0.4745, 0.4824],
         [0.4471, 0.4549, 0.4902,  ..., 0.4941, 0.4863, 0.4863],
         [0.4235, 0.4431, 0.4824,  ..., 0.4980, 0.4549, 0.5333],
         ...,
         [0.4196, 0.4863, 0.4902,  ..., 0.4706, 0.4431, 0.4471],
         [0.4627, 0.4784, 0.4863,  ..., 0.5137, 0.4392, 0.4745],
         [0.4902, 0.5098, 0.5373,  ..., 0.5176, 0.4235, 0.4784]]])",0.2685788571834564,0.34078172
"tensor([[[0.4353, 0.4745, 0.5333,  ..., 0.4588, 0.5020, 0.4980],
         [0.4392, 0.4549, 0.4980,  ..., 0.5333, 0.5255, 0.4784],
         [0.4706, 0.4275, 0.4980,  ..., 0.5529, 0.4667, 0.4510],
         ...,
         [0.3647, 0.4745, 0.4902,  ..., 0.4863, 0.4941, 0.4549],
         [0.4471, 0.5216, 0.4941,  ..., 0.4549, 0.5098, 0.4667],
         [0.4706, 0.4941, 0.5216,  ..., 0.4510, 0.4667, 0.4745]]])",0.24729712307453156,0.33121502
"tensor([[[0.4275, 0.4471, 0.5059,  ..., 0.4157, 0.5373, 0.4275],
         [0.4706, 0.4000, 0.4902,  ..., 0.4902, 0.4824, 0.4157],
         [0.4275, 0.4549, 0.4353,  ..., 0.5059, 0.4235, 0.4353],
         ...,
         [0.4471, 0.4510, 0.5098,  ..., 0.4549, 0.4980, 0.4392],
         [0.3529, 0.4706, 0.4314,  ..., 0.4510, 0.5137, 0.4431],
         [0.4235, 0.5098, 0.4667,  ..., 0.4431, 0.4510, 0.5255]]])",0.25055131316185,0.3447231
"tensor([[[0.4039, 0.4980, 0.5059,  ..., 0.4549, 0.5294, 0.5098],
         [0.4392, 0.4353, 0.5059,  ..., 0.4902, 0.5020, 0.5059],
         [0.5373, 0.4353, 0.4980,  ..., 0.4706, 0.4902, 0.4863],
         ...,
         [0.5569, 0.5255, 0.4353,  ..., 0.5020, 0.5686, 0.4627],
         [0.5098, 0.4471, 0.5020,  ..., 0.4824, 0.5686, 0.4824],
         [0.4941, 0.4471, 0.5176,  ..., 0.5020, 0.5137, 0.5137]]])",0.22029945254325867,0.3355724
"tensor([[[0.4627, 0.4431, 0.4784,  ..., 0.4471, 0.4353, 0.4980],
         [0.4275, 0.4275, 0.4392,  ..., 0.4431, 0.4471, 0.4706],
         [0.4392, 0.4431, 0.4157,  ..., 0.4314, 0.4549, 0.4235],
         ...,
         [0.5059, 0.4510, 0.4157,  ..., 0.4745, 0.4745, 0.5137],
         [0.4392, 0.4235, 0.4549,  ..., 0.4784, 0.4824, 0.4706],
         [0.4157, 0.4471, 0.4196,  ..., 0.4706, 0.4667, 0.4784]]])",0.28654882311820984,0.3512851
"tensor([[[0.4275, 0.4392, 0.4235,  ..., 0.4000, 0.4118, 0.4471],
         [0.3765, 0.4039, 0.4118,  ..., 0.4039, 0.4314, 0.4275],
         [0.3961, 0.3804, 0.4196,  ..., 0.3882, 0.4392, 0.4039],
         ...,
         [0.4118, 0.3922, 0.3882,  ..., 0.4314, 0.4078, 0.4353],
         [0.4000, 0.3882, 0.3922,  ..., 0.4235, 0.4275, 0.4353],
         [0.4078, 0.4275, 0.4314,  ..., 0.3725, 0.4431, 0.4314]]])",0.34231626987457275,0.39663675
"tensor([[[0.4510, 0.4431, 0.4471,  ..., 0.4235, 0.4471, 0.4392],
         [0.4078, 0.4118, 0.4392,  ..., 0.4157, 0.4667, 0.4275],
         [0.4000, 0.3843, 0.4471,  ..., 0.4157, 0.4510, 0.4196],
         ...,
         [0.4118, 0.4196, 0.3961,  ..., 0.4314, 0.4157, 0.4627],
         [0.4039, 0.4118, 0.4039,  ..., 0.4510, 0.4275, 0.4431],
         [0.4275, 0.4353, 0.4275,  ..., 0.3922, 0.4588, 0.4510]]])",0.31356513500213623,0.3777438
"tensor([[[0.4157, 0.4392, 0.4314,  ..., 0.4275, 0.4941, 0.4314],
         [0.4196, 0.4196, 0.4392,  ..., 0.4510, 0.4510, 0.4235],
         [0.4157, 0.4078, 0.4431,  ..., 0.4392, 0.4510, 0.4549],
         ...,
         [0.4039, 0.4039, 0.4196,  ..., 0.4353, 0.4431, 0.4627],
         [0.4118, 0.4196, 0.4157,  ..., 0.4353, 0.4471, 0.4510],
         [0.4667, 0.4431, 0.4431,  ..., 0.4275, 0.4275, 0.4706]]])",0.2827456593513489,0.35607716
"tensor([[[0.3922, 0.4431, 0.4353,  ..., 0.4431, 0.4314, 0.4784],
         [0.4078, 0.4078, 0.4510,  ..., 0.4314, 0.4863, 0.4392],
         [0.4275, 0.4039, 0.4392,  ..., 0.4549, 0.4510, 0.4353],
         ...,
         [0.4275, 0.4196, 0.4431,  ..., 0.4784, 0.4392, 0.4902],
         [0.4510, 0.4392, 0.4235,  ..., 0.4392, 0.4549, 0.4627],
         [0.4314, 0.3804, 0.4314,  ..., 0.4196, 0.4549, 0.4431]]])",0.24035100638866425,0.33553287
"tensor([[[0.4078, 0.4000, 0.4431,  ..., 0.3961, 0.4118, 0.4471],
         [0.4157, 0.3961, 0.3961,  ..., 0.4000, 0.4588, 0.4471],
         [0.4275, 0.4157, 0.4118,  ..., 0.4667, 0.4314, 0.3843],
         ...,
         [0.4157, 0.4353, 0.4431,  ..., 0.4549, 0.4549, 0.4549],
         [0.4235, 0.4235, 0.3882,  ..., 0.4353, 0.4392, 0.4471],
         [0.4314, 0.4078, 0.3922,  ..., 0.4314, 0.4431, 0.4392]]])",0.26134631037712097,0.36028767
"tensor([[[0.4314, 0.4588, 0.4392,  ..., 0.4039, 0.4353, 0.4353],
         [0.4471, 0.4431, 0.4588,  ..., 0.4157, 0.4353, 0.4196],
         [0.4235, 0.4431, 0.4392,  ..., 0.4196, 0.4392, 0.4000],
         ...,
         [0.3922, 0.4078, 0.4275,  ..., 0.4275, 0.4471, 0.4353],
         [0.4118, 0.4196, 0.4118,  ..., 0.4275, 0.4471, 0.4588],
         [0.4157, 0.4196, 0.4275,  ..., 0.3922, 0.4471, 0.4471]]])",0.2600364089012146,0.35492623
"tensor([[[0.4196, 0.4353, 0.4314,  ..., 0.4118, 0.3843, 0.4118],
         [0.4275, 0.4157, 0.4196,  ..., 0.3882, 0.4314, 0.4235],
         [0.4000, 0.4235, 0.4235,  ..., 0.4157, 0.4039, 0.3961],
         ...,
         [0.3961, 0.3843, 0.4235,  ..., 0.4431, 0.4235, 0.4235],
         [0.4078, 0.4039, 0.4000,  ..., 0.4275, 0.4275, 0.4353],
         [0.3804, 0.4078, 0.4275,  ..., 0.4157, 0.4431, 0.4353]]])",0.2728383541107178,0.36698723
"tensor([[[0.4627, 0.4667, 0.4392,  ..., 0.4824, 0.4431, 0.4314],
         [0.4353, 0.4706, 0.4549,  ..., 0.4196, 0.4314, 0.4314],
         [0.4078, 0.4353, 0.4431,  ..., 0.4235, 0.4745, 0.4275],
         ...,
         [0.4353, 0.4392, 0.4549,  ..., 0.4157, 0.4157, 0.4314],
         [0.4314, 0.4431, 0.4196,  ..., 0.4353, 0.4078, 0.4235],
         [0.4667, 0.4431, 0.4157,  ..., 0.4588, 0.4431, 0.4314]]])",0.29333582520484924,0.35270515
"tensor([[[0.3451, 0.3608, 0.3373,  ..., 0.3725, 0.3686, 0.3608],
         [0.4000, 0.3647, 0.3451,  ..., 0.3686, 0.3686, 0.3490],
         [0.3765, 0.3804, 0.3608,  ..., 0.3686, 0.3333, 0.3176],
         ...,
         [0.3490, 0.3765, 0.3176,  ..., 0.3490, 0.3412, 0.3451],
         [0.3608, 0.3412, 0.3451,  ..., 0.3804, 0.3412, 0.3569],
         [0.3765, 0.3490, 0.3608,  ..., 0.3843, 0.3725, 0.3569]]])",0.37042608857154846,0.3994379
"tensor([[[0.4902, 0.4314, 0.4471,  ..., 0.4667, 0.4824, 0.4275],
         [0.5059, 0.4353, 0.4392,  ..., 0.4667, 0.4157, 0.4353],
         [0.5137, 0.4510, 0.4549,  ..., 0.4235, 0.4314, 0.4431],
         ...,
         [0.4510, 0.4549, 0.4627,  ..., 0.4549, 0.4824, 0.4784],
         [0.4902, 0.4588, 0.4275,  ..., 0.4431, 0.4431, 0.4863],
         [0.4549, 0.4118, 0.4078,  ..., 0.4784, 0.4353, 0.4000]]])",0.28245821595191956,0.3421188
"tensor([[[0.3725, 0.3333, 0.3725,  ..., 0.3529, 0.3451, 0.3333],
         [0.3529, 0.3451, 0.3294,  ..., 0.3451, 0.3529, 0.3373],
         [0.3686, 0.3608, 0.3373,  ..., 0.3412, 0.3490, 0.3373],
         ...,
         [0.3882, 0.3686, 0.3216,  ..., 0.3686, 0.3882, 0.3843],
         [0.3490, 0.3294, 0.3490,  ..., 0.3412, 0.3765, 0.3765],
         [0.3412, 0.3098, 0.3882,  ..., 0.3412, 0.3255, 0.3686]]])",0.34973445534706116,0.36075494
"tensor([[[0.3333, 0.3529, 0.3490,  ..., 0.3490, 0.3216, 0.3255],
         [0.3255, 0.3373, 0.3216,  ..., 0.3647, 0.3686, 0.3333],
         [0.3569, 0.3569, 0.3569,  ..., 0.3451, 0.3137, 0.3529],
         ...,
         [0.3451, 0.3451, 0.3529,  ..., 0.3765, 0.4000, 0.3176],
         [0.3451, 0.3451, 0.3569,  ..., 0.3490, 0.3843, 0.3647],
         [0.3529, 0.3490, 0.3412,  ..., 0.3490, 0.3608, 0.3412]]])",0.35598206520080566,0.3666704
"tensor([[[0.3686, 0.3098, 0.3804,  ..., 0.3765, 0.3765, 0.3412],
         [0.3725, 0.3529, 0.3569,  ..., 0.3608, 0.3412, 0.3412],
         [0.3294, 0.3529, 0.3529,  ..., 0.3490, 0.3686, 0.3608],
         ...,
         [0.3961, 0.3647, 0.3490,  ..., 0.4039, 0.3569, 0.2941],
         [0.3608, 0.3412, 0.3333,  ..., 0.3961, 0.3843, 0.3333],
         [0.3608, 0.3569, 0.3176,  ..., 0.3725, 0.3725, 0.3294]]])",0.31350287795066833,0.37662935
"tensor([[[0.3882, 0.4235, 0.4588,  ..., 0.4314, 0.4392, 0.4196],
         [0.4039, 0.4235, 0.4471,  ..., 0.4431, 0.4471, 0.4431],
         [0.4392, 0.4157, 0.4235,  ..., 0.4235, 0.4078, 0.4196],
         ...,
         [0.4510, 0.4745, 0.4078,  ..., 0.4549, 0.4275, 0.3961],
         [0.4314, 0.4118, 0.3765,  ..., 0.4471, 0.4588, 0.3725],
         [0.4118, 0.3843, 0.3882,  ..., 0.4471, 0.4314, 0.4353]]])",0.31705373525619507,0.388995
"tensor([[[0.3490, 0.3294, 0.3529,  ..., 0.3137, 0.3490, 0.3686],
         [0.3333, 0.3451, 0.3451,  ..., 0.3765, 0.3804, 0.3529],
         [0.3843, 0.3529, 0.3765,  ..., 0.3647, 0.3333, 0.3451],
         ...,
         [0.3373, 0.3255, 0.3333,  ..., 0.3647, 0.3569, 0.2980],
         [0.3373, 0.3608, 0.3020,  ..., 0.3373, 0.3725, 0.3647],
         [0.3451, 0.3373, 0.3137,  ..., 0.3294, 0.3333, 0.3765]]])",0.32152581214904785,0.3846568
"tensor([[[0.3608, 0.3961, 0.4353,  ..., 0.4000, 0.3804, 0.4431],
         [0.4275, 0.4039, 0.3961,  ..., 0.4392, 0.4353, 0.4431],
         [0.4118, 0.4235, 0.4275,  ..., 0.4235, 0.4157, 0.4196],
         ...,
         [0.4235, 0.3961, 0.3961,  ..., 0.4235, 0.4196, 0.3961],
         [0.4000, 0.3765, 0.4000,  ..., 0.3882, 0.4196, 0.4157],
         [0.3529, 0.4078, 0.4118,  ..., 0.4627, 0.4275, 0.4784]]])",0.28405988216400146,0.4587887
"tensor([[[0.3843, 0.4039, 0.4392,  ..., 0.4353, 0.4431, 0.4235],
         [0.3882, 0.4039, 0.4196,  ..., 0.4314, 0.4078, 0.3804],
         [0.4118, 0.3804, 0.4235,  ..., 0.4039, 0.4078, 0.4078],
         ...,
         [0.3804, 0.3804, 0.4118,  ..., 0.4235, 0.4118, 0.3843],
         [0.4196, 0.3922, 0.4471,  ..., 0.3804, 0.4000, 0.4196],
         [0.3843, 0.3608, 0.4078,  ..., 0.4549, 0.4275, 0.4157]]])",0.3070921301841736,0.37791222
"tensor([[[0.2941, 0.4078, 0.4314,  ..., 0.3961, 0.4275, 0.3961],
         [0.3176, 0.3451, 0.4235,  ..., 0.4157, 0.4039, 0.3882],
         [0.3882, 0.3451, 0.3725,  ..., 0.3961, 0.3608, 0.3882],
         ...,
         [0.3765, 0.3647, 0.3451,  ..., 0.3843, 0.3843, 0.3765],
         [0.3882, 0.3647, 0.3843,  ..., 0.3804, 0.3608, 0.3686],
         [0.3882, 0.3647, 0.3647,  ..., 0.4196, 0.4078, 0.3843]]])",0.31794261932373047,0.3469984
"tensor([[[0.3608, 0.4196, 0.4431,  ..., 0.4157, 0.4078, 0.4078],
         [0.3686, 0.4235, 0.4353,  ..., 0.4235, 0.4118, 0.4275],
         [0.3333, 0.3686, 0.4314,  ..., 0.4196, 0.3961, 0.4314],
         ...,
         [0.3843, 0.3686, 0.3412,  ..., 0.3922, 0.4118, 0.4039],
         [0.4157, 0.3725, 0.4196,  ..., 0.3765, 0.3882, 0.3843],
         [0.3882, 0.4000, 0.3961,  ..., 0.4196, 0.4000, 0.3725]]])",0.30721184611320496,0.33999753
"tensor([[[0.4980, 0.4941, 0.4627,  ..., 0.4314, 0.4941, 0.4588],
         [0.4392, 0.4902, 0.4824,  ..., 0.4941, 0.4706, 0.4745],
         [0.4157, 0.4510, 0.4784,  ..., 0.4510, 0.4745, 0.4745],
         ...,
         [0.4471, 0.4431, 0.4510,  ..., 0.4471, 0.4588, 0.4745],
         [0.4588, 0.4667, 0.4627,  ..., 0.4549, 0.4588, 0.4431],
         [0.4353, 0.4667, 0.4824,  ..., 0.4353, 0.4471, 0.4392]]])",0.3760983347892761,0.40233067
"tensor([[[0.4431, 0.4000, 0.4314,  ..., 0.3569, 0.3843, 0.3882],
         [0.4196, 0.3961, 0.4039,  ..., 0.4000, 0.4039, 0.4275],
         [0.3961, 0.4275, 0.3804,  ..., 0.4000, 0.4118, 0.4000],
         ...,
         [0.4196, 0.4118, 0.3961,  ..., 0.4196, 0.3529, 0.4078],
         [0.4039, 0.4078, 0.3922,  ..., 0.3804, 0.4039, 0.3569],
         [0.3490, 0.4078, 0.3725,  ..., 0.3216, 0.4196, 0.3882]]])",0.3385174870491028,0.38843107
"tensor([[[0.3490, 0.3255, 0.3804,  ..., 0.3490, 0.3333, 0.3451],
         [0.3725, 0.3490, 0.3373,  ..., 0.3333, 0.3373, 0.3686],
         [0.3608, 0.3725, 0.3725,  ..., 0.3412, 0.3686, 0.3765],
         ...,
         [0.3686, 0.3922, 0.3765,  ..., 0.3608, 0.3490, 0.3020],
         [0.3765, 0.3843, 0.3373,  ..., 0.3216, 0.3882, 0.3412],
         [0.3490, 0.3137, 0.3333,  ..., 0.3333, 0.3490, 0.3804]]])",0.36972710490226746,0.38982928
"tensor([[[0.4039, 0.3765, 0.4353,  ..., 0.3961, 0.4000, 0.3765],
         [0.4157, 0.4118, 0.3922,  ..., 0.3804, 0.3961, 0.4157],
         [0.3882, 0.4078, 0.4275,  ..., 0.3882, 0.4078, 0.4235],
         ...,
         [0.4627, 0.4588, 0.4235,  ..., 0.4118, 0.4000, 0.3569],
         [0.4275, 0.4471, 0.4196,  ..., 0.4000, 0.4275, 0.4353],
         [0.4510, 0.4118, 0.3490,  ..., 0.3647, 0.3765, 0.4667]]])",0.33902421593666077,0.3725989
"tensor([[[0.4549, 0.5020, 0.4784,  ..., 0.4863, 0.4549, 0.5059],
         [0.4471, 0.4863, 0.5294,  ..., 0.4353, 0.5098, 0.5137],
         [0.4353, 0.4314, 0.4863,  ..., 0.5098, 0.4824, 0.4863],
         ...,
         [0.4980, 0.5176, 0.4980,  ..., 0.4510, 0.4549, 0.5216],
         [0.4902, 0.5216, 0.4941,  ..., 0.4824, 0.4667, 0.5098],
         [0.5412, 0.4902, 0.4471,  ..., 0.4706, 0.4784, 0.4627]]])",0.287660151720047,0.34530127
"tensor([[[0.4039, 0.4549, 0.4824,  ..., 0.4353, 0.4471, 0.4549],
         [0.3725, 0.4118, 0.5059,  ..., 0.4235, 0.4471, 0.4471],
         [0.3843, 0.3451, 0.4392,  ..., 0.4549, 0.4353, 0.4275],
         ...,
         [0.4824, 0.4510, 0.4392,  ..., 0.4353, 0.4353, 0.4627],
         [0.4275, 0.4275, 0.4314,  ..., 0.4078, 0.4235, 0.4157],
         [0.4275, 0.4196, 0.4157,  ..., 0.3961, 0.4510, 0.4275]]])",0.32474857568740845,0.34826255
"tensor([[[0.3922, 0.4039, 0.4353,  ..., 0.3451, 0.3647, 0.4196],
         [0.3412, 0.4235, 0.3961,  ..., 0.3569, 0.3882, 0.3765],
         [0.3294, 0.3961, 0.3882,  ..., 0.3529, 0.3647, 0.3843],
         ...,
         [0.3882, 0.4118, 0.4078,  ..., 0.3098, 0.3373, 0.3098],
         [0.3765, 0.3843, 0.4118,  ..., 0.2588, 0.3020, 0.3529],
         [0.4078, 0.3725, 0.3882,  ..., 0.2667, 0.3137, 0.3765]]])",0.2984740734100342,0.3412574
"tensor([[[0.4627, 0.4980, 0.5255,  ..., 0.4588, 0.4471, 0.4667],
         [0.4824, 0.4824, 0.5137,  ..., 0.4431, 0.4824, 0.4902],
         [0.4745, 0.5059, 0.4863,  ..., 0.4627, 0.4863, 0.4510],
         ...,
         [0.4667, 0.4824, 0.5176,  ..., 0.4196, 0.4314, 0.4314],
         [0.4863, 0.4902, 0.4863,  ..., 0.4000, 0.4392, 0.4667],
         [0.4706, 0.4863, 0.5176,  ..., 0.4431, 0.4392, 0.4275]]])",0.38180750608444214,0.3934363
"tensor([[[0.4941, 0.5137, 0.5333,  ..., 0.4784, 0.4902, 0.5020],
         [0.4941, 0.5216, 0.5176,  ..., 0.4824, 0.5020, 0.5373],
         [0.5098, 0.4941, 0.5098,  ..., 0.4980, 0.5020, 0.4980],
         ...,
         [0.5098, 0.5255, 0.5255,  ..., 0.4784, 0.4549, 0.4667],
         [0.5098, 0.5098, 0.5176,  ..., 0.4471, 0.4706, 0.4941],
         [0.4824, 0.4941, 0.5373,  ..., 0.4392, 0.4667, 0.4392]]])",0.405972957611084,0.4227894
"tensor([[[0.4706, 0.4902, 0.4118,  ..., 0.4275, 0.4510, 0.4471],
         [0.4431, 0.4667, 0.4431,  ..., 0.4549, 0.4471, 0.4667],
         [0.4706, 0.4824, 0.4392,  ..., 0.4275, 0.4314, 0.4588],
         ...,
         [0.4549, 0.4431, 0.4510,  ..., 0.4000, 0.3882, 0.3882],
         [0.4314, 0.4549, 0.4667,  ..., 0.4353, 0.4275, 0.4392],
         [0.4392, 0.4706, 0.4471,  ..., 0.4235, 0.4314, 0.4275]]])",0.41242921352386475,0.4163193
"tensor([[[0.4706, 0.4235, 0.4235,  ..., 0.4196, 0.4157, 0.4353],
         [0.4588, 0.4667, 0.4392,  ..., 0.4196, 0.4353, 0.4392],
         [0.3843, 0.4431, 0.4392,  ..., 0.4392, 0.4235, 0.4235],
         ...,
         [0.4706, 0.4353, 0.4235,  ..., 0.4157, 0.4118, 0.4235],
         [0.3961, 0.4039, 0.4196,  ..., 0.3765, 0.4196, 0.4157],
         [0.4000, 0.4431, 0.4235,  ..., 0.3608, 0.4118, 0.4235]]])",0.3681817352771759,0.38570142
"tensor([[[0.3569, 0.3725, 0.3804,  ..., 0.3608, 0.3647, 0.3529],
         [0.3451, 0.3569, 0.3608,  ..., 0.3686, 0.3373, 0.3529],
         [0.3333, 0.3608, 0.3569,  ..., 0.3333, 0.3647, 0.3725],
         ...,
         [0.3647, 0.3529, 0.3490,  ..., 0.3765, 0.3725, 0.3765],
         [0.3294, 0.3373, 0.3294,  ..., 0.3098, 0.3725, 0.3686],
         [0.3176, 0.3373, 0.3569,  ..., 0.2980, 0.2980, 0.3490]]])",0.3494585156440735,0.37347838
"tensor([[[0.3137, 0.3686, 0.3725,  ..., 0.3647, 0.3686, 0.3216],
         [0.3569, 0.3412, 0.3490,  ..., 0.3647, 0.3255, 0.3451],
         [0.3608, 0.3686, 0.3412,  ..., 0.3412, 0.3608, 0.3922],
         ...,
         [0.3412, 0.3373, 0.3373,  ..., 0.3608, 0.4039, 0.4118],
         [0.3255, 0.3255, 0.3412,  ..., 0.3294, 0.3216, 0.3882],
         [0.3451, 0.3529, 0.3765,  ..., 0.3686, 0.3333, 0.3569]]])",0.3451710343360901,0.43002975
"tensor([[[0.3020, 0.2549, 0.3451,  ..., 0.3137, 0.3412, 0.3255],
         [0.3529, 0.3098, 0.3059,  ..., 0.3451, 0.3412, 0.2980],
         [0.3529, 0.2980, 0.2902,  ..., 0.3216, 0.3137, 0.3216],
         ...,
         [0.3255, 0.3020, 0.2980,  ..., 0.3451, 0.3882, 0.3686],
         [0.3137, 0.3059, 0.3608,  ..., 0.3412, 0.3373, 0.3765],
         [0.3373, 0.3412, 0.3686,  ..., 0.3608, 0.3686, 0.4000]]])",0.3263076841831207,0.3727823
"tensor([[[0.3451, 0.3412, 0.3529,  ..., 0.3608, 0.3725, 0.3765],
         [0.4118, 0.3529, 0.3373,  ..., 0.3922, 0.3725, 0.3647],
         [0.4078, 0.3765, 0.3373,  ..., 0.3804, 0.3529, 0.3765],
         ...,
         [0.3765, 0.4078, 0.3882,  ..., 0.3882, 0.3765, 0.3922],
         [0.3725, 0.3804, 0.3608,  ..., 0.4078, 0.4000, 0.4275],
         [0.3765, 0.3647, 0.3882,  ..., 0.3922, 0.3922, 0.3725]]])",0.3508804440498352,0.41551837
"tensor([[[0.4039, 0.3922, 0.3686,  ..., 0.4196, 0.4196, 0.4039],
         [0.4353, 0.4078, 0.3961,  ..., 0.4039, 0.4000, 0.3647],
         [0.4314, 0.3686, 0.4118,  ..., 0.4235, 0.3882, 0.3922],
         ...,
         [0.4196, 0.4118, 0.4078,  ..., 0.4353, 0.4000, 0.3922],
         [0.3882, 0.4157, 0.4118,  ..., 0.4431, 0.4824, 0.4549],
         [0.3961, 0.3804, 0.3882,  ..., 0.4275, 0.4157, 0.4235]]])",0.3438302278518677,0.38435763
"tensor([[[0.3373, 0.3529, 0.3216,  ..., 0.3529, 0.3529, 0.3020],
         [0.3255, 0.3216, 0.3569,  ..., 0.3333, 0.3294, 0.3137],
         [0.3451, 0.3176, 0.3412,  ..., 0.3451, 0.3294, 0.3059],
         ...,
         [0.3137, 0.2980, 0.3333,  ..., 0.3176, 0.2941, 0.3098],
         [0.3137, 0.3373, 0.3020,  ..., 0.3725, 0.3608, 0.3216],
         [0.3373, 0.3294, 0.2980,  ..., 0.3608, 0.4078, 0.3765]]])",0.3857581913471222,0.38542637
"tensor([[[0.3333, 0.3412, 0.3176,  ..., 0.3255, 0.3333, 0.3020],
         [0.3137, 0.3137, 0.3373,  ..., 0.3216, 0.3176, 0.3098],
         [0.3098, 0.3176, 0.3098,  ..., 0.2980, 0.3176, 0.2824],
         ...,
         [0.3059, 0.2706, 0.3176,  ..., 0.3098, 0.2588, 0.2941],
         [0.2980, 0.3176, 0.3020,  ..., 0.3686, 0.3294, 0.2941],
         [0.3294, 0.3255, 0.2902,  ..., 0.3686, 0.3804, 0.3490]]])",0.3918372094631195,0.43120658
"tensor([[[0.3882, 0.3373, 0.3373,  ..., 0.3529, 0.3176, 0.3137],
         [0.3804, 0.3608, 0.3529,  ..., 0.3647, 0.3412, 0.3647],
         [0.3176, 0.3373, 0.3451,  ..., 0.3255, 0.3294, 0.3490],
         ...,
         [0.3529, 0.3137, 0.3098,  ..., 0.3490, 0.2745, 0.2902],
         [0.3373, 0.3333, 0.3373,  ..., 0.3882, 0.3412, 0.2745],
         [0.3529, 0.3373, 0.3490,  ..., 0.3725, 0.3922, 0.3804]]])",0.35058164596557617,0.38854766
"tensor([[[0.4745, 0.4118, 0.3804,  ..., 0.4314, 0.4039, 0.3922],
         [0.4157, 0.4353, 0.4039,  ..., 0.4510, 0.4157, 0.3961],
         [0.4078, 0.3765, 0.4039,  ..., 0.4078, 0.3725, 0.3961],
         ...,
         [0.3922, 0.3882, 0.3804,  ..., 0.4078, 0.3765, 0.3765],
         [0.4078, 0.3922, 0.4157,  ..., 0.4314, 0.4157, 0.3529],
         [0.3843, 0.4196, 0.3961,  ..., 0.4118, 0.4392, 0.4235]]])",0.32805532217025757,0.35522985
"tensor([[[0.4784, 0.4588, 0.3529,  ..., 0.4549, 0.4471, 0.4431],
         [0.3843, 0.4392, 0.3843,  ..., 0.4588, 0.4510, 0.4196],
         [0.3843, 0.3961, 0.3882,  ..., 0.4118, 0.4235, 0.3529],
         ...,
         [0.4078, 0.3882, 0.4235,  ..., 0.4471, 0.4157, 0.3961],
         [0.4235, 0.4078, 0.4196,  ..., 0.4157, 0.4118, 0.4235],
         [0.3765, 0.3882, 0.4157,  ..., 0.4196, 0.4157, 0.3882]]])",0.28747105598449707,0.3601178
"tensor([[[0.3137, 0.3216, 0.3020,  ..., 0.3294, 0.3216, 0.3843],
         [0.3176, 0.3137, 0.3255,  ..., 0.3529, 0.3804, 0.3647],
         [0.3294, 0.3098, 0.3020,  ..., 0.3412, 0.3412, 0.2784],
         ...,
         [0.3176, 0.3373, 0.3098,  ..., 0.3333, 0.3255, 0.3216],
         [0.3255, 0.3020, 0.3059,  ..., 0.3176, 0.3294, 0.3255],
         [0.3059, 0.3098, 0.2980,  ..., 0.3255, 0.3098, 0.3059]]])",0.36019444465637207,0.3956951
"tensor([[[0.3529, 0.3255, 0.3725,  ..., 0.3529, 0.3804, 0.3725],
         [0.3647, 0.3255, 0.3412,  ..., 0.3765, 0.3804, 0.3647],
         [0.3725, 0.3490, 0.3412,  ..., 0.3608, 0.3529, 0.3451],
         ...,
         [0.3451, 0.3529, 0.3490,  ..., 0.3451, 0.3451, 0.3608],
         [0.3333, 0.3647, 0.3490,  ..., 0.3412, 0.3412, 0.3294],
         [0.3647, 0.3373, 0.3412,  ..., 0.3608, 0.3608, 0.3490]]])",0.40744537115097046,0.46215957
"tensor([[[0.2980, 0.3020, 0.2588,  ..., 0.3216, 0.3216, 0.3412],
         [0.2980, 0.3059, 0.2941,  ..., 0.3216, 0.3098, 0.2745],
         [0.3059, 0.3059, 0.2980,  ..., 0.2980, 0.2941, 0.2902],
         ...,
         [0.3059, 0.2980, 0.3059,  ..., 0.2941, 0.2980, 0.3098],
         [0.2784, 0.2941, 0.3098,  ..., 0.2824, 0.2784, 0.2588],
         [0.3020, 0.2824, 0.2784,  ..., 0.2980, 0.3098, 0.2824]]])",0.3727966547012329,0.40266272
"tensor([[[0.4471, 0.4706, 0.4392,  ..., 0.4902, 0.4314, 0.4196],
         [0.4078, 0.4431, 0.4353,  ..., 0.4196, 0.4275, 0.4314],
         [0.4314, 0.4510, 0.5020,  ..., 0.4471, 0.4275, 0.4510],
         ...,
         [0.4235, 0.4549, 0.4745,  ..., 0.4235, 0.4392, 0.4157],
         [0.4235, 0.4157, 0.4078,  ..., 0.4471, 0.4392, 0.4314],
         [0.4118, 0.4275, 0.4549,  ..., 0.4353, 0.4667, 0.4157]]])",0.29656970500946045,0.3436402
"tensor([[[0.4118, 0.4000, 0.4157,  ..., 0.3647, 0.3961, 0.4314],
         [0.3608, 0.3765, 0.4078,  ..., 0.4196, 0.4275, 0.4392],
         [0.4000, 0.3843, 0.3843,  ..., 0.4000, 0.4235, 0.3843],
         ...,
         [0.3765, 0.3804, 0.3882,  ..., 0.3647, 0.3804, 0.3412],
         [0.3647, 0.3725, 0.3922,  ..., 0.4039, 0.4000, 0.3843],
         [0.3490, 0.3804, 0.4000,  ..., 0.3882, 0.3922, 0.4118]]])",0.35823437571525574,0.38425973
"tensor([[[0.3882, 0.4275, 0.4745,  ..., 0.4431, 0.4588, 0.4275],
         [0.4118, 0.3647, 0.4118,  ..., 0.4392, 0.4196, 0.4353],
         [0.4392, 0.4275, 0.3765,  ..., 0.4392, 0.4588, 0.4431],
         ...,
         [0.3765, 0.4039, 0.4039,  ..., 0.3882, 0.3765, 0.4039],
         [0.3804, 0.4039, 0.4078,  ..., 0.3843, 0.4039, 0.4157],
         [0.3686, 0.3882, 0.4000,  ..., 0.4431, 0.3882, 0.4118]]])",0.28299763798713684,0.34000075
"tensor([[[0.4667, 0.4588, 0.5098,  ..., 0.4431, 0.4980, 0.5216],
         [0.4784, 0.4549, 0.4627,  ..., 0.5137, 0.5176, 0.4627],
         [0.4941, 0.4824, 0.4471,  ..., 0.4980, 0.4667, 0.4510],
         ...,
         [0.4510, 0.4667, 0.4706,  ..., 0.4392, 0.4510, 0.4667],
         [0.4353, 0.4510, 0.4431,  ..., 0.4510, 0.4353, 0.4745],
         [0.4627, 0.4627, 0.4353,  ..., 0.4863, 0.4588, 0.4275]]])",0.3138880133628845,0.3516532
"tensor([[[0.3765, 0.3608, 0.3686,  ..., 0.3529, 0.4000, 0.3961],
         [0.3765, 0.3686, 0.3686,  ..., 0.3804, 0.4000, 0.3569],
         [0.4039, 0.3765, 0.3490,  ..., 0.3882, 0.3765, 0.3373],
         ...,
         [0.3529, 0.3608, 0.3569,  ..., 0.3647, 0.3569, 0.3647],
         [0.3686, 0.3569, 0.3490,  ..., 0.3490, 0.3569, 0.3686],
         [0.3294, 0.3490, 0.3529,  ..., 0.3725, 0.3686, 0.3804]]])",0.30794697999954224,0.36252052
"tensor([[[0.4902, 0.5059, 0.4824,  ..., 0.5176, 0.4980, 0.5098],
         [0.4980, 0.4863, 0.4902,  ..., 0.5098, 0.5020, 0.5137],
         [0.4902, 0.5020, 0.4784,  ..., 0.4706, 0.4941, 0.4941],
         ...,
         [0.4588, 0.4431, 0.4353,  ..., 0.5020, 0.4745, 0.4824],
         [0.4392, 0.4745, 0.5020,  ..., 0.4863, 0.4902, 0.4941],
         [0.4980, 0.5059, 0.5020,  ..., 0.4980, 0.5059, 0.5137]]])",0.46814244985580444,0.5847119
"tensor([[[0.4510, 0.4431, 0.4588,  ..., 0.4157, 0.4157, 0.4784],
         [0.4314, 0.4392, 0.4392,  ..., 0.4275, 0.4510, 0.4706],
         [0.4314, 0.4431, 0.4314,  ..., 0.4431, 0.4549, 0.4588],
         ...,
         [0.4235, 0.4118, 0.4039,  ..., 0.4157, 0.4392, 0.4431],
         [0.3882, 0.4000, 0.4510,  ..., 0.4314, 0.4314, 0.4471],
         [0.4078, 0.4980, 0.4863,  ..., 0.4471, 0.4431, 0.4471]]])",0.2636066675186157,0.33393037
"tensor([[[0.2863, 0.2824, 0.2863,  ..., 0.2667, 0.2784, 0.2784],
         [0.2863, 0.2980, 0.2745,  ..., 0.2824, 0.2863, 0.2863],
         [0.2902, 0.2745, 0.3098,  ..., 0.2784, 0.2902, 0.3059],
         ...,
         [0.2784, 0.2667, 0.2667,  ..., 0.2863, 0.2863, 0.2902],
         [0.2549, 0.3020, 0.2980,  ..., 0.2745, 0.2980, 0.2863],
         [0.3098, 0.2745, 0.2627,  ..., 0.3020, 0.2745, 0.2980]]])",0.4004305899143219,0.40142244
"tensor([[[0.3333, 0.3412, 0.3098,  ..., 0.3333, 0.3333, 0.3137],
         [0.3373, 0.3333, 0.3333,  ..., 0.3294, 0.3216, 0.3137],
         [0.3294, 0.3412, 0.3412,  ..., 0.3255, 0.3098, 0.3373],
         ...,
         [0.3333, 0.3216, 0.3255,  ..., 0.3255, 0.3451, 0.3412],
         [0.3216, 0.3373, 0.3333,  ..., 0.3412, 0.3333, 0.3451],
         [0.3451, 0.3020, 0.3098,  ..., 0.3216, 0.3294, 0.3373]]])",0.3698645532131195,0.38490757
"tensor([[[0.3765, 0.3569, 0.3804,  ..., 0.3882, 0.3647, 0.3647],
         [0.3765, 0.3569, 0.3647,  ..., 0.3804, 0.3647, 0.3804],
         [0.3725, 0.3686, 0.3647,  ..., 0.3529, 0.3569, 0.3686],
         ...,
         [0.3647, 0.3569, 0.3804,  ..., 0.3882, 0.3843, 0.3608],
         [0.3490, 0.3608, 0.3569,  ..., 0.3843, 0.3922, 0.3765],
         [0.3529, 0.3451, 0.4039,  ..., 0.3843, 0.3882, 0.3922]]])",0.3905196487903595,0.40211302
"tensor([[[0.3843, 0.3804, 0.4196,  ..., 0.4000, 0.4118, 0.3882],
         [0.4157, 0.3608, 0.3804,  ..., 0.4196, 0.3961, 0.4157],
         [0.4275, 0.4000, 0.3529,  ..., 0.3882, 0.4000, 0.4000],
         ...,
         [0.3843, 0.3804, 0.4118,  ..., 0.4000, 0.4000, 0.4039],
         [0.3882, 0.3882, 0.3725,  ..., 0.4353, 0.4235, 0.4039],
         [0.3373, 0.3765, 0.4627,  ..., 0.4196, 0.4196, 0.4235]]])",0.3722858428955078,0.37953836
"tensor([[[0.4196, 0.4314, 0.4431,  ..., 0.4275, 0.4235, 0.4157],
         [0.4275, 0.4314, 0.4235,  ..., 0.4235, 0.4118, 0.4157],
         [0.4039, 0.4196, 0.4275,  ..., 0.4118, 0.4118, 0.4000],
         ...,
         [0.4196, 0.4627, 0.4353,  ..., 0.4353, 0.4431, 0.4471],
         [0.4431, 0.4353, 0.4118,  ..., 0.4431, 0.4392, 0.4392],
         [0.4039, 0.4078, 0.4157,  ..., 0.4039, 0.4392, 0.4196]]])",0.35284343361854553,0.38940117
"tensor([[[0.4314, 0.4353, 0.4157,  ..., 0.4353, 0.4314, 0.4588],
         [0.4275, 0.4549, 0.4431,  ..., 0.4118, 0.4353, 0.3725],
         [0.4157, 0.4039, 0.4471,  ..., 0.4353, 0.3804, 0.4235],
         ...,
         [0.4157, 0.4863, 0.4000,  ..., 0.4196, 0.4118, 0.4000],
         [0.4863, 0.4353, 0.4157,  ..., 0.4314, 0.4157, 0.4275],
         [0.4588, 0.4039, 0.4471,  ..., 0.4235, 0.3961, 0.3882]]])",0.2859855592250824,0.33994803
"tensor([[[0.4196, 0.3961, 0.3843,  ..., 0.3843, 0.3804, 0.3647],
         [0.4118, 0.4196, 0.4118,  ..., 0.3882, 0.4118, 0.4039],
         [0.3882, 0.3922, 0.4078,  ..., 0.4235, 0.4039, 0.3765],
         ...,
         [0.3922, 0.4078, 0.3882,  ..., 0.3647, 0.3765, 0.3804],
         [0.4000, 0.4000, 0.3647,  ..., 0.3961, 0.3725, 0.3647],
         [0.3961, 0.3725, 0.3765,  ..., 0.4157, 0.3843, 0.3647]]])",0.31500357389450073,0.35437688
"tensor([[[0.4353, 0.4196, 0.4078,  ..., 0.4510, 0.4314, 0.3922],
         [0.4118, 0.4471, 0.4118,  ..., 0.4314, 0.4000, 0.4118],
         [0.4118, 0.4353, 0.4118,  ..., 0.4196, 0.4118, 0.3961],
         ...,
         [0.4235, 0.3804, 0.4078,  ..., 0.4000, 0.4078, 0.4235],
         [0.4118, 0.4039, 0.4118,  ..., 0.4078, 0.3922, 0.4196],
         [0.4157, 0.4078, 0.4078,  ..., 0.4627, 0.4157, 0.3961]]])",0.2822664976119995,0.33838323
"tensor([[[0.4549, 0.4431, 0.4235,  ..., 0.3765, 0.4314, 0.3843],
         [0.4157, 0.4510, 0.4314,  ..., 0.4275, 0.4275, 0.4196],
         [0.4275, 0.4471, 0.4157,  ..., 0.4039, 0.3961, 0.4039],
         ...,
         [0.4314, 0.4314, 0.4000,  ..., 0.4275, 0.3843, 0.4118],
         [0.4510, 0.3961, 0.4275,  ..., 0.4431, 0.4196, 0.4078],
         [0.4235, 0.3961, 0.4314,  ..., 0.4039, 0.4353, 0.4275]]])",0.3203869163990021,0.35123092
"tensor([[[0.3882, 0.3804, 0.3843,  ..., 0.3882, 0.3765, 0.3725],
         [0.3961, 0.3882, 0.3843,  ..., 0.3647, 0.3608, 0.3804],
         [0.3804, 0.3725, 0.3765,  ..., 0.3843, 0.3961, 0.3725],
         ...,
         [0.3608, 0.3882, 0.3765,  ..., 0.3490, 0.3882, 0.3882],
         [0.3765, 0.3608, 0.3725,  ..., 0.3961, 0.3647, 0.3882],
         [0.3569, 0.3529, 0.3882,  ..., 0.3922, 0.3765, 0.3686]]])",0.41066405177116394,0.41714445
"tensor([[[0.4235, 0.4314, 0.4157,  ..., 0.3922, 0.4353, 0.4627],
         [0.4353, 0.4431, 0.4235,  ..., 0.4314, 0.4471, 0.4118],
         [0.4275, 0.4235, 0.4157,  ..., 0.4196, 0.4000, 0.4039],
         ...,
         [0.4157, 0.4275, 0.4157,  ..., 0.4235, 0.4275, 0.4392],
         [0.4078, 0.4078, 0.4314,  ..., 0.4275, 0.4157, 0.4471],
         [0.4039, 0.4078, 0.4510,  ..., 0.4431, 0.4118, 0.4235]]])",0.35844293236732483,0.37623233
"tensor([[[0.4353, 0.4275, 0.4353,  ..., 0.3843, 0.4431, 0.4549],
         [0.4510, 0.4588, 0.4392,  ..., 0.4588, 0.4353, 0.4078],
         [0.4196, 0.4510, 0.4471,  ..., 0.4235, 0.4157, 0.4314],
         ...,
         [0.4314, 0.4039, 0.4314,  ..., 0.4471, 0.4392, 0.4588],
         [0.4431, 0.4275, 0.4275,  ..., 0.4706, 0.4667, 0.4510],
         [0.4431, 0.4000, 0.4392,  ..., 0.4196, 0.4784, 0.4863]]])",0.28855183720588684,0.33532703
"tensor([[[0.4078, 0.3765, 0.3804,  ..., 0.3843, 0.4157, 0.3882],
         [0.4275, 0.3843, 0.4000,  ..., 0.4078, 0.4039, 0.3961],
         [0.4118, 0.4196, 0.4039,  ..., 0.4078, 0.3804, 0.3922],
         ...,
         [0.4039, 0.3882, 0.3882,  ..., 0.3882, 0.4039, 0.4118],
         [0.3843, 0.3725, 0.3961,  ..., 0.4157, 0.3961, 0.4235],
         [0.3804, 0.3882, 0.3961,  ..., 0.4157, 0.4118, 0.4078]]])",0.41771581768989563,0.4141107
"tensor([[[0.3725, 0.3804, 0.4118,  ..., 0.3961, 0.3882, 0.3686],
         [0.3961, 0.3686, 0.3882,  ..., 0.4000, 0.3804, 0.3882],
         [0.3882, 0.3725, 0.3765,  ..., 0.3882, 0.3725, 0.3451],
         ...,
         [0.3529, 0.3333, 0.3647,  ..., 0.3843, 0.3882, 0.3608],
         [0.3569, 0.3725, 0.3765,  ..., 0.3804, 0.3882, 0.3647],
         [0.3529, 0.3490, 0.3569,  ..., 0.3373, 0.3804, 0.3647]]])",0.33852681517601013,0.34216926
"tensor([[[0.3647, 0.3255, 0.3412,  ..., 0.3569, 0.3412, 0.3412],
         [0.3725, 0.3647, 0.3412,  ..., 0.3333, 0.3255, 0.3608],
         [0.3412, 0.3608, 0.3373,  ..., 0.3373, 0.3569, 0.3490],
         ...,
         [0.3373, 0.3255, 0.3176,  ..., 0.3412, 0.3451, 0.3373],
         [0.3412, 0.3451, 0.3373,  ..., 0.3294, 0.3255, 0.3294],
         [0.3373, 0.3020, 0.3137,  ..., 0.3451, 0.3373, 0.3137]]])",0.372210830450058,0.37715983
"tensor([[[0.4471, 0.4588, 0.4235,  ..., 0.4392, 0.4471, 0.4667],
         [0.4980, 0.4706, 0.4235,  ..., 0.4275, 0.4392, 0.4392],
         [0.4627, 0.4902, 0.4863,  ..., 0.4275, 0.4510, 0.4745],
         ...,
         [0.4392, 0.4196, 0.4235,  ..., 0.4392, 0.4588, 0.4510],
         [0.4549, 0.4431, 0.4588,  ..., 0.4431, 0.4275, 0.4784],
         [0.4235, 0.4118, 0.4471,  ..., 0.4745, 0.4431, 0.4235]]])",0.2913980185985565,0.34239495
"tensor([[[0.3686, 0.3804, 0.3529,  ..., 0.3608, 0.3647, 0.3608],
         [0.3725, 0.3647, 0.3529,  ..., 0.3686, 0.3686, 0.3569],
         [0.3882, 0.3765, 0.3765,  ..., 0.3922, 0.3569, 0.4000],
         ...,
         [0.3765, 0.3647, 0.3569,  ..., 0.3686, 0.3765, 0.3804],
         [0.3608, 0.3647, 0.3647,  ..., 0.3725, 0.3647, 0.3647],
         [0.3569, 0.3490, 0.3725,  ..., 0.3608, 0.3490, 0.3843]]])",0.35623157024383545,0.4425023
"tensor([[[0.2706, 0.2902, 0.2863,  ..., 0.3020, 0.2902, 0.2706],
         [0.2706, 0.2745, 0.2745,  ..., 0.2902, 0.2941, 0.2941],
         [0.2824, 0.2667, 0.2784,  ..., 0.3216, 0.2980, 0.3098],
         ...,
         [0.2863, 0.2745, 0.2706,  ..., 0.2667, 0.2706, 0.3098],
         [0.2980, 0.2824, 0.3020,  ..., 0.2980, 0.2745, 0.2510],
         [0.2824, 0.2784, 0.2863,  ..., 0.2627, 0.3020, 0.2824]]])",0.42124560475349426,0.4240365
"tensor([[[0.4039, 0.3922, 0.3804,  ..., 0.4275, 0.3765, 0.3843],
         [0.4196, 0.3922, 0.3804,  ..., 0.3922, 0.3804, 0.4039],
         [0.4314, 0.4118, 0.3961,  ..., 0.4000, 0.4039, 0.4157],
         ...,
         [0.3569, 0.3765, 0.4078,  ..., 0.4000, 0.3961, 0.4039],
         [0.3882, 0.4000, 0.4078,  ..., 0.3961, 0.3843, 0.3961],
         [0.4078, 0.4078, 0.4118,  ..., 0.3529, 0.3569, 0.3451]]])",0.34723106026649475,0.37154806
"tensor([[[0.6275, 0.5922, 0.6196,  ..., 0.6157, 0.6235, 0.6353],
         [0.6510, 0.6157, 0.6078,  ..., 0.6353, 0.6392, 0.6078],
         [0.6510, 0.6549, 0.6118,  ..., 0.6275, 0.6000, 0.5922],
         ...,
         [0.5804, 0.6078, 0.6039,  ..., 0.6196, 0.6275, 0.6275],
         [0.6196, 0.6000, 0.6235,  ..., 0.6314, 0.6314, 0.6275],
         [0.6196, 0.6235, 0.6235,  ..., 0.5961, 0.5961, 0.6039]]])",0.4676640033721924,0.46064046
"tensor([[[0.4471, 0.4431, 0.4235,  ..., 0.4118, 0.4118, 0.4353],
         [0.4667, 0.4824, 0.4196,  ..., 0.4118, 0.4196, 0.4235],
         [0.3882, 0.4941, 0.4588,  ..., 0.4000, 0.4196, 0.3961],
         ...,
         [0.3490, 0.3804, 0.3961,  ..., 0.4431, 0.4549, 0.4196],
         [0.4314, 0.4627, 0.4510,  ..., 0.4157, 0.4431, 0.4824],
         [0.4275, 0.4196, 0.4471,  ..., 0.3451, 0.3608, 0.4118]]])",0.2810154855251312,0.33622703
"tensor([[[0.4588, 0.4314, 0.3882,  ..., 0.3882, 0.4549, 0.4275],
         [0.4235, 0.4431, 0.4275,  ..., 0.4314, 0.4078, 0.4196],
         [0.4235, 0.4235, 0.4235,  ..., 0.4039, 0.4000, 0.4471],
         ...,
         [0.4235, 0.4275, 0.4353,  ..., 0.4471, 0.4078, 0.4039],
         [0.4157, 0.4510, 0.4039,  ..., 0.4353, 0.4314, 0.3961],
         [0.4941, 0.4353, 0.3961,  ..., 0.4000, 0.4118, 0.4314]]])",0.27831655740737915,0.34647155
"tensor([[[0.2863, 0.2745, 0.2863,  ..., 0.2863, 0.2824, 0.2824],
         [0.3020, 0.2902, 0.2863,  ..., 0.2824, 0.2824, 0.2980],
         [0.2745, 0.2902, 0.2902,  ..., 0.2824, 0.2980, 0.2902],
         ...,
         [0.2980, 0.2863, 0.2863,  ..., 0.2824, 0.2902, 0.2941],
         [0.2980, 0.2902, 0.3020,  ..., 0.2863, 0.2784, 0.2941],
         [0.3020, 0.3098, 0.3255,  ..., 0.2745, 0.2784, 0.2784]]])",0.5987030863761902,0.6128794
"tensor([[[0.3216, 0.3608, 0.3490,  ..., 0.3294, 0.3451, 0.3373],
         [0.2980, 0.3373, 0.3843,  ..., 0.3333, 0.3412, 0.3373],
         [0.3216, 0.3098, 0.3569,  ..., 0.3490, 0.3451, 0.3765],
         ...,
         [0.3412, 0.3412, 0.3725,  ..., 0.3490, 0.3137, 0.3451],
         [0.3686, 0.3882, 0.3804,  ..., 0.3451, 0.3333, 0.3216],
         [0.4000, 0.3882, 0.3451,  ..., 0.3373, 0.3294, 0.3373]]])",0.4722922444343567,0.47068387
"tensor([[[0.2588, 0.3333, 0.3765,  ..., 0.3176, 0.3294, 0.3294],
         [0.2863, 0.2902, 0.3882,  ..., 0.3255, 0.3373, 0.3765],
         [0.3020, 0.2627, 0.3647,  ..., 0.3451, 0.3529, 0.3529],
         ...,
         [0.3098, 0.3608, 0.3922,  ..., 0.2980, 0.3373, 0.3137],
         [0.3922, 0.4039, 0.3686,  ..., 0.3098, 0.3020, 0.3294],
         [0.3843, 0.3490, 0.3804,  ..., 0.3725, 0.3098, 0.3255]]])",0.38045406341552734,0.3763092
"tensor([[[0.3216, 0.3608, 0.3686,  ..., 0.3333, 0.3529, 0.3255],
         [0.3294, 0.3765, 0.4118,  ..., 0.3373, 0.3333, 0.3255],
         [0.3255, 0.3412, 0.4000,  ..., 0.3333, 0.3451, 0.3490],
         ...,
         [0.3608, 0.3843, 0.4157,  ..., 0.3137, 0.3686, 0.3725],
         [0.4000, 0.4275, 0.4078,  ..., 0.3294, 0.3216, 0.3961],
         [0.4235, 0.3922, 0.3412,  ..., 0.3725, 0.3216, 0.3412]]])",0.3781527578830719,0.375186
"tensor([[[0.3451, 0.3294, 0.3098,  ..., 0.3412, 0.3608, 0.3490],
         [0.3216, 0.3529, 0.3333,  ..., 0.3569, 0.3333, 0.3255],
         [0.3333, 0.3255, 0.3490,  ..., 0.3647, 0.3373, 0.3333],
         ...,
         [0.3020, 0.3294, 0.3529,  ..., 0.3294, 0.3725, 0.3412],
         [0.3451, 0.3647, 0.4039,  ..., 0.3137, 0.3490, 0.3451],
         [0.3765, 0.3961, 0.3529,  ..., 0.3137, 0.3216, 0.3569]]])",0.3779738247394562,0.4215448
"tensor([[[0.3451, 0.4392, 0.3725,  ..., 0.3608, 0.3843, 0.4275],
         [0.3843, 0.3961, 0.4549,  ..., 0.3765, 0.4039, 0.4039],
         [0.4235, 0.3882, 0.4275,  ..., 0.3686, 0.4078, 0.4510],
         ...,
         [0.4157, 0.4314, 0.4353,  ..., 0.4196, 0.4000, 0.4039],
         [0.4000, 0.4039, 0.4275,  ..., 0.4000, 0.4314, 0.3882],
         [0.4431, 0.4588, 0.4314,  ..., 0.3686, 0.3922, 0.3882]]])",0.28302663564682007,0.34778914
"tensor([[[0.3725, 0.3725, 0.4157,  ..., 0.3647, 0.3608, 0.3529],
         [0.3608, 0.3804, 0.3765,  ..., 0.3333, 0.3647, 0.4000],
         [0.3255, 0.3765, 0.3647,  ..., 0.3647, 0.3961, 0.4078],
         ...,
         [0.3804, 0.4314, 0.4196,  ..., 0.3725, 0.3843, 0.3412],
         [0.4196, 0.4118, 0.4118,  ..., 0.3843, 0.3451, 0.3882],
         [0.3922, 0.4157, 0.3765,  ..., 0.4157, 0.3490, 0.3647]]])",0.300633043050766,0.3396651
"tensor([[[0.4118, 0.4431, 0.4392,  ..., 0.4314, 0.4314, 0.4902],
         [0.4588, 0.4392, 0.4235,  ..., 0.4000, 0.4549, 0.4824],
         [0.3922, 0.4392, 0.4314,  ..., 0.4353, 0.4510, 0.4392],
         ...,
         [0.4431, 0.4745, 0.4510,  ..., 0.4157, 0.4627, 0.4627],
         [0.4667, 0.4745, 0.4353,  ..., 0.4353, 0.4039, 0.4510],
         [0.4275, 0.4157, 0.4314,  ..., 0.4314, 0.4353, 0.4078]]])",0.29938870668411255,0.34565896
"tensor([[[0.4863, 0.4863, 0.4902,  ..., 0.4706, 0.4314, 0.3686],
         [0.4431, 0.4431, 0.4941,  ..., 0.4314, 0.3529, 0.4275],
         [0.4078, 0.4078, 0.4157,  ..., 0.4039, 0.4196, 0.4471],
         ...,
         [0.4118, 0.4353, 0.4471,  ..., 0.3804, 0.3843, 0.4039],
         [0.4157, 0.4706, 0.4078,  ..., 0.3686, 0.4078, 0.4000],
         [0.3725, 0.4196, 0.3765,  ..., 0.4196, 0.3961, 0.4078]]])",0.30277782678604126,0.33920485
"tensor([[[0.4824, 0.5294, 0.4902,  ..., 0.4706, 0.4667, 0.4157],
         [0.4824, 0.4824, 0.4902,  ..., 0.4431, 0.4157, 0.4549],
         [0.4510, 0.4314, 0.4941,  ..., 0.4353, 0.4784, 0.5255],
         ...,
         [0.5137, 0.4863, 0.4196,  ..., 0.4157, 0.4392, 0.4353],
         [0.4353, 0.4353, 0.4745,  ..., 0.4824, 0.4392, 0.4314],
         [0.4588, 0.4667, 0.4824,  ..., 0.5059, 0.5294, 0.4863]]])",0.2900209128856659,0.33834815
"tensor([[[0.2667, 0.2863, 0.2706,  ..., 0.2863, 0.2588, 0.2667],
         [0.2980, 0.2667, 0.2824,  ..., 0.2667, 0.2667, 0.2784],
         [0.3059, 0.2588, 0.2784,  ..., 0.2784, 0.2863, 0.2824],
         ...,
         [0.2627, 0.2863, 0.2549,  ..., 0.2706, 0.2784, 0.2706],
         [0.2667, 0.2941, 0.2784,  ..., 0.2667, 0.2863, 0.2706],
         [0.3020, 0.2784, 0.2745,  ..., 0.2784, 0.2706, 0.2863]]])",0.5603490471839905,0.53227806
"tensor([[[0.3373, 0.3490, 0.3843,  ..., 0.3294, 0.3216, 0.3529],
         [0.3686, 0.3608, 0.3529,  ..., 0.3216, 0.3725, 0.3608],
         [0.3882, 0.3647, 0.3333,  ..., 0.3882, 0.3725, 0.3686],
         ...,
         [0.3529, 0.3804, 0.3294,  ..., 0.3373, 0.3647, 0.3647],
         [0.3961, 0.3529, 0.3961,  ..., 0.3451, 0.3412, 0.3608],
         [0.4000, 0.3490, 0.3804,  ..., 0.3804, 0.3412, 0.3569]]])",0.34500616788864136,0.36708507
"tensor([[[0.4392, 0.4078, 0.4314,  ..., 0.4353, 0.4314, 0.3647],
         [0.4314, 0.4353, 0.3961,  ..., 0.4314, 0.3804, 0.4039],
         [0.4275, 0.4471, 0.4078,  ..., 0.3882, 0.4196, 0.4471],
         ...,
         [0.4275, 0.4314, 0.4549,  ..., 0.4275, 0.4039, 0.4275],
         [0.4392, 0.4314, 0.4667,  ..., 0.4314, 0.3961, 0.4118],
         [0.4196, 0.4275, 0.4588,  ..., 0.4510, 0.4000, 0.3725]]])",0.3811607360839844,0.37937725
"tensor([[[0.4078, 0.3765, 0.4000,  ..., 0.4471, 0.3843, 0.3569],
         [0.3843, 0.3804, 0.3804,  ..., 0.4118, 0.3647, 0.3608],
         [0.3843, 0.4039, 0.3804,  ..., 0.3725, 0.3765, 0.3725],
         ...,
         [0.3922, 0.3765, 0.4039,  ..., 0.4157, 0.3843, 0.3647],
         [0.3765, 0.3922, 0.4118,  ..., 0.3608, 0.4353, 0.3451],
         [0.3804, 0.4078, 0.4078,  ..., 0.3412, 0.4314, 0.3725]]])",0.3678498864173889,0.39013672
"tensor([[[0.4706, 0.4824, 0.4745,  ..., 0.4784, 0.4980, 0.4431],
         [0.4706, 0.4667, 0.4941,  ..., 0.4941, 0.4588, 0.4863],
         [0.4510, 0.4745, 0.4863,  ..., 0.4980, 0.4549, 0.4902],
         ...,
         [0.4392, 0.4863, 0.5216,  ..., 0.4588, 0.5137, 0.4510],
         [0.5176, 0.4980, 0.4745,  ..., 0.4588, 0.4902, 0.4667],
         [0.4745, 0.4549, 0.5294,  ..., 0.4549, 0.4784, 0.5176]]])",0.34213876724243164,0.3752681
"tensor([[[0.4627, 0.4667, 0.4549,  ..., 0.4431, 0.4667, 0.4784],
         [0.4745, 0.4745, 0.4784,  ..., 0.4706, 0.4863, 0.4784],
         [0.4510, 0.4706, 0.4824,  ..., 0.4667, 0.4745, 0.4902],
         ...,
         [0.4706, 0.4706, 0.4824,  ..., 0.4706, 0.4471, 0.4431],
         [0.4745, 0.4784, 0.4824,  ..., 0.4627, 0.4667, 0.4314],
         [0.4980, 0.4824, 0.4824,  ..., 0.4745, 0.4824, 0.4510]]])",0.38951870799064636,0.3895408
"tensor([[[0.3020, 0.3255, 0.3059,  ..., 0.2627, 0.3098, 0.3059],
         [0.3176, 0.3059, 0.3098,  ..., 0.3020, 0.3373, 0.3216],
         [0.3098, 0.3059, 0.3216,  ..., 0.3176, 0.3412, 0.3255],
         ...,
         [0.3137, 0.3333, 0.3294,  ..., 0.2980, 0.3020, 0.3255],
         [0.3490, 0.3176, 0.2980,  ..., 0.3373, 0.2980, 0.2941],
         [0.3176, 0.2667, 0.2745,  ..., 0.3333, 0.3373, 0.2980]]])",0.3812478482723236,0.3793028
"tensor([[[0.4157, 0.4118, 0.4196,  ..., 0.4196, 0.3725, 0.3765],
         [0.3647, 0.4039, 0.4196,  ..., 0.4471, 0.4039, 0.4471],
         [0.4157, 0.4000, 0.4078,  ..., 0.4235, 0.3961, 0.4078],
         ...,
         [0.4314, 0.4157, 0.4353,  ..., 0.4157, 0.4275, 0.4118],
         [0.4392, 0.4196, 0.4078,  ..., 0.4431, 0.4235, 0.4078],
         [0.3647, 0.3961, 0.3373,  ..., 0.4235, 0.4588, 0.3922]]])",0.269369512796402,0.33358824
"tensor([[[0.4980, 0.4980, 0.4667,  ..., 0.5294, 0.4863, 0.4824],
         [0.4588, 0.5020, 0.4784,  ..., 0.4941, 0.4980, 0.4902],
         [0.4667, 0.4667, 0.4941,  ..., 0.5059, 0.4941, 0.4784],
         ...,
         [0.5294, 0.4510, 0.4627,  ..., 0.5412, 0.4824, 0.5020],
         [0.4392, 0.4784, 0.5255,  ..., 0.5373, 0.5059, 0.4980],
         [0.4902, 0.5098, 0.4588,  ..., 0.5176, 0.4902, 0.4863]]])",0.32735422253608704,0.35384494
"tensor([[[0.3961, 0.3804, 0.4000,  ..., 0.4275, 0.4431, 0.4039],
         [0.4235, 0.4039, 0.3961,  ..., 0.4196, 0.4431, 0.4275],
         [0.3922, 0.4039, 0.3882,  ..., 0.4510, 0.4627, 0.3804],
         ...,
         [0.4078, 0.4039, 0.4118,  ..., 0.4627, 0.4353, 0.4118],
         [0.3882, 0.4196, 0.4353,  ..., 0.4314, 0.4431, 0.4118],
         [0.4196, 0.4353, 0.4078,  ..., 0.4157, 0.4157, 0.4157]]])",0.30061593651771545,0.35544023
"tensor([[[0.3725, 0.3725, 0.4588,  ..., 0.3765, 0.4157, 0.3882],
         [0.4118, 0.3725, 0.3843,  ..., 0.3843, 0.4314, 0.4275],
         [0.4196, 0.4118, 0.4039,  ..., 0.4471, 0.4510, 0.4275],
         ...,
         [0.3882, 0.4039, 0.4196,  ..., 0.4235, 0.4157, 0.3765],
         [0.3961, 0.4235, 0.4314,  ..., 0.4314, 0.4549, 0.4314],
         [0.4235, 0.4510, 0.4000,  ..., 0.4314, 0.4235, 0.4510]]])",0.3288056552410126,0.36210075
"tensor([[[0.4392, 0.4706, 0.4784,  ..., 0.4314, 0.4510, 0.4745],
         [0.4549, 0.4667, 0.4863,  ..., 0.4588, 0.4627, 0.4627],
         [0.4784, 0.4471, 0.4863,  ..., 0.4510, 0.4941, 0.5176],
         ...,
         [0.4667, 0.4627, 0.4863,  ..., 0.5059, 0.4784, 0.4588],
         [0.4667, 0.4667, 0.4824,  ..., 0.5137, 0.4824, 0.4980],
         [0.4549, 0.4706, 0.4902,  ..., 0.5176, 0.4784, 0.4824]]])",0.29742631316185,0.33777645
"tensor([[[0.4118, 0.4353, 0.4235,  ..., 0.4235, 0.3922, 0.3961],
         [0.4196, 0.4196, 0.4353,  ..., 0.3961, 0.4078, 0.4196],
         [0.4000, 0.4078, 0.4118,  ..., 0.4000, 0.4235, 0.4431],
         ...,
         [0.3882, 0.4353, 0.4392,  ..., 0.4353, 0.4275, 0.4314],
         [0.4118, 0.4588, 0.4118,  ..., 0.4353, 0.4275, 0.4235],
         [0.4471, 0.4314, 0.3961,  ..., 0.4431, 0.4392, 0.4275]]])",0.34658852219581604,0.38044167
"tensor([[[0.4039, 0.4118, 0.4078,  ..., 0.3961, 0.4000, 0.4000],
         [0.4078, 0.4118, 0.4118,  ..., 0.4000, 0.4039, 0.4000],
         [0.4000, 0.4118, 0.4157,  ..., 0.3961, 0.3922, 0.3882],
         ...,
         [0.4196, 0.4118, 0.3922,  ..., 0.4000, 0.4000, 0.4039],
         [0.3922, 0.3961, 0.4039,  ..., 0.4078, 0.4078, 0.4078],
         [0.3961, 0.4000, 0.4078,  ..., 0.4000, 0.4000, 0.4078]]])",0.576472282409668,0.5434845
"tensor([[[0.4667, 0.4431, 0.4314,  ..., 0.4353, 0.4549, 0.4471],
         [0.4392, 0.4588, 0.4431,  ..., 0.4353, 0.4235, 0.4275],
         [0.4275, 0.4431, 0.4627,  ..., 0.4078, 0.4353, 0.4392],
         ...,
         [0.4314, 0.4392, 0.4706,  ..., 0.4353, 0.4392, 0.4627],
         [0.4471, 0.4745, 0.4235,  ..., 0.4588, 0.4314, 0.4314],
         [0.4745, 0.4196, 0.4196,  ..., 0.4353, 0.4706, 0.4471]]])",0.3528634011745453,0.4092337
"tensor([[[0.3804, 0.3451, 0.3686,  ..., 0.3804, 0.3451, 0.3725],
         [0.3765, 0.3686, 0.3451,  ..., 0.3490, 0.3608, 0.3686],
         [0.3725, 0.3765, 0.3569,  ..., 0.3451, 0.3529, 0.3608],
         ...,
         [0.3373, 0.3922, 0.4000,  ..., 0.3529, 0.3608, 0.3608],
         [0.4000, 0.3961, 0.3569,  ..., 0.3765, 0.3608, 0.3765],
         [0.3647, 0.3608, 0.3529,  ..., 0.3882, 0.3569, 0.3686]]])",0.36034274101257324,0.40506077
"tensor([[[0.4392, 0.4118, 0.4000,  ..., 0.4275, 0.4235, 0.4471],
         [0.4275, 0.4275, 0.4157,  ..., 0.4196, 0.4431, 0.4235],
         [0.4118, 0.4235, 0.4235,  ..., 0.4275, 0.4196, 0.3961],
         ...,
         [0.4667, 0.4314, 0.4314,  ..., 0.4431, 0.3961, 0.4510],
         [0.4118, 0.4431, 0.4275,  ..., 0.3882, 0.4275, 0.4196],
         [0.4353, 0.4157, 0.3922,  ..., 0.4353, 0.4000, 0.4039]]])",0.3112814128398895,0.42832148
"tensor([[[0.3608, 0.3412, 0.3412,  ..., 0.3608, 0.3686, 0.3608],
         [0.3490, 0.3569, 0.3412,  ..., 0.3569, 0.3686, 0.3451],
         [0.3333, 0.3529, 0.3569,  ..., 0.3608, 0.3490, 0.3176],
         ...,
         [0.3333, 0.3451, 0.3451,  ..., 0.3451, 0.3373, 0.3529],
         [0.3490, 0.3647, 0.3647,  ..., 0.3333, 0.3373, 0.3451],
         [0.3804, 0.3373, 0.3294,  ..., 0.3451, 0.3451, 0.3216]]])",0.43872517347335815,0.44617712
"tensor([[[0.3765, 0.3843, 0.3922,  ..., 0.4039, 0.4118, 0.4000],
         [0.3765, 0.3725, 0.3765,  ..., 0.4078, 0.3882, 0.3725],
         [0.3725, 0.3765, 0.3725,  ..., 0.3804, 0.3725, 0.3569],
         ...,
         [0.3765, 0.3490, 0.3608,  ..., 0.3843, 0.3569, 0.3647],
         [0.3569, 0.3765, 0.3961,  ..., 0.3686, 0.3843, 0.3569],
         [0.3804, 0.3686, 0.3804,  ..., 0.3843, 0.3647, 0.3804]]])",0.5089975595474243,0.49471304
"tensor([[[0.4510, 0.4549, 0.4392,  ..., 0.4667, 0.4627, 0.5216],
         [0.4588, 0.4627, 0.4431,  ..., 0.4863, 0.5098, 0.4510],
         [0.4196, 0.4353, 0.4627,  ..., 0.4863, 0.4275, 0.3843],
         ...,
         [0.4314, 0.4235, 0.4000,  ..., 0.4353, 0.4118, 0.4157],
         [0.4314, 0.4000, 0.4235,  ..., 0.4784, 0.4039, 0.4118],
         [0.4078, 0.4314, 0.4706,  ..., 0.4392, 0.4784, 0.3804]]])",0.3322984576225281,0.36524272
"tensor([[[0.5137, 0.4980, 0.4941,  ..., 0.4392, 0.4275, 0.4392],
         [0.5216, 0.4980, 0.5216,  ..., 0.4353, 0.4745, 0.4745],
         [0.5333, 0.5373, 0.5098,  ..., 0.4588, 0.4431, 0.4549],
         ...,
         [0.4392, 0.4745, 0.4314,  ..., 0.4980, 0.4784, 0.5059],
         [0.5137, 0.4706, 0.4549,  ..., 0.4941, 0.5176, 0.5098],
         [0.5020, 0.4431, 0.4745,  ..., 0.5098, 0.4941, 0.5098]]])",0.28866517543792725,0.33598363
"tensor([[[0.4549, 0.4314, 0.4706,  ..., 0.4549, 0.4549, 0.4824],
         [0.4863, 0.4510, 0.4471,  ..., 0.4627, 0.4902, 0.4471],
         [0.4902, 0.4863, 0.4549,  ..., 0.4667, 0.4431, 0.4588],
         ...,
         [0.4431, 0.4549, 0.4471,  ..., 0.4745, 0.4667, 0.4941],
         [0.4549, 0.4549, 0.4824,  ..., 0.4902, 0.4706, 0.4824],
         [0.4314, 0.4745, 0.4863,  ..., 0.4627, 0.4588, 0.4627]]])",0.33574408292770386,0.3615108
"tensor([[[0.3529, 0.3333, 0.3333,  ..., 0.3569, 0.3608, 0.3216],
         [0.3647, 0.3686, 0.3373,  ..., 0.3725, 0.3647, 0.3569],
         [0.3647, 0.3608, 0.3725,  ..., 0.3490, 0.3647, 0.3843],
         ...,
         [0.3529, 0.3569, 0.4000,  ..., 0.3765, 0.3647, 0.3647],
         [0.3490, 0.3725, 0.3647,  ..., 0.3765, 0.3765, 0.3725],
         [0.3451, 0.3725, 0.3569,  ..., 0.3529, 0.3608, 0.3569]]])",0.3581045866012573,0.39457038
"tensor([[[0.4196, 0.4000, 0.4314,  ..., 0.4039, 0.4196, 0.4000],
         [0.4275, 0.4196, 0.4157,  ..., 0.4039, 0.4118, 0.4157],
         [0.4549, 0.3922, 0.4235,  ..., 0.4353, 0.4431, 0.4275],
         ...,
         [0.3843, 0.4510, 0.4510,  ..., 0.4235, 0.4431, 0.4118],
         [0.4196, 0.4471, 0.4118,  ..., 0.4078, 0.4118, 0.4157],
         [0.4549, 0.4157, 0.4314,  ..., 0.4471, 0.4118, 0.4196]]])",0.36631014943122864,0.40738088
"tensor([[[0.4706, 0.4745, 0.4824,  ..., 0.4824, 0.4824, 0.4275],
         [0.4549, 0.4510, 0.4941,  ..., 0.4549, 0.4353, 0.4471],
         [0.4588, 0.4471, 0.4510,  ..., 0.4706, 0.4980, 0.5216],
         ...,
         [0.4314, 0.4902, 0.5294,  ..., 0.4902, 0.4588, 0.4392],
         [0.4824, 0.5059, 0.4863,  ..., 0.4784, 0.4863, 0.4588],
         [0.5373, 0.4902, 0.4471,  ..., 0.4980, 0.4941, 0.4784]]])",0.3383161723613739,0.3848469
"tensor([[[0.3882, 0.4314, 0.3882,  ..., 0.3922, 0.3765, 0.3686],
         [0.3725, 0.4157, 0.3804,  ..., 0.3608, 0.3804, 0.3882],
         [0.3608, 0.3882, 0.3843,  ..., 0.3765, 0.4118, 0.4039],
         ...,
         [0.4078, 0.4039, 0.3961,  ..., 0.3804, 0.3765, 0.3608],
         [0.3804, 0.4196, 0.3725,  ..., 0.3922, 0.3961, 0.3922],
         [0.3922, 0.4039, 0.3843,  ..., 0.4275, 0.4000, 0.3686]]])",0.29764750599861145,0.3632946
"tensor([[[0.3922, 0.4039, 0.3804,  ..., 0.3882, 0.3843, 0.4275],
         [0.4196, 0.4039, 0.3765,  ..., 0.3765, 0.3961, 0.3804],
         [0.3686, 0.4235, 0.4039,  ..., 0.3843, 0.3961, 0.3804],
         ...,
         [0.3882, 0.4118, 0.3922,  ..., 0.3922, 0.3843, 0.3961],
         [0.3725, 0.4118, 0.3765,  ..., 0.4392, 0.4118, 0.3882],
         [0.4235, 0.3961, 0.3843,  ..., 0.4039, 0.4863, 0.3922]]])",0.34123140573501587,0.36341172
"tensor([[[0.3686, 0.3882, 0.3843,  ..., 0.3686, 0.3765, 0.3686],
         [0.3765, 0.3922, 0.3725,  ..., 0.3765, 0.3725, 0.3765],
         [0.3765, 0.3765, 0.3882,  ..., 0.3843, 0.3725, 0.3843],
         ...,
         [0.3882, 0.3765, 0.3922,  ..., 0.3922, 0.3804, 0.3843],
         [0.3765, 0.3804, 0.3961,  ..., 0.4039, 0.3882, 0.3843],
         [0.3725, 0.3843, 0.3725,  ..., 0.3804, 0.4118, 0.3804]]])",0.5497789978981018,0.53032005
"tensor([[[0.2902, 0.2980, 0.2902,  ..., 0.2941, 0.2941, 0.2902],
         [0.2941, 0.2980, 0.2941,  ..., 0.2824, 0.2941, 0.2863],
         [0.2980, 0.2941, 0.2902,  ..., 0.2863, 0.2824, 0.2863],
         ...,
         [0.2863, 0.2980, 0.3020,  ..., 0.2902, 0.2980, 0.2902],
         [0.2941, 0.2941, 0.2902,  ..., 0.2902, 0.2941, 0.2902],
         [0.2902, 0.2941, 0.2863,  ..., 0.2941, 0.2941, 0.3020]]])",0.7377336621284485,0.7342404
"tensor([[[0.3529, 0.3529, 0.3804,  ..., 0.3725, 0.3373, 0.3686],
         [0.3529, 0.3451, 0.3412,  ..., 0.3725, 0.3373, 0.3765],
         [0.3608, 0.3529, 0.3451,  ..., 0.3686, 0.3373, 0.3647],
         ...,
         [0.3529, 0.3373, 0.3569,  ..., 0.3412, 0.3412, 0.3569],
         [0.3451, 0.3490, 0.3490,  ..., 0.3490, 0.3529, 0.3373],
         [0.3412, 0.3529, 0.3451,  ..., 0.3412, 0.3608, 0.3686]]])",0.5349957942962646,0.4871599
"tensor([[[0.4039, 0.3451, 0.3961,  ..., 0.3843, 0.3843, 0.4196],
         [0.4157, 0.3608, 0.3569,  ..., 0.4078, 0.4078, 0.4118],
         [0.3725, 0.4157, 0.3804,  ..., 0.3922, 0.3922, 0.4039],
         ...,
         [0.3882, 0.3765, 0.4039,  ..., 0.3569, 0.3961, 0.3922],
         [0.3725, 0.3961, 0.4000,  ..., 0.3647, 0.3686, 0.3882],
         [0.3843, 0.4118, 0.3804,  ..., 0.3725, 0.4039, 0.4000]]])",0.40343618392944336,0.43253204
"tensor([[[0.4196, 0.4039, 0.3843,  ..., 0.4314, 0.4706, 0.4353],
         [0.4078, 0.4353, 0.4039,  ..., 0.4392, 0.4471, 0.4039],
         [0.4157, 0.4353, 0.4196,  ..., 0.4667, 0.4118, 0.4314],
         ...,
         [0.3961, 0.4588, 0.4353,  ..., 0.4275, 0.4196, 0.4510],
         [0.4235, 0.4392, 0.4078,  ..., 0.3961, 0.4157, 0.4627],
         [0.4392, 0.4275, 0.4078,  ..., 0.4392, 0.3961, 0.4118]]])",0.2858155369758606,0.3688091
"tensor([[[0.4118, 0.4196, 0.4275,  ..., 0.4980, 0.4392, 0.4549],
         [0.4314, 0.4196, 0.4078,  ..., 0.4235, 0.4392, 0.4235],
         [0.4078, 0.4157, 0.4000,  ..., 0.4784, 0.4196, 0.4157],
         ...,
         [0.4157, 0.4510, 0.4471,  ..., 0.4510, 0.4392, 0.4706],
         [0.4275, 0.4275, 0.4392,  ..., 0.4431, 0.4471, 0.4588],
         [0.4039, 0.4275, 0.4706,  ..., 0.4392, 0.4471, 0.4510]]])",0.30692586302757263,0.40110058
"tensor([[[0.4118, 0.4000, 0.4039,  ..., 0.4314, 0.4627, 0.4941],
         [0.4078, 0.4118, 0.4118,  ..., 0.4392, 0.4000, 0.3922],
         [0.3765, 0.3843, 0.3882,  ..., 0.3765, 0.3961, 0.3922],
         ...,
         [0.3922, 0.4157, 0.4275,  ..., 0.4275, 0.4000, 0.4431],
         [0.3882, 0.4000, 0.4118,  ..., 0.4431, 0.4157, 0.4000],
         [0.3843, 0.4000, 0.4118,  ..., 0.4157, 0.4471, 0.4196]]])",0.358523428440094,0.39921606
"tensor([[[0.4824, 0.4588, 0.4980,  ..., 0.4549, 0.4980, 0.5255],
         [0.4784, 0.4745, 0.4863,  ..., 0.5255, 0.4667, 0.4667],
         [0.4824, 0.4392, 0.4706,  ..., 0.4196, 0.4510, 0.4745],
         ...,
         [0.5059, 0.4667, 0.4588,  ..., 0.4549, 0.5176, 0.4863],
         [0.4745, 0.4863, 0.4902,  ..., 0.5098, 0.4745, 0.5098],
         [0.5216, 0.4706, 0.4784,  ..., 0.5176, 0.5176, 0.4980]]])",0.29684746265411377,0.35109308
"tensor([[[0.4745, 0.4588, 0.4980,  ..., 0.4353, 0.4667, 0.5294],
         [0.4745, 0.4275, 0.4745,  ..., 0.4353, 0.4353, 0.4196],
         [0.4510, 0.4745, 0.4235,  ..., 0.4078, 0.4275, 0.4392],
         ...,
         [0.4667, 0.4667, 0.4392,  ..., 0.4549, 0.4745, 0.4863],
         [0.4784, 0.4706, 0.4549,  ..., 0.4627, 0.4314, 0.4784],
         [0.4824, 0.4980, 0.4706,  ..., 0.4784, 0.4863, 0.4588]]])",0.31119608879089355,0.34191847
"tensor([[[0.4745, 0.4667, 0.4431,  ..., 0.4196, 0.4235, 0.4471],
         [0.4196, 0.4510, 0.4588,  ..., 0.3961, 0.4078, 0.4039],
         [0.4471, 0.4353, 0.4039,  ..., 0.4196, 0.4118, 0.4078],
         ...,
         [0.4627, 0.4510, 0.4824,  ..., 0.4392, 0.4510, 0.4431],
         [0.4824, 0.4667, 0.4667,  ..., 0.4784, 0.4392, 0.4549],
         [0.5176, 0.4627, 0.3843,  ..., 0.4314, 0.4431, 0.4863]]])",0.27963581681251526,0.33376393
"tensor([[[0.3529, 0.3608, 0.3529,  ..., 0.3569, 0.3647, 0.3765],
         [0.3333, 0.3451, 0.3686,  ..., 0.3647, 0.3529, 0.3294],
         [0.4000, 0.3569, 0.3647,  ..., 0.3647, 0.3294, 0.3255],
         ...,
         [0.3882, 0.3569, 0.3569,  ..., 0.3843, 0.3804, 0.3765],
         [0.3843, 0.3765, 0.3608,  ..., 0.3961, 0.3686, 0.3804],
         [0.3529, 0.3686, 0.3686,  ..., 0.3608, 0.4118, 0.3569]]])",0.3408811390399933,0.37690574
"tensor([[[0.4824, 0.4745, 0.4745,  ..., 0.4784, 0.4706, 0.4667],
         [0.4667, 0.4941, 0.4784,  ..., 0.4745, 0.4706, 0.4980],
         [0.4941, 0.4784, 0.5059,  ..., 0.4784, 0.4706, 0.4510],
         ...,
         [0.4902, 0.4980, 0.4667,  ..., 0.4667, 0.5059, 0.4863],
         [0.4941, 0.4863, 0.4745,  ..., 0.4980, 0.4706, 0.4706],
         [0.5255, 0.4745, 0.4627,  ..., 0.5333, 0.4588, 0.4745]]])",0.39356428384780884,0.40512064
"tensor([[[0.4275, 0.4000, 0.3804,  ..., 0.4941, 0.4157, 0.3412],
         [0.4314, 0.4392, 0.4157,  ..., 0.4392, 0.3882, 0.4196],
         [0.4157, 0.4275, 0.4353,  ..., 0.4353, 0.3922, 0.3922],
         ...,
         [0.4235, 0.3804, 0.4431,  ..., 0.4549, 0.4667, 0.4235],
         [0.4078, 0.4314, 0.4078,  ..., 0.4627, 0.4471, 0.4588],
         [0.4392, 0.4235, 0.4078,  ..., 0.4471, 0.4941, 0.4275]]])",0.29908543825149536,0.34546775
"tensor([[[0.3922, 0.4196, 0.4000,  ..., 0.4863, 0.4275, 0.3725],
         [0.4431, 0.4235, 0.4157,  ..., 0.4824, 0.4039, 0.3569],
         [0.4078, 0.4275, 0.4314,  ..., 0.4353, 0.3804, 0.3922],
         ...,
         [0.4196, 0.4039, 0.4235,  ..., 0.4667, 0.4275, 0.4392],
         [0.4000, 0.4196, 0.4078,  ..., 0.4510, 0.4824, 0.4078],
         [0.4510, 0.3961, 0.3843,  ..., 0.4431, 0.5059, 0.4000]]])",0.3366481065750122,0.36186677
"tensor([[[0.3412, 0.3608, 0.3176,  ..., 0.3608, 0.3922, 0.3569],
         [0.3686, 0.3373, 0.3490,  ..., 0.3765, 0.3490, 0.4000],
         [0.3882, 0.3686, 0.3412,  ..., 0.3686, 0.3451, 0.4392],
         ...,
         [0.3686, 0.3569, 0.3373,  ..., 0.3647, 0.3529, 0.3686],
         [0.3569, 0.3529, 0.3490,  ..., 0.3647, 0.3647, 0.3412],
         [0.3608, 0.3529, 0.3529,  ..., 0.3843, 0.3451, 0.3647]]])",0.39392852783203125,0.41263822
"tensor([[[0.3333, 0.3804, 0.3608,  ..., 0.3843, 0.4275, 0.4980],
         [0.4078, 0.3451, 0.3608,  ..., 0.4235, 0.4353, 0.4745],
         [0.4353, 0.4118, 0.3686,  ..., 0.4275, 0.4157, 0.4706],
         ...,
         [0.3725, 0.3765, 0.3765,  ..., 0.3961, 0.4235, 0.3961],
         [0.3843, 0.3922, 0.3804,  ..., 0.3765, 0.4392, 0.4157],
         [0.3804, 0.3804, 0.4157,  ..., 0.3804, 0.3725, 0.4784]]])",0.30346131324768066,0.35193536
"tensor([[[0.4667, 0.4157, 0.4431,  ..., 0.4549, 0.5059, 0.4706],
         [0.4745, 0.4588, 0.4353,  ..., 0.4706, 0.4980, 0.5255],
         [0.4471, 0.4667, 0.4824,  ..., 0.5098, 0.5137, 0.5059],
         ...,
         [0.4627, 0.4471, 0.4275,  ..., 0.4431, 0.5176, 0.4706],
         [0.4314, 0.4196, 0.4627,  ..., 0.4118, 0.4824, 0.5333],
         [0.4431, 0.4627, 0.4784,  ..., 0.4392, 0.4314, 0.5373]]])",0.34547969698905945,0.37815177
"tensor([[[0.4196, 0.4510, 0.4392,  ..., 0.4549, 0.4588, 0.5686],
         [0.4157, 0.4353, 0.4353,  ..., 0.4667, 0.4824, 0.5176],
         [0.4157, 0.4392, 0.4392,  ..., 0.4627, 0.4980, 0.4824],
         ...,
         [0.4275, 0.4275, 0.4275,  ..., 0.4431, 0.4314, 0.4745],
         [0.4196, 0.4000, 0.4275,  ..., 0.4353, 0.4824, 0.4667],
         [0.4157, 0.4275, 0.4157,  ..., 0.4275, 0.4588, 0.4667]]])",0.34688040614128113,0.35941833
"tensor([[[0.5216, 0.5647, 0.5569,  ..., 0.5098, 0.6039, 0.5725],
         [0.5294, 0.5490, 0.5216,  ..., 0.5725, 0.5804, 0.5569],
         [0.5373, 0.5529, 0.5333,  ..., 0.5882, 0.5961, 0.6000],
         ...,
         [0.5098, 0.5176, 0.4980,  ..., 0.5333, 0.5647, 0.5647],
         [0.5529, 0.5333, 0.5529,  ..., 0.5451, 0.5608, 0.5961],
         [0.5412, 0.5020, 0.5333,  ..., 0.4941, 0.5647, 0.5725]]])",0.3390697240829468,0.35514396
"tensor([[[0.3882, 0.4275, 0.4902,  ..., 0.4667, 0.4784, 0.5098],
         [0.4549, 0.4275, 0.4431,  ..., 0.4588, 0.4745, 0.4784],
         [0.4392, 0.4431, 0.4549,  ..., 0.4784, 0.5020, 0.4667],
         ...,
         [0.4706, 0.4392, 0.3529,  ..., 0.5176, 0.5059, 0.5490],
         [0.4275, 0.3647, 0.3765,  ..., 0.4980, 0.4824, 0.4784],
         [0.3725, 0.3490, 0.4196,  ..., 0.4706, 0.4510, 0.4078]]])",0.2787039279937744,0.3357274
"tensor([[[0.5490, 0.5608, 0.5529,  ..., 0.5490, 0.4902, 0.5333],
         [0.5294, 0.5529, 0.5490,  ..., 0.5137, 0.5255, 0.5843],
         [0.5529, 0.5333, 0.5451,  ..., 0.5451, 0.5608, 0.5686],
         ...,
         [0.5098, 0.5098, 0.5490,  ..., 0.5294, 0.5059, 0.4980],
         [0.5412, 0.5294, 0.5373,  ..., 0.5373, 0.5137, 0.4980],
         [0.5294, 0.5412, 0.5451,  ..., 0.5176, 0.5333, 0.4902]]])",0.41323521733283997,0.48498738
"tensor([[[0.5373, 0.4667, 0.4863,  ..., 0.4549, 0.4471, 0.4275],
         [0.5137, 0.5059, 0.4824,  ..., 0.4235, 0.4118, 0.4863],
         [0.4275, 0.4863, 0.4941,  ..., 0.4471, 0.4784, 0.4863],
         ...,
         [0.4314, 0.4745, 0.4863,  ..., 0.3882, 0.4118, 0.4980],
         [0.4627, 0.4510, 0.4471,  ..., 0.4902, 0.3647, 0.3529],
         [0.4863, 0.5020, 0.4784,  ..., 0.4431, 0.4863, 0.3961]]])",0.3328099250793457,0.3497713
"tensor([[[0.3529, 0.3647, 0.4157,  ..., 0.4039, 0.3333, 0.3373],
         [0.3843, 0.3922, 0.3765,  ..., 0.3647, 0.3529, 0.3608],
         [0.3765, 0.3922, 0.3490,  ..., 0.3882, 0.3451, 0.3647],
         ...,
         [0.3647, 0.3490, 0.3686,  ..., 0.3294, 0.3294, 0.3412],
         [0.3333, 0.3843, 0.3608,  ..., 0.3490, 0.3647, 0.3412],
         [0.3647, 0.3686, 0.3843,  ..., 0.3725, 0.3451, 0.3569]]])",0.33968299627304077,0.35695016
"tensor([[[0.4039, 0.3804, 0.4431,  ..., 0.4078, 0.3725, 0.3882],
         [0.4118, 0.4157, 0.3922,  ..., 0.4078, 0.3961, 0.4118],
         [0.3725, 0.4549, 0.3529,  ..., 0.4314, 0.4000, 0.3725],
         ...,
         [0.4118, 0.4157, 0.4196,  ..., 0.3373, 0.3451, 0.3373],
         [0.3922, 0.3765, 0.3765,  ..., 0.4039, 0.3529, 0.3412],
         [0.3843, 0.3608, 0.3843,  ..., 0.4196, 0.4078, 0.2980]]])",0.2792171239852905,0.36829177
"tensor([[[0.3686, 0.4118, 0.4471,  ..., 0.4157, 0.4235, 0.3686],
         [0.3922, 0.3686, 0.4275,  ..., 0.4196, 0.3882, 0.3608],
         [0.3922, 0.4000, 0.3843,  ..., 0.4078, 0.3804, 0.4078],
         ...,
         [0.3490, 0.4000, 0.3529,  ..., 0.3608, 0.3529, 0.3216],
         [0.3647, 0.3686, 0.3608,  ..., 0.3490, 0.3529, 0.2902],
         [0.3922, 0.3922, 0.4196,  ..., 0.3529, 0.3765, 0.3608]]])",0.3239253759384155,0.48469806
"tensor([[[0.5059, 0.5569, 0.4980,  ..., 0.5098, 0.4745, 0.5255],
         [0.4784, 0.5490, 0.5216,  ..., 0.4980, 0.5137, 0.5294],
         [0.4627, 0.5059, 0.5137,  ..., 0.4588, 0.4784, 0.4706],
         ...,
         [0.5098, 0.4745, 0.4863,  ..., 0.4784, 0.4196, 0.4549],
         [0.4706, 0.4627, 0.4980,  ..., 0.5137, 0.4157, 0.4275],
         [0.4784, 0.5020, 0.5137,  ..., 0.4863, 0.4824, 0.4314]]])",0.2979002296924591,0.35718858
"tensor([[[0.4627, 0.4627, 0.4510,  ..., 0.4549, 0.4000, 0.4353],
         [0.4353, 0.4784, 0.4471,  ..., 0.4471, 0.3961, 0.4235],
         [0.4549, 0.4510, 0.4902,  ..., 0.4275, 0.4039, 0.4745],
         ...,
         [0.4157, 0.4392, 0.4510,  ..., 0.4157, 0.3804, 0.3647],
         [0.4235, 0.4000, 0.4353,  ..., 0.4353, 0.4196, 0.3608],
         [0.4353, 0.4510, 0.4667,  ..., 0.4000, 0.4588, 0.3961]]])",0.269901305437088,0.34676892
"tensor([[[0.4863, 0.4549, 0.5255,  ..., 0.4627, 0.4941, 0.4118],
         [0.4627, 0.4745, 0.4863,  ..., 0.4941, 0.4706, 0.4000],
         [0.4549, 0.4784, 0.4745,  ..., 0.4863, 0.4353, 0.4157],
         ...,
         [0.4667, 0.4863, 0.4745,  ..., 0.4353, 0.4667, 0.3882],
         [0.4745, 0.4627, 0.4431,  ..., 0.4471, 0.4471, 0.4824],
         [0.4392, 0.4667, 0.4784,  ..., 0.4549, 0.4000, 0.4431]]])",0.31090718507766724,0.34066275
"tensor([[[0.3686, 0.3882, 0.3882,  ..., 0.3843, 0.3725, 0.3608],
         [0.3373, 0.4039, 0.3804,  ..., 0.3686, 0.3647, 0.3412],
         [0.3451, 0.3843, 0.3765,  ..., 0.3804, 0.3647, 0.3412],
         ...,
         [0.3686, 0.3882, 0.3686,  ..., 0.3294, 0.3804, 0.3608],
         [0.3882, 0.3725, 0.3608,  ..., 0.3569, 0.3569, 0.3451],
         [0.3647, 0.3490, 0.3725,  ..., 0.3490, 0.3686, 0.3686]]])",0.39962801337242126,0.41631943
"tensor([[[0.3569, 0.3608, 0.3608,  ..., 0.3608, 0.3373, 0.3255],
         [0.3608, 0.3765, 0.3373,  ..., 0.3451, 0.3490, 0.3137],
         [0.3608, 0.3843, 0.3490,  ..., 0.3608, 0.3333, 0.3333],
         ...,
         [0.3529, 0.3843, 0.3686,  ..., 0.3490, 0.3569, 0.3451],
         [0.3647, 0.3647, 0.3529,  ..., 0.3490, 0.3373, 0.3255],
         [0.3804, 0.3608, 0.3529,  ..., 0.3686, 0.3529, 0.3255]]])",0.3962005078792572,0.42766964
"tensor([[[0.3647, 0.3608, 0.3529,  ..., 0.3647, 0.3373, 0.3333],
         [0.3686, 0.3529, 0.3451,  ..., 0.3529, 0.3333, 0.3333],
         [0.4000, 0.3608, 0.3647,  ..., 0.3529, 0.3412, 0.3490],
         ...,
         [0.3333, 0.3725, 0.3529,  ..., 0.3686, 0.3451, 0.3451],
         [0.3686, 0.3647, 0.3569,  ..., 0.3569, 0.3569, 0.3412],
         [0.3804, 0.3451, 0.3490,  ..., 0.3451, 0.3569, 0.3255]]])",0.48866522312164307,0.47309855
"tensor([[[0.4706, 0.4235, 0.4196,  ..., 0.4196, 0.3882, 0.4000],
         [0.4627, 0.4784, 0.4078,  ..., 0.4275, 0.4039, 0.3961],
         [0.4078, 0.4588, 0.4706,  ..., 0.4078, 0.4157, 0.4471],
         ...,
         [0.4039, 0.4314, 0.4314,  ..., 0.4157, 0.4078, 0.3412],
         [0.4353, 0.4235, 0.4196,  ..., 0.4431, 0.4627, 0.4314],
         [0.4078, 0.4039, 0.4196,  ..., 0.4196, 0.4667, 0.4000]]])",0.31701505184173584,0.3416475
"tensor([[[0.4706, 0.4314, 0.4706,  ..., 0.4784, 0.4706, 0.4392],
         [0.5176, 0.4784, 0.4510,  ..., 0.4588, 0.4235, 0.4157],
         [0.4706, 0.4941, 0.4980,  ..., 0.4431, 0.4549, 0.5294],
         ...,
         [0.4471, 0.4392, 0.4549,  ..., 0.4706, 0.3765, 0.3725],
         [0.4392, 0.4196, 0.4039,  ..., 0.5098, 0.5137, 0.4275],
         [0.4157, 0.4588, 0.5137,  ..., 0.4314, 0.5490, 0.4549]]])",0.2716405689716339,0.32995436
"tensor([[[0.4235, 0.4196, 0.4353,  ..., 0.4039, 0.3804, 0.4000],
         [0.3922, 0.4078, 0.4314,  ..., 0.4039, 0.4157, 0.4000],
         [0.3882, 0.3882, 0.4196,  ..., 0.3922, 0.4118, 0.4039],
         ...,
         [0.3922, 0.4157, 0.3608,  ..., 0.3961, 0.4039, 0.3882],
         [0.3765, 0.3882, 0.4157,  ..., 0.4078, 0.4118, 0.4627],
         [0.4000, 0.4000, 0.4039,  ..., 0.4471, 0.3725, 0.3529]]])",0.28929686546325684,0.33981985
"tensor([[[0.4549, 0.4471, 0.4353,  ..., 0.4941, 0.4824, 0.4706],
         [0.4275, 0.4471, 0.4510,  ..., 0.4588, 0.4431, 0.4667],
         [0.4431, 0.4235, 0.4353,  ..., 0.4392, 0.4745, 0.4118],
         ...,
         [0.4196, 0.4353, 0.3922,  ..., 0.4471, 0.4588, 0.4784],
         [0.3882, 0.4078, 0.4941,  ..., 0.4314, 0.4510, 0.4353],
         [0.4275, 0.4667, 0.4588,  ..., 0.4353, 0.4235, 0.4588]]])",0.2689545750617981,0.34830013
"tensor([[[0.4667, 0.4706, 0.4941,  ..., 0.5137, 0.4941, 0.4941],
         [0.4627, 0.4627, 0.4824,  ..., 0.4863, 0.4745, 0.5020],
         [0.4667, 0.4549, 0.4588,  ..., 0.4824, 0.4941, 0.4510],
         ...,
         [0.4784, 0.4706, 0.4824,  ..., 0.4667, 0.4941, 0.5020],
         [0.4549, 0.5020, 0.4824,  ..., 0.5020, 0.4588, 0.4863],
         [0.4706, 0.4627, 0.4784,  ..., 0.4824, 0.4863, 0.4431]]])",0.3223491311073303,0.39360857
"tensor([[[0.3373, 0.3765, 0.4039,  ..., 0.3922, 0.3725, 0.3882],
         [0.3765, 0.3569, 0.3725,  ..., 0.3765, 0.3765, 0.3843],
         [0.3569, 0.3686, 0.3529,  ..., 0.3804, 0.3804, 0.3765],
         ...,
         [0.3529, 0.3922, 0.4000,  ..., 0.3490, 0.3765, 0.3725],
         [0.3765, 0.3686, 0.3529,  ..., 0.3843, 0.3569, 0.3608],
         [0.3333, 0.3765, 0.4118,  ..., 0.3451, 0.3882, 0.3608]]])",0.3895023763179779,0.46738786
"tensor([[[0.3882, 0.4196, 0.4118,  ..., 0.4196, 0.4196, 0.3922],
         [0.3961, 0.3843, 0.4118,  ..., 0.4314, 0.3882, 0.4510],
         [0.3961, 0.4039, 0.3725,  ..., 0.3961, 0.4353, 0.4314],
         ...,
         [0.3529, 0.3765, 0.4157,  ..., 0.3922, 0.3725, 0.4196],
         [0.3922, 0.4000, 0.4157,  ..., 0.3843, 0.4078, 0.3451],
         [0.3961, 0.4510, 0.4157,  ..., 0.3765, 0.4078, 0.4078]]])",0.31737014651298523,0.3718204
"tensor([[[0.3569, 0.3686, 0.3765,  ..., 0.3647, 0.3569, 0.3725],
         [0.3608, 0.3529, 0.3725,  ..., 0.3647, 0.3804, 0.3804],
         [0.4039, 0.3608, 0.3490,  ..., 0.3765, 0.3843, 0.3843],
         ...,
         [0.3412, 0.3176, 0.3569,  ..., 0.3529, 0.3647, 0.3333],
         [0.3412, 0.4078, 0.3922,  ..., 0.3490, 0.3608, 0.3725],
         [0.4196, 0.3490, 0.3569,  ..., 0.3412, 0.3412, 0.3725]]])",0.3671707212924957,0.41202423
"tensor([[[0.4627, 0.4745, 0.4471,  ..., 0.4549, 0.4588, 0.4627],
         [0.4627, 0.4627, 0.4706,  ..., 0.4627, 0.4784, 0.4667],
         [0.5137, 0.4588, 0.4706,  ..., 0.4784, 0.4706, 0.4510],
         ...,
         [0.4353, 0.4667, 0.4706,  ..., 0.4510, 0.4471, 0.4471],
         [0.4784, 0.4588, 0.4745,  ..., 0.4392, 0.4510, 0.4627],
         [0.4510, 0.4667, 0.4471,  ..., 0.4549, 0.4392, 0.4471]]])",0.4073643684387207,0.4627126
"tensor([[[0.3569, 0.3529, 0.3451,  ..., 0.3725, 0.3686, 0.3804],
         [0.3608, 0.3569, 0.3451,  ..., 0.3804, 0.3843, 0.3490],
         [0.3569, 0.3725, 0.3490,  ..., 0.3569, 0.3490, 0.3529],
         ...,
         [0.3412, 0.3216, 0.3647,  ..., 0.3647, 0.3608, 0.3765],
         [0.3020, 0.3569, 0.3412,  ..., 0.3529, 0.3608, 0.3608],
         [0.3451, 0.3529, 0.3608,  ..., 0.3608, 0.3725, 0.3451]]])",0.5171658992767334,0.51811713
"tensor([[[0.4157, 0.4196, 0.4235,  ..., 0.4627, 0.4392, 0.4353],
         [0.4745, 0.4667, 0.4314,  ..., 0.4510, 0.4353, 0.4353],
         [0.4863, 0.4824, 0.4627,  ..., 0.4353, 0.4353, 0.4353],
         ...,
         [0.4235, 0.4275, 0.4275,  ..., 0.4392, 0.4588, 0.4549],
         [0.4157, 0.4431, 0.4431,  ..., 0.4314, 0.4471, 0.4471],
         [0.4235, 0.4745, 0.4941,  ..., 0.4039, 0.4392, 0.4706]]])",0.29969358444213867,0.35024333
"tensor([[[0.4196, 0.4078, 0.4078,  ..., 0.4314, 0.4392, 0.4510],
         [0.4980, 0.4667, 0.4000,  ..., 0.4627, 0.4314, 0.4196],
         [0.4353, 0.4627, 0.4353,  ..., 0.4039, 0.4235, 0.4353],
         ...,
         [0.3765, 0.4196, 0.4510,  ..., 0.4039, 0.4745, 0.4863],
         [0.4196, 0.4667, 0.4549,  ..., 0.4275, 0.4039, 0.4745],
         [0.4314, 0.4627, 0.4510,  ..., 0.4078, 0.4118, 0.4235]]])",0.2991231679916382,0.3735277
"tensor([[[0.4510, 0.4510, 0.4471,  ..., 0.4588, 0.4627, 0.4392],
         [0.4667, 0.4431, 0.4784,  ..., 0.4510, 0.4471, 0.4510],
         [0.4863, 0.4353, 0.4510,  ..., 0.4549, 0.4471, 0.4353],
         ...,
         [0.4510, 0.4431, 0.4667,  ..., 0.4392, 0.4863, 0.4745],
         [0.4627, 0.4745, 0.4588,  ..., 0.4235, 0.4471, 0.4588],
         [0.4706, 0.4588, 0.4471,  ..., 0.4078, 0.4235, 0.4392]]])",0.35342782735824585,0.38776848
"tensor([[[0.3882, 0.4000, 0.3725,  ..., 0.3765, 0.4275, 0.3608],
         [0.3843, 0.4078, 0.3961,  ..., 0.4392, 0.3725, 0.3686],
         [0.3765, 0.3882, 0.4039,  ..., 0.3882, 0.3216, 0.3569],
         ...,
         [0.3608, 0.4118, 0.4000,  ..., 0.4157, 0.4000, 0.3765],
         [0.4078, 0.4235, 0.3804,  ..., 0.3882, 0.4235, 0.3882],
         [0.4235, 0.3882, 0.3882,  ..., 0.3725, 0.3961, 0.4314]]])",0.37950754165649414,0.40967718
"tensor([[[0.4196, 0.4314, 0.4392,  ..., 0.5020, 0.4275, 0.3765],
         [0.3961, 0.4235, 0.4275,  ..., 0.4353, 0.4000, 0.3804],
         [0.4510, 0.4157, 0.4000,  ..., 0.4039, 0.3686, 0.4118],
         ...,
         [0.3804, 0.4314, 0.4118,  ..., 0.4314, 0.4196, 0.3882],
         [0.3686, 0.4314, 0.4235,  ..., 0.3961, 0.4118, 0.4157],
         [0.4000, 0.4510, 0.4471,  ..., 0.4314, 0.4157, 0.4000]]])",0.33529362082481384,0.3719878
"tensor([[[0.3373, 0.3020, 0.3333,  ..., 0.3804, 0.3569, 0.3686],
         [0.3686, 0.3294, 0.3294,  ..., 0.3412, 0.3020, 0.2784],
         [0.3216, 0.3686, 0.3216,  ..., 0.2941, 0.3255, 0.3451],
         ...,
         [0.3020, 0.2863, 0.3373,  ..., 0.3098, 0.3216, 0.3176],
         [0.2784, 0.3176, 0.3216,  ..., 0.3216, 0.3216, 0.3020],
         [0.2667, 0.3137, 0.3373,  ..., 0.3333, 0.3255, 0.3255]]])",0.3971612751483917,0.4101447
"tensor([[[0.3804, 0.4000, 0.4549,  ..., 0.4588, 0.4196, 0.3647],
         [0.4078, 0.4039, 0.4314,  ..., 0.3843, 0.3804, 0.4078],
         [0.4118, 0.4039, 0.4196,  ..., 0.4314, 0.4039, 0.3765],
         ...,
         [0.3961, 0.3961, 0.3843,  ..., 0.4118, 0.3843, 0.4157],
         [0.3922, 0.3804, 0.4118,  ..., 0.4039, 0.4039, 0.3686],
         [0.3843, 0.3922, 0.4510,  ..., 0.4235, 0.4118, 0.4000]]])",0.39818936586380005,0.4449216
"tensor([[[0.3843, 0.4078, 0.4275,  ..., 0.4000, 0.4196, 0.4314],
         [0.3882, 0.4078, 0.4118,  ..., 0.4510, 0.4314, 0.4275],
         [0.4039, 0.3922, 0.4039,  ..., 0.4745, 0.4431, 0.3961],
         ...,
         [0.4078, 0.4235, 0.4353,  ..., 0.3922, 0.4196, 0.4235],
         [0.4392, 0.4235, 0.4118,  ..., 0.4039, 0.3843, 0.4235],
         [0.4392, 0.4235, 0.3882,  ..., 0.4078, 0.3961, 0.3529]]])",0.3411436676979065,0.41059458
"tensor([[[0.3882, 0.3216, 0.3412,  ..., 0.3412, 0.3412, 0.3804],
         [0.3922, 0.3412, 0.3216,  ..., 0.3412, 0.3529, 0.3451],
         [0.3804, 0.3490, 0.3451,  ..., 0.3569, 0.3569, 0.3608],
         ...,
         [0.3176, 0.3176, 0.3098,  ..., 0.3451, 0.3490, 0.3451],
         [0.3176, 0.3294, 0.3294,  ..., 0.3647, 0.3451, 0.3490],
         [0.3176, 0.3294, 0.3451,  ..., 0.3804, 0.3412, 0.3412]]])",0.47359687089920044,0.4546123
"tensor([[[0.2824, 0.2667, 0.2392,  ..., 0.2549, 0.2549, 0.2549],
         [0.2941, 0.2588, 0.2549,  ..., 0.2588, 0.2667, 0.2627],
         [0.2706, 0.2627, 0.2588,  ..., 0.2706, 0.2510, 0.2549],
         ...,
         [0.2471, 0.2275, 0.2314,  ..., 0.2784, 0.2627, 0.2549],
         [0.2314, 0.2471, 0.2549,  ..., 0.2667, 0.2745, 0.2824],
         [0.2549, 0.2549, 0.2549,  ..., 0.2588, 0.2471, 0.2431]]])",0.5446454882621765,0.46793905
"tensor([[[0.3804, 0.3608, 0.3922,  ..., 0.4078, 0.3686, 0.3922],
         [0.3490, 0.3725, 0.3882,  ..., 0.3608, 0.3804, 0.3765],
         [0.3294, 0.3804, 0.3373,  ..., 0.3686, 0.3804, 0.3451],
         ...,
         [0.3529, 0.3569, 0.3451,  ..., 0.3922, 0.3647, 0.3765],
         [0.3529, 0.3451, 0.3765,  ..., 0.3647, 0.3882, 0.3686],
         [0.3451, 0.3961, 0.3725,  ..., 0.3608, 0.3490, 0.3765]]])",0.5273596048355103,0.48842132
"tensor([[[0.3882, 0.4275, 0.3961,  ..., 0.4196, 0.4275, 0.4392],
         [0.4078, 0.4039, 0.4235,  ..., 0.4118, 0.4275, 0.3882],
         [0.4431, 0.4000, 0.4196,  ..., 0.4157, 0.3882, 0.3765],
         ...,
         [0.3882, 0.3765, 0.4157,  ..., 0.4078, 0.4392, 0.4000],
         [0.3843, 0.4118, 0.4000,  ..., 0.3922, 0.4039, 0.4431],
         [0.4039, 0.3922, 0.4039,  ..., 0.4196, 0.4000, 0.3961]]])",0.44094914197921753,0.4259714
"tensor([[[0.5255, 0.5176, 0.5333,  ..., 0.5412, 0.5412, 0.5490],
         [0.5373, 0.5176, 0.4941,  ..., 0.5255, 0.5373, 0.5294],
         [0.5255, 0.5647, 0.5059,  ..., 0.5333, 0.5333, 0.5255],
         ...,
         [0.5098, 0.4941, 0.5137,  ..., 0.5255, 0.5255, 0.4941],
         [0.4941, 0.5216, 0.5098,  ..., 0.5255, 0.5294, 0.5608],
         [0.5059, 0.5176, 0.5059,  ..., 0.5373, 0.5176, 0.5098]]])",0.41938838362693787,0.4312032
"tensor([[[0.4157, 0.4353, 0.3804,  ..., 0.4235, 0.4549, 0.4353],
         [0.4196, 0.4196, 0.4039,  ..., 0.4314, 0.4549, 0.4196],
         [0.4039, 0.4078, 0.4118,  ..., 0.4549, 0.4353, 0.4471],
         ...,
         [0.3961, 0.4196, 0.4118,  ..., 0.3765, 0.3961, 0.4000],
         [0.4196, 0.3961, 0.4078,  ..., 0.4471, 0.3961, 0.4392],
         [0.3882, 0.3882, 0.4039,  ..., 0.4745, 0.4431, 0.4157]]])",0.36501938104629517,0.3910332
"tensor([[[0.4431, 0.4392, 0.4157,  ..., 0.4941, 0.4157, 0.4510],
         [0.4275, 0.4275, 0.4431,  ..., 0.4353, 0.4314, 0.4902],
         [0.4275, 0.4196, 0.4235,  ..., 0.4471, 0.5137, 0.4627],
         ...,
         [0.4157, 0.4118, 0.4314,  ..., 0.4667, 0.4235, 0.4353],
         [0.4235, 0.4235, 0.4314,  ..., 0.4745, 0.4706, 0.4392],
         [0.4627, 0.4588, 0.4392,  ..., 0.4353, 0.4627, 0.4902]]])",0.32221299409866333,0.36483538
"tensor([[[0.3922, 0.3961, 0.3961,  ..., 0.4039, 0.3922, 0.4431],
         [0.4196, 0.3961, 0.4118,  ..., 0.3765, 0.4314, 0.4392],
         [0.4078, 0.4000, 0.4039,  ..., 0.4235, 0.4706, 0.4510],
         ...,
         [0.3882, 0.4078, 0.4118,  ..., 0.4157, 0.4078, 0.3490],
         [0.4078, 0.4039, 0.3922,  ..., 0.4118, 0.4471, 0.4275],
         [0.4039, 0.4000, 0.4118,  ..., 0.4157, 0.4078, 0.4667]]])",0.37103894352912903,0.37372208
"tensor([[[0.3412, 0.3294, 0.3686,  ..., 0.3255, 0.3922, 0.3412],
         [0.3647, 0.3255, 0.3490,  ..., 0.3922, 0.3686, 0.3686],
         [0.3725, 0.3569, 0.3373,  ..., 0.3804, 0.3882, 0.3686],
         ...,
         [0.3569, 0.3490, 0.3451,  ..., 0.3804, 0.3412, 0.3216],
         [0.3451, 0.3373, 0.3490,  ..., 0.3451, 0.3843, 0.3882],
         [0.3451, 0.3608, 0.3490,  ..., 0.3608, 0.3569, 0.3882]]])",0.37095844745635986,0.3933391
"tensor([[[0.3216, 0.3137, 0.3373,  ..., 0.3176, 0.3608, 0.3529],
         [0.3451, 0.3176, 0.3216,  ..., 0.3412, 0.3882, 0.3686],
         [0.3176, 0.3412, 0.3059,  ..., 0.3804, 0.3686, 0.3647],
         ...,
         [0.3373, 0.2980, 0.3216,  ..., 0.3176, 0.3490, 0.3255],
         [0.3098, 0.3373, 0.3373,  ..., 0.3294, 0.3137, 0.3569],
         [0.3608, 0.3765, 0.3451,  ..., 0.3686, 0.3216, 0.3216]]])",0.37522444128990173,0.40021023
"tensor([[[0.2275, 0.2510, 0.2471,  ..., 0.2745, 0.2902, 0.2588],
         [0.2549, 0.2353, 0.2588,  ..., 0.2824, 0.2745, 0.2745],
         [0.2706, 0.2471, 0.2431,  ..., 0.2824, 0.2784, 0.2902],
         ...,
         [0.2471, 0.2353, 0.2667,  ..., 0.2706, 0.2549, 0.2549],
         [0.2471, 0.2706, 0.2667,  ..., 0.2549, 0.2667, 0.2588],
         [0.2784, 0.2745, 0.2627,  ..., 0.2471, 0.2588, 0.2627]]])",0.5329723954200745,0.547045
"tensor([[[0.3529, 0.3765, 0.4314,  ..., 0.3922, 0.4314, 0.3843],
         [0.3451, 0.3686, 0.3961,  ..., 0.4275, 0.4157, 0.4549],
         [0.3765, 0.3608, 0.3843,  ..., 0.4471, 0.4588, 0.4510],
         ...,
         [0.3765, 0.3647, 0.4000,  ..., 0.4392, 0.3961, 0.3765],
         [0.3765, 0.4118, 0.4157,  ..., 0.3725, 0.4314, 0.4039],
         [0.4157, 0.4235, 0.3804,  ..., 0.4000, 0.3725, 0.4196]]])",0.340760737657547,0.38255426
"tensor([[[0.3725, 0.4235, 0.4196,  ..., 0.4000, 0.4392, 0.3922],
         [0.3176, 0.3882, 0.4314,  ..., 0.4157, 0.4000, 0.4392],
         [0.3608, 0.3255, 0.3922,  ..., 0.4235, 0.4588, 0.4667],
         ...,
         [0.3961, 0.4314, 0.3843,  ..., 0.4118, 0.4039, 0.3725],
         [0.4118, 0.3765, 0.3843,  ..., 0.4039, 0.3882, 0.4118],
         [0.3922, 0.3804, 0.4078,  ..., 0.4196, 0.4235, 0.3922]]])",0.3177322745323181,0.37938517
"tensor([[[0.4941, 0.5020, 0.5059,  ..., 0.5098, 0.4980, 0.5333],
         [0.4392, 0.4902, 0.5059,  ..., 0.4980, 0.5098, 0.5059],
         [0.4667, 0.4510, 0.4824,  ..., 0.5137, 0.5098, 0.5098],
         ...,
         [0.5176, 0.5020, 0.5137,  ..., 0.4784, 0.4941, 0.4745],
         [0.5216, 0.4941, 0.4902,  ..., 0.4824, 0.5059, 0.4941],
         [0.4824, 0.4941, 0.5137,  ..., 0.5255, 0.4980, 0.4980]]])",0.38053634762763977,0.3836027
"tensor([[[0.4549, 0.4510, 0.4471,  ..., 0.4667, 0.4510, 0.4353],
         [0.4118, 0.4471, 0.4392,  ..., 0.4353, 0.4471, 0.4745],
         [0.4235, 0.4353, 0.4392,  ..., 0.4588, 0.5020, 0.4863],
         ...,
         [0.4627, 0.4745, 0.4588,  ..., 0.4431, 0.4157, 0.3647],
         [0.4784, 0.4627, 0.4549,  ..., 0.4314, 0.4471, 0.4353],
         [0.4157, 0.4627, 0.4863,  ..., 0.4667, 0.4745, 0.4706]]])",0.35197770595550537,0.36859134
"tensor([[[0.5333, 0.5412, 0.5647,  ..., 0.5333, 0.5647, 0.5451],
         [0.5490, 0.5255, 0.5647,  ..., 0.5608, 0.5725, 0.5608],
         [0.5451, 0.5412, 0.5373,  ..., 0.5569, 0.5725, 0.5686],
         ...,
         [0.5608, 0.5725, 0.5608,  ..., 0.5216, 0.5255, 0.5333],
         [0.5647, 0.5647, 0.5569,  ..., 0.5255, 0.5059, 0.5176],
         [0.5804, 0.5647, 0.5804,  ..., 0.5686, 0.5765, 0.5765]]])",0.5168497562408447,0.57240677
"tensor([[[0.5725, 0.5804, 0.5686,  ..., 0.5647, 0.5608, 0.5569],
         [0.5412, 0.5608, 0.5725,  ..., 0.5804, 0.5765, 0.5725],
         [0.5608, 0.5255, 0.5725,  ..., 0.5647, 0.5647, 0.5647],
         ...,
         [0.5569, 0.5608, 0.5725,  ..., 0.5412, 0.5412, 0.5569],
         [0.6000, 0.6118, 0.6078,  ..., 0.5098, 0.5216, 0.5255],
         [0.5804, 0.5922, 0.5608,  ..., 0.5725, 0.5412, 0.5569]]])",0.49125829339027405,0.5116737
"tensor([[[0.4667, 0.4784, 0.4667,  ..., 0.4980, 0.4824, 0.4667],
         [0.4314, 0.4588, 0.4667,  ..., 0.4549, 0.4510, 0.4471],
         [0.4706, 0.4510, 0.4588,  ..., 0.4667, 0.4627, 0.4588],
         ...,
         [0.4745, 0.4706, 0.4588,  ..., 0.3961, 0.4392, 0.4588],
         [0.4863, 0.5098, 0.5176,  ..., 0.4314, 0.4118, 0.4314],
         [0.4824, 0.4863, 0.4667,  ..., 0.4824, 0.4275, 0.4157]]])",0.41229525208473206,0.41393873
"tensor([[[0.5333, 0.5176, 0.5333,  ..., 0.5294, 0.5333, 0.5294],
         [0.5373, 0.5216, 0.5137,  ..., 0.5059, 0.5294, 0.5176],
         [0.5255, 0.5373, 0.5294,  ..., 0.5255, 0.5333, 0.4980],
         ...,
         [0.5490, 0.5373, 0.5451,  ..., 0.5098, 0.4863, 0.5098],
         [0.5412, 0.5451, 0.5333,  ..., 0.5294, 0.5216, 0.4863],
         [0.5059, 0.5137, 0.5176,  ..., 0.5020, 0.5373, 0.5294]]])",0.5230026245117188,0.52139485
"tensor([[[0.3725, 0.3490, 0.3529,  ..., 0.3529, 0.3608, 0.3451],
         [0.3686, 0.3647, 0.3608,  ..., 0.3412, 0.3451, 0.3529],
         [0.3529, 0.3647, 0.3529,  ..., 0.3373, 0.3490, 0.3647],
         ...,
         [0.4039, 0.3647, 0.3725,  ..., 0.3412, 0.3451, 0.3529],
         [0.3255, 0.3412, 0.3490,  ..., 0.3529, 0.3373, 0.3451],
         [0.3294, 0.3569, 0.3490,  ..., 0.3765, 0.3647, 0.3569]]])",0.4504105746746063,0.5425012
"tensor([[[0.4980, 0.4784, 0.4196,  ..., 0.4314, 0.4471, 0.4353],
         [0.4902, 0.4784, 0.4588,  ..., 0.4353, 0.4078, 0.4078],
         [0.4431, 0.4745, 0.4863,  ..., 0.4235, 0.4118, 0.5059],
         ...,
         [0.4588, 0.4314, 0.3961,  ..., 0.4431, 0.4353, 0.4314],
         [0.4196, 0.4118, 0.3922,  ..., 0.4431, 0.4392, 0.4431],
         [0.4314, 0.4157, 0.4196,  ..., 0.4471, 0.4471, 0.4471]]])",0.3041456639766693,0.37900046
"tensor([[[0.4353, 0.4549, 0.4235,  ..., 0.4000, 0.4039, 0.4157],
         [0.4392, 0.4706, 0.4510,  ..., 0.3725, 0.4039, 0.4118],
         [0.4118, 0.4275, 0.4627,  ..., 0.4118, 0.4157, 0.4275],
         ...,
         [0.3961, 0.3725, 0.3725,  ..., 0.3804, 0.4275, 0.4196],
         [0.4196, 0.4275, 0.3686,  ..., 0.3843, 0.3608, 0.4314],
         [0.3922, 0.3529, 0.3686,  ..., 0.4118, 0.3961, 0.3961]]])",0.3288883864879608,0.36909056
"tensor([[[0.3569, 0.3961, 0.3686,  ..., 0.3176, 0.3294, 0.3333],
         [0.3529, 0.3922, 0.3922,  ..., 0.3216, 0.3647, 0.3765],
         [0.3686, 0.3373, 0.4078,  ..., 0.3529, 0.3608, 0.3765],
         ...,
         [0.3647, 0.3647, 0.3412,  ..., 0.3059, 0.3529, 0.3451],
         [0.3725, 0.3490, 0.3137,  ..., 0.2980, 0.3255, 0.3725],
         [0.3490, 0.3412, 0.3176,  ..., 0.3255, 0.3098, 0.3255]]])",0.3559519052505493,0.3818265
"tensor([[[0.3569, 0.3686, 0.4039,  ..., 0.3451, 0.3412, 0.3569],
         [0.3569, 0.3804, 0.3765,  ..., 0.3373, 0.3647, 0.4000],
         [0.3490, 0.3490, 0.4118,  ..., 0.3333, 0.3608, 0.3373],
         ...,
         [0.3569, 0.3647, 0.3333,  ..., 0.3176, 0.3569, 0.3373],
         [0.3490, 0.3608, 0.3412,  ..., 0.2980, 0.3255, 0.3686],
         [0.3725, 0.3333, 0.3255,  ..., 0.3098, 0.3059, 0.3216]]])",0.3818972408771515,0.40210375
"tensor([[[0.5098, 0.4667, 0.5451,  ..., 0.4275, 0.4510, 0.4706],
         [0.5373, 0.4902, 0.5412,  ..., 0.4784, 0.5137, 0.5373],
         [0.5216, 0.4980, 0.5176,  ..., 0.5059, 0.5020, 0.4824],
         ...,
         [0.4824, 0.5020, 0.4824,  ..., 0.4196, 0.4745, 0.4706],
         [0.4745, 0.4902, 0.4667,  ..., 0.4314, 0.4471, 0.4510],
         [0.5137, 0.4627, 0.4392,  ..., 0.4392, 0.4588, 0.4549]]])",0.27996280789375305,0.34362888
"tensor([[[0.4039, 0.4000, 0.4039,  ..., 0.4000, 0.3882, 0.4039],
         [0.4196, 0.4118, 0.4039,  ..., 0.3765, 0.4039, 0.3922],
         [0.4157, 0.4118, 0.4157,  ..., 0.4000, 0.4039, 0.3725],
         ...,
         [0.3961, 0.3961, 0.3647,  ..., 0.3216, 0.3686, 0.3843],
         [0.4078, 0.3686, 0.3490,  ..., 0.3608, 0.3333, 0.3725],
         [0.3647, 0.3373, 0.4000,  ..., 0.3922, 0.3451, 0.3216]]])",0.3444992005825043,0.379646
"tensor([[[0.4549, 0.4118, 0.3882,  ..., 0.4157, 0.4314, 0.4000],
         [0.3961, 0.4667, 0.4118,  ..., 0.4275, 0.3961, 0.4078],
         [0.4039, 0.4078, 0.4706,  ..., 0.4000, 0.4118, 0.3882],
         ...,
         [0.4157, 0.3843, 0.3804,  ..., 0.3647, 0.4000, 0.3961],
         [0.3922, 0.3725, 0.3882,  ..., 0.3882, 0.3451, 0.4039],
         [0.4000, 0.3882, 0.3882,  ..., 0.4314, 0.3804, 0.3451]]])",0.3400591313838959,0.3811459
"tensor([[[0.5176, 0.4471, 0.4392,  ..., 0.4314, 0.4314, 0.4549],
         [0.4980, 0.4863, 0.4588,  ..., 0.4314, 0.4392, 0.4784],
         [0.4157, 0.5098, 0.4588,  ..., 0.4235, 0.4431, 0.4471],
         ...,
         [0.4275, 0.4157, 0.4588,  ..., 0.4353, 0.4196, 0.4588],
         [0.4078, 0.4471, 0.4235,  ..., 0.4157, 0.4118, 0.4157],
         [0.4824, 0.4471, 0.4039,  ..., 0.4824, 0.4314, 0.4941]]])",0.26593321561813354,0.3397663
"tensor([[[0.2275, 0.2275, 0.2118,  ..., 0.2000, 0.1922, 0.1961],
         [0.2157, 0.2235, 0.2235,  ..., 0.1961, 0.2039, 0.2078],
         [0.2157, 0.2157, 0.2353,  ..., 0.1961, 0.2078, 0.2275],
         ...,
         [0.2000, 0.2235, 0.2118,  ..., 0.2157, 0.1922, 0.2235],
         [0.2078, 0.2157, 0.2118,  ..., 0.2392, 0.2039, 0.2196],
         [0.2275, 0.2275, 0.2157,  ..., 0.2314, 0.2235, 0.2196]]])",0.5573787689208984,0.52600384
"tensor([[[0.4157, 0.4235, 0.4549,  ..., 0.4039, 0.3490, 0.3647],
         [0.4235, 0.4118, 0.4275,  ..., 0.3765, 0.3529, 0.4000],
         [0.4353, 0.4196, 0.4275,  ..., 0.3686, 0.3882, 0.3922],
         ...,
         [0.4118, 0.4078, 0.3804,  ..., 0.4706, 0.3490, 0.3882],
         [0.4000, 0.3922, 0.4118,  ..., 0.4627, 0.4196, 0.3765],
         [0.4118, 0.4157, 0.3961,  ..., 0.4157, 0.4510, 0.4078]]])",0.2874569594860077,0.36020333
"tensor([[[0.3725, 0.3961, 0.3961,  ..., 0.3922, 0.3412, 0.3294],
         [0.3804, 0.3608, 0.4039,  ..., 0.3647, 0.3216, 0.3412],
         [0.3922, 0.3882, 0.3608,  ..., 0.3216, 0.3529, 0.3843],
         ...,
         [0.3608, 0.3686, 0.3725,  ..., 0.3804, 0.3373, 0.3412],
         [0.3529, 0.3725, 0.3686,  ..., 0.3765, 0.3647, 0.3608],
         [0.3725, 0.3843, 0.3686,  ..., 0.3490, 0.3765, 0.3137]]])",0.37540334463119507,0.41488224
"tensor([[[0.3961, 0.4196, 0.3961,  ..., 0.4471, 0.3098, 0.3490],
         [0.3765, 0.4196, 0.3961,  ..., 0.3922, 0.3255, 0.3922],
         [0.3569, 0.3686, 0.4078,  ..., 0.3373, 0.3647, 0.3804],
         ...,
         [0.3765, 0.3882, 0.3569,  ..., 0.3961, 0.3686, 0.3882],
         [0.3490, 0.3725, 0.4275,  ..., 0.3882, 0.3843, 0.3098],
         [0.4078, 0.4392, 0.4039,  ..., 0.3725, 0.4314, 0.3451]]])",0.2762048840522766,0.359477
"tensor([[[0.4706, 0.4706, 0.4549,  ..., 0.4902, 0.4235, 0.3922],
         [0.4353, 0.4510, 0.4588,  ..., 0.4824, 0.4118, 0.4392],
         [0.4549, 0.4353, 0.4431,  ..., 0.4588, 0.4392, 0.4627],
         ...,
         [0.4000, 0.4078, 0.4549,  ..., 0.4941, 0.4588, 0.4196],
         [0.4314, 0.4510, 0.5176,  ..., 0.4471, 0.4941, 0.4196],
         [0.4157, 0.5020, 0.4784,  ..., 0.4353, 0.5020, 0.4471]]])",0.27069148421287537,0.35074088
"tensor([[[0.4118, 0.4118, 0.4510,  ..., 0.4824, 0.4196, 0.4118],
         [0.4314, 0.4078, 0.4196,  ..., 0.4235, 0.4157, 0.4196],
         [0.4196, 0.4157, 0.4157,  ..., 0.3765, 0.4196, 0.4157],
         ...,
         [0.4392, 0.4275, 0.4000,  ..., 0.4627, 0.4235, 0.4196],
         [0.4275, 0.4196, 0.4353,  ..., 0.4667, 0.4196, 0.4392],
         [0.4078, 0.4078, 0.4510,  ..., 0.4275, 0.4824, 0.4039]]])",0.31008946895599365,0.35919666
"tensor([[[0.4314, 0.4000, 0.3961,  ..., 0.4314, 0.4039, 0.4157],
         [0.4039, 0.4118, 0.4000,  ..., 0.4000, 0.4235, 0.4039],
         [0.4078, 0.4196, 0.3922,  ..., 0.4157, 0.4000, 0.3882],
         ...,
         [0.4118, 0.4471, 0.4275,  ..., 0.4235, 0.4039, 0.4157],
         [0.4471, 0.4118, 0.3843,  ..., 0.4471, 0.4000, 0.4235],
         [0.4000, 0.3882, 0.4078,  ..., 0.4235, 0.4431, 0.4000]]])",0.34507834911346436,0.38575938
"tensor([[[0.4471, 0.4275, 0.4510,  ..., 0.4588, 0.5020, 0.4314],
         [0.4745, 0.4549, 0.4353,  ..., 0.4902, 0.4510, 0.4353],
         [0.4431, 0.4667, 0.4431,  ..., 0.4706, 0.4314, 0.4392],
         ...,
         [0.4745, 0.4863, 0.4588,  ..., 0.4667, 0.4706, 0.4196],
         [0.4784, 0.4588, 0.4471,  ..., 0.4431, 0.4824, 0.4667],
         [0.4627, 0.4314, 0.4353,  ..., 0.4549, 0.4471, 0.5020]]])",0.31769394874572754,0.37666965
"tensor([[[0.4196, 0.4471, 0.4745,  ..., 0.4627, 0.4627, 0.4314],
         [0.4510, 0.4196, 0.4275,  ..., 0.4667, 0.4392, 0.4235],
         [0.4431, 0.4431, 0.4510,  ..., 0.4549, 0.4157, 0.4039],
         ...,
         [0.4784, 0.4745, 0.4392,  ..., 0.4314, 0.4588, 0.4392],
         [0.4510, 0.4275, 0.4235,  ..., 0.4471, 0.4314, 0.4784],
         [0.4392, 0.4314, 0.4510,  ..., 0.4588, 0.4235, 0.4471]]])",0.2726333439350128,0.3386066
"tensor([[[0.4196, 0.4039, 0.4902,  ..., 0.4588, 0.4627, 0.4235],
         [0.4431, 0.4078, 0.4431,  ..., 0.4510, 0.4627, 0.4392],
         [0.4510, 0.4314, 0.4431,  ..., 0.4471, 0.4314, 0.4667],
         ...,
         [0.3843, 0.4118, 0.4392,  ..., 0.4353, 0.4824, 0.4471],
         [0.4667, 0.4353, 0.4471,  ..., 0.4275, 0.4471, 0.4471],
         [0.4667, 0.4588, 0.4588,  ..., 0.4431, 0.4314, 0.4353]]])",0.29725882411003113,0.37525484
"tensor([[[0.4118, 0.3882, 0.4039,  ..., 0.4235, 0.4235, 0.4039],
         [0.4314, 0.3843, 0.4157,  ..., 0.4235, 0.4353, 0.4078],
         [0.4549, 0.4078, 0.4118,  ..., 0.4431, 0.4196, 0.4235],
         ...,
         [0.4431, 0.4039, 0.4471,  ..., 0.3765, 0.4235, 0.3961],
         [0.3961, 0.4235, 0.4314,  ..., 0.4392, 0.4039, 0.4000],
         [0.4118, 0.4431, 0.4196,  ..., 0.4588, 0.4157, 0.4196]]])",0.3275240659713745,0.3808856
"tensor([[[0.4039, 0.3922, 0.3804,  ..., 0.3961, 0.3961, 0.3725],
         [0.3647, 0.3922, 0.3882,  ..., 0.3961, 0.3765, 0.3804],
         [0.3882, 0.3843, 0.3765,  ..., 0.3765, 0.3686, 0.3961],
         ...,
         [0.3961, 0.4039, 0.4000,  ..., 0.3686, 0.3961, 0.3765],
         [0.3843, 0.4118, 0.3804,  ..., 0.3961, 0.3804, 0.3922],
         [0.4000, 0.3922, 0.3569,  ..., 0.3725, 0.3765, 0.3961]]])",0.41115275025367737,0.4136861
"tensor([[[0.4863, 0.4039, 0.4157,  ..., 0.4431, 0.4118, 0.3961],
         [0.4510, 0.4431, 0.4196,  ..., 0.4078, 0.4157, 0.4706],
         [0.3843, 0.4353, 0.4235,  ..., 0.4353, 0.4706, 0.4392],
         ...,
         [0.4471, 0.4627, 0.4118,  ..., 0.4353, 0.4235, 0.4039],
         [0.4392, 0.4314, 0.3922,  ..., 0.4471, 0.4431, 0.4510],
         [0.4118, 0.4118, 0.3961,  ..., 0.4157, 0.4353, 0.4392]]])",0.3713958263397217,0.38562676
"tensor([[[0.3255, 0.3176, 0.3529,  ..., 0.3490, 0.3490, 0.3490],
         [0.3608, 0.3216, 0.3451,  ..., 0.3569, 0.3569, 0.3294],
         [0.3608, 0.3294, 0.3333,  ..., 0.3529, 0.3333, 0.3529],
         ...,
         [0.3333, 0.3490, 0.3216,  ..., 0.3725, 0.3373, 0.3255],
         [0.3412, 0.3412, 0.3137,  ..., 0.3765, 0.3804, 0.3373],
         [0.3412, 0.3059, 0.3098,  ..., 0.3294, 0.3686, 0.3686]]])",0.43382301926612854,0.42886734
"tensor([[[0.4941, 0.4314, 0.5020,  ..., 0.4980, 0.4902, 0.4902],
         [0.4902, 0.4706, 0.4667,  ..., 0.4902, 0.4784, 0.4627],
         [0.5255, 0.4863, 0.4588,  ..., 0.4706, 0.4863, 0.5216],
         ...,
         [0.4745, 0.4784, 0.4588,  ..., 0.5098, 0.5255, 0.4588],
         [0.4510, 0.4824, 0.4706,  ..., 0.4824, 0.5176, 0.5137],
         [0.4588, 0.4549, 0.4667,  ..., 0.4863, 0.4902, 0.5098]]])",0.38221311569213867,0.3845575
"tensor([[[0.5020, 0.4353, 0.4667,  ..., 0.4824, 0.4706, 0.4627],
         [0.5098, 0.5137, 0.4471,  ..., 0.4745, 0.4667, 0.4667],
         [0.4667, 0.5098, 0.4941,  ..., 0.4745, 0.4667, 0.4745],
         ...,
         [0.4431, 0.4549, 0.4588,  ..., 0.4510, 0.4863, 0.4941],
         [0.4157, 0.4863, 0.4824,  ..., 0.4784, 0.4667, 0.4824],
         [0.4431, 0.4824, 0.4431,  ..., 0.4745, 0.4745, 0.4941]]])",0.34144100546836853,0.36995304
"tensor([[[0.4627, 0.3843, 0.4275,  ..., 0.4196, 0.4235, 0.4314],
         [0.4627, 0.3922, 0.4118,  ..., 0.4000, 0.3961, 0.4000],
         [0.4314, 0.4196, 0.3961,  ..., 0.4078, 0.3961, 0.4118],
         ...,
         [0.3765, 0.3804, 0.3882,  ..., 0.4118, 0.4431, 0.4039],
         [0.3804, 0.4039, 0.3961,  ..., 0.3804, 0.4196, 0.4235],
         [0.3882, 0.4196, 0.3882,  ..., 0.3765, 0.3882, 0.3882]]])",0.30895328521728516,0.35639513
"tensor([[[0.4000, 0.3725, 0.3647,  ..., 0.3922, 0.4039, 0.4157],
         [0.4000, 0.4000, 0.3765,  ..., 0.4000, 0.4157, 0.4039],
         [0.3922, 0.3569, 0.3961,  ..., 0.4118, 0.3961, 0.3922],
         ...,
         [0.3569, 0.3569, 0.3725,  ..., 0.3843, 0.4235, 0.3686],
         [0.3490, 0.3765, 0.3765,  ..., 0.3686, 0.4039, 0.4118],
         [0.3686, 0.3882, 0.3804,  ..., 0.3373, 0.3725, 0.3843]]])",0.3532687723636627,0.37373102
"tensor([[[0.3843, 0.3608, 0.3647,  ..., 0.3804, 0.3569, 0.3451],
         [0.3451, 0.3765, 0.3490,  ..., 0.3529, 0.3647, 0.4000],
         [0.3255, 0.3412, 0.3725,  ..., 0.3804, 0.3882, 0.4039],
         ...,
         [0.3490, 0.3294, 0.3490,  ..., 0.3490, 0.3255, 0.3608],
         [0.3216, 0.3490, 0.3529,  ..., 0.3569, 0.3412, 0.3373],
         [0.3569, 0.3412, 0.3569,  ..., 0.3216, 0.3765, 0.3529]]])",0.3577323257923126,0.35728067
"tensor([[[0.3529, 0.3647, 0.3373,  ..., 0.3922, 0.3725, 0.3804],
         [0.3882, 0.3765, 0.3765,  ..., 0.3882, 0.4196, 0.4196],
         [0.3804, 0.3725, 0.3843,  ..., 0.4196, 0.4157, 0.4157],
         ...,
         [0.4118, 0.3843, 0.3843,  ..., 0.3922, 0.4078, 0.3882],
         [0.3686, 0.3725, 0.3725,  ..., 0.3725, 0.3882, 0.3569],
         [0.3490, 0.3882, 0.3725,  ..., 0.3686, 0.3804, 0.3804]]])",0.3192577660083771,0.34516105
"tensor([[[0.4353, 0.4078, 0.4078,  ..., 0.4235, 0.4078, 0.4902],
         [0.4510, 0.4471, 0.4000,  ..., 0.3922, 0.4863, 0.4784],
         [0.4235, 0.4510, 0.4431,  ..., 0.4902, 0.5059, 0.4902],
         ...,
         [0.4510, 0.4510, 0.4471,  ..., 0.4863, 0.4941, 0.4392],
         [0.4706, 0.4431, 0.4196,  ..., 0.4000, 0.4588, 0.4627],
         [0.4196, 0.4039, 0.4275,  ..., 0.4353, 0.3843, 0.4196]]])",0.29599085450172424,0.3531641
"tensor([[[0.3333, 0.3255, 0.3569,  ..., 0.3333, 0.2980, 0.3608],
         [0.3294, 0.3216, 0.3490,  ..., 0.2980, 0.3412, 0.3725],
         [0.3373, 0.3137, 0.3294,  ..., 0.3373, 0.4000, 0.3882],
         ...,
         [0.3373, 0.3373, 0.3412,  ..., 0.3686, 0.3686, 0.3451],
         [0.3176, 0.3412, 0.3294,  ..., 0.3098, 0.3490, 0.3647],
         [0.3490, 0.3137, 0.3333,  ..., 0.3333, 0.2941, 0.3255]]])",0.3875182271003723,0.41334957
"tensor([[[0.2627, 0.2784, 0.2667,  ..., 0.2784, 0.2667, 0.2706],
         [0.2667, 0.2667, 0.2667,  ..., 0.2667, 0.2627, 0.2784],
         [0.2706, 0.2706, 0.2667,  ..., 0.2627, 0.2863, 0.3059],
         ...,
         [0.2745, 0.2784, 0.2627,  ..., 0.2784, 0.2745, 0.2745],
         [0.2549, 0.2588, 0.2706,  ..., 0.2627, 0.2706, 0.2745],
         [0.2588, 0.2941, 0.2980,  ..., 0.2588, 0.2627, 0.2549]]])",0.5033664107322693,0.49880588
"tensor([[[0.2784, 0.3020, 0.3216,  ..., 0.3020, 0.3098, 0.3176],
         [0.3216, 0.2941, 0.2980,  ..., 0.3059, 0.3137, 0.3412],
         [0.3020, 0.3216, 0.3137,  ..., 0.2980, 0.3294, 0.3294],
         ...,
         [0.3059, 0.2902, 0.2784,  ..., 0.3059, 0.3059, 0.3333],
         [0.2980, 0.3176, 0.3216,  ..., 0.2784, 0.2784, 0.2902],
         [0.3059, 0.3255, 0.3373,  ..., 0.3451, 0.3098, 0.2902]]])",0.3944005072116852,0.38907036
"tensor([[[0.4039, 0.3765, 0.3843,  ..., 0.3922, 0.4039, 0.4549],
         [0.4039, 0.3922, 0.3725,  ..., 0.4118, 0.4353, 0.4431],
         [0.4039, 0.4039, 0.4196,  ..., 0.4118, 0.4196, 0.4118],
         ...,
         [0.4039, 0.4118, 0.3961,  ..., 0.3725, 0.3725, 0.4118],
         [0.4196, 0.4000, 0.3922,  ..., 0.4314, 0.3608, 0.3804],
         [0.3922, 0.3804, 0.4353,  ..., 0.4431, 0.4471, 0.3765]]])",0.3379129469394684,0.38308233
"tensor([[[0.4588, 0.4196, 0.4039,  ..., 0.3922, 0.4667, 0.4706],
         [0.4196, 0.4353, 0.4235,  ..., 0.4392, 0.4667, 0.4549],
         [0.4549, 0.4353, 0.4353,  ..., 0.4667, 0.4510, 0.4667],
         ...,
         [0.4314, 0.4314, 0.4392,  ..., 0.4157, 0.4078, 0.4510],
         [0.4745, 0.4471, 0.4275,  ..., 0.4824, 0.4627, 0.4039],
         [0.4118, 0.4078, 0.4275,  ..., 0.4745, 0.4706, 0.4784]]])",0.3034808039665222,0.34752184
"tensor([[[0.4392, 0.4118, 0.3961,  ..., 0.4157, 0.4627, 0.4471],
         [0.4392, 0.4314, 0.4078,  ..., 0.4392, 0.4706, 0.4078],
         [0.4392, 0.4588, 0.4235,  ..., 0.4588, 0.4275, 0.4549],
         ...,
         [0.4510, 0.4118, 0.4314,  ..., 0.4471, 0.4431, 0.4549],
         [0.4196, 0.4471, 0.4235,  ..., 0.4353, 0.4431, 0.4588],
         [0.4196, 0.4039, 0.4039,  ..., 0.4314, 0.4235, 0.4353]]])",0.3280458450317383,0.36338037
"tensor([[[0.3333, 0.3608, 0.3765,  ..., 0.4000, 0.3961, 0.3961],
         [0.3922, 0.3725, 0.3686,  ..., 0.4000, 0.4000, 0.4039],
         [0.4039, 0.4078, 0.4078,  ..., 0.4000, 0.3961, 0.4000],
         ...,
         [0.4000, 0.3725, 0.3686,  ..., 0.4039, 0.4000, 0.4353],
         [0.3569, 0.3804, 0.3843,  ..., 0.3725, 0.3686, 0.3804],
         [0.3882, 0.3765, 0.4000,  ..., 0.3843, 0.4118, 0.3843]]])",0.39867979288101196,0.3938007
"tensor([[[0.3882, 0.3608, 0.3373,  ..., 0.3961, 0.3765, 0.4314],
         [0.3412, 0.3922, 0.3647,  ..., 0.4078, 0.4118, 0.4039],
         [0.3529, 0.3804, 0.3961,  ..., 0.4039, 0.3882, 0.4078],
         ...,
         [0.3804, 0.3686, 0.3686,  ..., 0.4000, 0.3961, 0.4314],
         [0.3569, 0.3333, 0.3843,  ..., 0.3804, 0.4078, 0.3922],
         [0.3176, 0.3882, 0.4157,  ..., 0.3804, 0.4039, 0.4157]]])",0.3120172321796417,0.3466705
"tensor([[[0.4157, 0.4235, 0.4118,  ..., 0.4314, 0.4510, 0.4392],
         [0.4392, 0.4118, 0.4118,  ..., 0.4627, 0.4471, 0.4314],
         [0.4118, 0.4314, 0.4000,  ..., 0.4392, 0.4275, 0.4353],
         ...,
         [0.4118, 0.4235, 0.3882,  ..., 0.4235, 0.4196, 0.4078],
         [0.4078, 0.3961, 0.4118,  ..., 0.4549, 0.4627, 0.4667],
         [0.3765, 0.4235, 0.4510,  ..., 0.4510, 0.4549, 0.4392]]])",0.3268349766731262,0.34658214
"tensor([[[0.3059, 0.2980, 0.3451,  ..., 0.3137, 0.3333, 0.3176],
         [0.3020, 0.2980, 0.2941,  ..., 0.3216, 0.3176, 0.3216],
         [0.3333, 0.3098, 0.2941,  ..., 0.3255, 0.3020, 0.3176],
         ...,
         [0.2941, 0.3059, 0.2941,  ..., 0.2863, 0.3098, 0.3098],
         [0.3137, 0.2941, 0.3176,  ..., 0.3451, 0.3098, 0.3255],
         [0.3216, 0.3098, 0.3333,  ..., 0.3216, 0.3490, 0.3373]]])",0.40800273418426514,0.40120932
"tensor([[[0.2588, 0.2667, 0.2549,  ..., 0.2627, 0.2745, 0.2667],
         [0.2588, 0.2667, 0.2471,  ..., 0.2667, 0.2706, 0.2667],
         [0.2588, 0.2627, 0.2784,  ..., 0.2706, 0.2627, 0.2667],
         ...,
         [0.2588, 0.2706, 0.2588,  ..., 0.2431, 0.2627, 0.2667],
         [0.2627, 0.2510, 0.2667,  ..., 0.2627, 0.2549, 0.2745],
         [0.2314, 0.2471, 0.2824,  ..., 0.2784, 0.2667, 0.2706]]])",0.6340104937553406,0.5689038
"tensor([[[0.3294, 0.2980, 0.3059,  ..., 0.3255, 0.3176, 0.3451],
         [0.3137, 0.3059, 0.3216,  ..., 0.3137, 0.3373, 0.3333],
         [0.3098, 0.3412, 0.3020,  ..., 0.3255, 0.3373, 0.3098],
         ...,
         [0.2902, 0.3098, 0.3569,  ..., 0.3098, 0.3098, 0.3333],
         [0.3059, 0.3451, 0.3137,  ..., 0.2980, 0.3137, 0.3294],
         [0.3137, 0.3412, 0.2902,  ..., 0.3333, 0.3216, 0.3490]]])",0.3840021789073944,0.40822244
"tensor([[[0.3098, 0.2902, 0.3176,  ..., 0.3255, 0.3176, 0.3020],
         [0.3176, 0.2980, 0.3020,  ..., 0.3137, 0.3176, 0.3216],
         [0.3137, 0.3059, 0.3020,  ..., 0.3098, 0.3490, 0.3059],
         ...,
         [0.2824, 0.3059, 0.3294,  ..., 0.3137, 0.2980, 0.3020],
         [0.3176, 0.3373, 0.3176,  ..., 0.3255, 0.3216, 0.3137],
         [0.3294, 0.3255, 0.2902,  ..., 0.2980, 0.3294, 0.3373]]])",0.46636390686035156,0.4654016
"tensor([[[0.4549, 0.4078, 0.4353,  ..., 0.4118, 0.4471, 0.4431],
         [0.4471, 0.4353, 0.4275,  ..., 0.4314, 0.4471, 0.4353],
         [0.4471, 0.4431, 0.4353,  ..., 0.4471, 0.4627, 0.4431],
         ...,
         [0.4235, 0.4353, 0.4510,  ..., 0.4745, 0.4471, 0.4275],
         [0.4157, 0.4667, 0.4353,  ..., 0.4392, 0.4549, 0.4588],
         [0.4431, 0.4627, 0.4039,  ..., 0.4157, 0.4627, 0.4627]]])",0.4195496737957001,0.4222518
"tensor([[[0.2706, 0.3137, 0.3137,  ..., 0.2784, 0.2784, 0.3137],
         [0.3059, 0.2941, 0.3059,  ..., 0.2784, 0.3176, 0.3176],
         [0.3294, 0.3020, 0.3020,  ..., 0.3098, 0.3176, 0.2941],
         ...,
         [0.2980, 0.3294, 0.2980,  ..., 0.3216, 0.2980, 0.2902],
         [0.2980, 0.2980, 0.2980,  ..., 0.3333, 0.3216, 0.3216],
         [0.2980, 0.2980, 0.3255,  ..., 0.2902, 0.3059, 0.3333]]])",0.4139114320278168,0.42826092
"tensor([[[0.3373, 0.3843, 0.3961,  ..., 0.3529, 0.3490, 0.3608],
         [0.3451, 0.3529, 0.3804,  ..., 0.3451, 0.3647, 0.3725],
         [0.3765, 0.3608, 0.3765,  ..., 0.3451, 0.3686, 0.3725],
         ...,
         [0.3647, 0.3843, 0.3569,  ..., 0.3765, 0.3333, 0.3529],
         [0.3765, 0.3608, 0.3804,  ..., 0.3961, 0.3804, 0.3569],
         [0.3922, 0.3647, 0.4000,  ..., 0.3451, 0.3882, 0.3686]]])",0.32988137006759644,0.38621777
"tensor([[[0.3922, 0.4157, 0.4510,  ..., 0.3686, 0.4235, 0.4235],
         [0.4118, 0.3961, 0.4392,  ..., 0.3922, 0.4353, 0.3922],
         [0.4157, 0.4157, 0.4157,  ..., 0.4157, 0.3882, 0.4000],
         ...,
         [0.4275, 0.4157, 0.3922,  ..., 0.4000, 0.4118, 0.3961],
         [0.4196, 0.4235, 0.4275,  ..., 0.4275, 0.4235, 0.4196],
         [0.4275, 0.4118, 0.4314,  ..., 0.4118, 0.4000, 0.4039]]])",0.3474139869213104,0.36892986
"tensor([[[0.3451, 0.3412, 0.3725,  ..., 0.3529, 0.3373, 0.3333],
         [0.3529, 0.3333, 0.3529,  ..., 0.3176, 0.3608, 0.3255],
         [0.3451, 0.3451, 0.3490,  ..., 0.3412, 0.3451, 0.3333],
         ...,
         [0.3765, 0.3686, 0.3412,  ..., 0.3608, 0.3529, 0.3608],
         [0.3451, 0.3412, 0.3373,  ..., 0.3490, 0.3373, 0.3529],
         [0.3294, 0.3412, 0.3529,  ..., 0.3176, 0.3255, 0.3490]]])",0.413298100233078,0.44050646
"tensor([[[0.4157, 0.4118, 0.3922,  ..., 0.4275, 0.4078, 0.3608],
         [0.4000, 0.4039, 0.4118,  ..., 0.4118, 0.3804, 0.4000],
         [0.4157, 0.3765, 0.4196,  ..., 0.4039, 0.4118, 0.3882],
         ...,
         [0.4196, 0.3882, 0.4000,  ..., 0.4039, 0.4157, 0.4078],
         [0.3725, 0.4078, 0.3843,  ..., 0.3882, 0.4039, 0.4000],
         [0.4118, 0.4039, 0.3961,  ..., 0.3843, 0.4039, 0.4118]]])",0.3925713002681732,0.4143394
"tensor([[[0.3882, 0.3882, 0.4078,  ..., 0.3961, 0.4039, 0.3686],
         [0.3647, 0.3961, 0.4000,  ..., 0.4039, 0.3765, 0.3569],
         [0.3647, 0.3490, 0.3765,  ..., 0.3882, 0.3725, 0.3529],
         ...,
         [0.3804, 0.3725, 0.3725,  ..., 0.3608, 0.3922, 0.3725],
         [0.3882, 0.3922, 0.3804,  ..., 0.3843, 0.4000, 0.3922],
         [0.3961, 0.3843, 0.3412,  ..., 0.3882, 0.3569, 0.4235]]])",0.32762059569358826,0.36986852
"tensor([[[0.4627, 0.5020, 0.4784,  ..., 0.4157, 0.4353, 0.4510],
         [0.4314, 0.4353, 0.4863,  ..., 0.4667, 0.4627, 0.4627],
         [0.5020, 0.4235, 0.4196,  ..., 0.4667, 0.4510, 0.4471],
         ...,
         [0.4118, 0.4431, 0.4706,  ..., 0.4471, 0.4510, 0.4667],
         [0.4706, 0.4824, 0.4353,  ..., 0.4824, 0.4706, 0.4314],
         [0.4588, 0.4196, 0.4510,  ..., 0.4510, 0.4392, 0.4745]]])",0.2945733070373535,0.33850178
"tensor([[[0.4627, 0.4706, 0.4510,  ..., 0.4314, 0.4353, 0.4510],
         [0.4549, 0.4549, 0.4627,  ..., 0.4588, 0.4314, 0.4824],
         [0.4549, 0.4588, 0.4549,  ..., 0.4549, 0.4627, 0.4745],
         ...,
         [0.4431, 0.4471, 0.4392,  ..., 0.4667, 0.4784, 0.4588],
         [0.4706, 0.4392, 0.4510,  ..., 0.4588, 0.4588, 0.4431],
         [0.4078, 0.4314, 0.4667,  ..., 0.4745, 0.4824, 0.4235]]])",0.3253467381000519,0.35876283
"tensor([[[0.4706, 0.4706, 0.4431,  ..., 0.4314, 0.4588, 0.5059],
         [0.4627, 0.4980, 0.4824,  ..., 0.4471, 0.4745, 0.4902],
         [0.4745, 0.4392, 0.5255,  ..., 0.4392, 0.5020, 0.4941],
         ...,
         [0.4431, 0.4667, 0.4392,  ..., 0.4471, 0.4745, 0.5137],
         [0.4549, 0.4431, 0.4353,  ..., 0.4706, 0.4706, 0.4510],
         [0.4196, 0.4118, 0.4941,  ..., 0.4941, 0.5098, 0.4824]]])",0.3113962709903717,0.34011948
"tensor([[[0.5059, 0.5333, 0.4863,  ..., 0.4902, 0.4863, 0.5176],
         [0.4902, 0.5059, 0.5098,  ..., 0.4863, 0.5098, 0.5373],
         [0.4863, 0.4941, 0.5216,  ..., 0.4706, 0.5373, 0.4863],
         ...,
         [0.4824, 0.4902, 0.5020,  ..., 0.5098, 0.5255, 0.4980],
         [0.5020, 0.4863, 0.4745,  ..., 0.4941, 0.5451, 0.5098],
         [0.4510, 0.4745, 0.4902,  ..., 0.4902, 0.5137, 0.4902]]])",0.33848297595977783,0.35833177
"tensor([[[0.4314, 0.4784, 0.4510,  ..., 0.4471, 0.4627, 0.5059],
         [0.4863, 0.4431, 0.4667,  ..., 0.4745, 0.4706, 0.4706],
         [0.4627, 0.4627, 0.4588,  ..., 0.4824, 0.4549, 0.4745],
         ...,
         [0.4196, 0.4431, 0.4588,  ..., 0.4627, 0.4745, 0.5216],
         [0.4706, 0.4627, 0.4235,  ..., 0.4588, 0.4706, 0.4392],
         [0.4510, 0.4353, 0.4471,  ..., 0.4549, 0.4745, 0.4745]]])",0.3196621537208557,0.34371948
"tensor([[[0.3725, 0.3804, 0.3804,  ..., 0.4000, 0.4000, 0.4392],
         [0.4078, 0.3804, 0.3882,  ..., 0.4118, 0.4275, 0.3961],
         [0.3922, 0.3922, 0.3882,  ..., 0.4039, 0.4000, 0.3765],
         ...,
         [0.3686, 0.3843, 0.3922,  ..., 0.3765, 0.3882, 0.4314],
         [0.3569, 0.3843, 0.3804,  ..., 0.4000, 0.4157, 0.3843],
         [0.3569, 0.4078, 0.3922,  ..., 0.3373, 0.3922, 0.3922]]])",0.2950303852558136,0.3582105
"tensor([[[0.3333, 0.3765, 0.3490,  ..., 0.3725, 0.3843, 0.3451],
         [0.3412, 0.3412, 0.3569,  ..., 0.3647, 0.3412, 0.3255],
         [0.4078, 0.3686, 0.3569,  ..., 0.3569, 0.3373, 0.3333],
         ...,
         [0.3843, 0.3412, 0.3216,  ..., 0.3333, 0.3569, 0.3725],
         [0.3059, 0.3255, 0.3569,  ..., 0.3647, 0.3451, 0.3412],
         [0.3373, 0.3451, 0.3922,  ..., 0.3647, 0.3843, 0.3373]]])",0.3057602345943451,0.38470274
"tensor([[[0.4039, 0.3922, 0.3922,  ..., 0.4000, 0.4314, 0.4039],
         [0.4157, 0.3882, 0.3961,  ..., 0.3922, 0.3843, 0.3804],
         [0.4118, 0.3882, 0.3804,  ..., 0.3765, 0.3882, 0.3451],
         ...,
         [0.3294, 0.3765, 0.4235,  ..., 0.4039, 0.3804, 0.3922],
         [0.3765, 0.4118, 0.3961,  ..., 0.3922, 0.3882, 0.3882],
         [0.4078, 0.4078, 0.3686,  ..., 0.3843, 0.4078, 0.4078]]])",0.301145076751709,0.4084168
"tensor([[[0.3098, 0.3373, 0.3373,  ..., 0.3255, 0.3294, 0.3294],
         [0.3490, 0.3059, 0.3333,  ..., 0.3294, 0.3294, 0.3255],
         [0.3490, 0.3451, 0.2941,  ..., 0.3294, 0.3137, 0.3020],
         ...,
         [0.2863, 0.3020, 0.3255,  ..., 0.3216, 0.3412, 0.3176],
         [0.3059, 0.3451, 0.3373,  ..., 0.3216, 0.3294, 0.3529],
         [0.3569, 0.3216, 0.3333,  ..., 0.3529, 0.3216, 0.3294]]])",0.3769550025463104,0.44959286
"tensor([[[0.4627, 0.4549, 0.4627,  ..., 0.4549, 0.4314, 0.4510],
         [0.4667, 0.4471, 0.4314,  ..., 0.4275, 0.4235, 0.4471],
         [0.4667, 0.4745, 0.4588,  ..., 0.4314, 0.4588, 0.4863],
         ...,
         [0.4392, 0.4392, 0.4431,  ..., 0.4588, 0.4706, 0.4627],
         [0.4471, 0.4549, 0.4824,  ..., 0.4471, 0.4549, 0.4784],
         [0.4745, 0.4745, 0.4706,  ..., 0.4745, 0.4431, 0.4510]]])",0.30922800302505493,0.40773672
"tensor([[[0.3216, 0.3216, 0.3294,  ..., 0.3216, 0.2980, 0.3216],
         [0.3294, 0.3176, 0.3137,  ..., 0.3059, 0.2980, 0.3176],
         [0.3294, 0.3373, 0.3216,  ..., 0.2941, 0.3333, 0.3569],
         ...,
         [0.3137, 0.3059, 0.3255,  ..., 0.3294, 0.3333, 0.3216],
         [0.3098, 0.3294, 0.3333,  ..., 0.3176, 0.3333, 0.3373],
         [0.3333, 0.3294, 0.3451,  ..., 0.3216, 0.3216, 0.3373]]])",0.4081408977508545,0.46279573
"tensor([[[0.3961, 0.4235, 0.4039,  ..., 0.3451, 0.3765, 0.4000],
         [0.3882, 0.4039, 0.3882,  ..., 0.3686, 0.3804, 0.3686],
         [0.4118, 0.3843, 0.3961,  ..., 0.3804, 0.3647, 0.3765],
         ...,
         [0.3765, 0.3843, 0.3922,  ..., 0.4314, 0.4275, 0.3961],
         [0.3922, 0.4000, 0.4039,  ..., 0.4118, 0.4392, 0.4275],
         [0.3451, 0.3961, 0.3882,  ..., 0.4824, 0.3843, 0.4667]]])",0.28915828466415405,0.36398727
"tensor([[[0.4039, 0.3843, 0.3451,  ..., 0.3451, 0.3608, 0.3843],
         [0.3961, 0.4078, 0.3804,  ..., 0.3765, 0.3686, 0.3647],
         [0.4157, 0.4118, 0.3922,  ..., 0.3608, 0.3490, 0.3647],
         ...,
         [0.3686, 0.3922, 0.3451,  ..., 0.3686, 0.3922, 0.4118],
         [0.3922, 0.3686, 0.3647,  ..., 0.4157, 0.3765, 0.3804],
         [0.3882, 0.3843, 0.3882,  ..., 0.4235, 0.3843, 0.3922]]])",0.3450559377670288,0.39689067
"tensor([[[0.4588, 0.4627, 0.4824,  ..., 0.4392, 0.4353, 0.4706],
         [0.4784, 0.4314, 0.4784,  ..., 0.4392, 0.4627, 0.4627],
         [0.4549, 0.4863, 0.4157,  ..., 0.4824, 0.4510, 0.4471],
         ...,
         [0.4392, 0.4706, 0.4627,  ..., 0.4510, 0.4667, 0.5059],
         [0.4627, 0.4784, 0.4431,  ..., 0.4824, 0.4706, 0.4588],
         [0.4549, 0.4667, 0.4588,  ..., 0.4510, 0.4627, 0.4902]]])",0.32652387022972107,0.38993543
"tensor([[[0.4549, 0.4118, 0.4471,  ..., 0.4235, 0.4118, 0.4471],
         [0.4549, 0.4000, 0.4196,  ..., 0.4118, 0.4588, 0.4549],
         [0.4235, 0.4588, 0.4118,  ..., 0.4588, 0.4510, 0.4314],
         ...,
         [0.4471, 0.4235, 0.4824,  ..., 0.4471, 0.4235, 0.4667],
         [0.4235, 0.4431, 0.4745,  ..., 0.4235, 0.4471, 0.4275],
         [0.4196, 0.4745, 0.4627,  ..., 0.4196, 0.4392, 0.4196]]])",0.3033006489276886,0.3647885
"tensor([[[0.4392, 0.4941, 0.4588,  ..., 0.4431, 0.4863, 0.4706],
         [0.4078, 0.4667, 0.4627,  ..., 0.4824, 0.4588, 0.4392],
         [0.4510, 0.4275, 0.4902,  ..., 0.4431, 0.4549, 0.4588],
         ...,
         [0.4784, 0.4980, 0.4745,  ..., 0.4510, 0.4431, 0.4863],
         [0.4980, 0.4824, 0.4667,  ..., 0.4431, 0.4549, 0.4392],
         [0.5059, 0.4706, 0.4549,  ..., 0.4353, 0.4471, 0.4627]]])",0.3070358335971832,0.36662966
"tensor([[[0.3922, 0.3882, 0.4118,  ..., 0.3765, 0.3961, 0.4039],
         [0.4196, 0.4039, 0.4078,  ..., 0.4000, 0.4000, 0.4471],
         [0.4157, 0.4157, 0.4353,  ..., 0.4235, 0.4745, 0.4549],
         ...,
         [0.4118, 0.4235, 0.4157,  ..., 0.4275, 0.4235, 0.4353],
         [0.4078, 0.4157, 0.4039,  ..., 0.4510, 0.4196, 0.4235],
         [0.4196, 0.4196, 0.4392,  ..., 0.4196, 0.4588, 0.4275]]])",0.31696003675460815,0.37351042
"tensor([[[0.2549, 0.2471, 0.2510,  ..., 0.2510, 0.2431, 0.2392],
         [0.2549, 0.2510, 0.2706,  ..., 0.2431, 0.2431, 0.2549],
         [0.2549, 0.2431, 0.2549,  ..., 0.2549, 0.2549, 0.2627],
         ...,
         [0.2510, 0.2471, 0.2471,  ..., 0.2588, 0.2588, 0.2588],
         [0.2431, 0.2392, 0.2549,  ..., 0.2471, 0.2588, 0.2549],
         [0.2392, 0.2431, 0.2510,  ..., 0.2471, 0.2471, 0.2510]]])",0.6544638276100159,0.63028926
"tensor([[[0.3098, 0.3059, 0.3137,  ..., 0.3098, 0.3059, 0.2980],
         [0.3059, 0.3020, 0.3059,  ..., 0.3020, 0.2980, 0.3098],
         [0.3020, 0.3020, 0.3059,  ..., 0.3059, 0.3098, 0.3059],
         ...,
         [0.3059, 0.3059, 0.3059,  ..., 0.3059, 0.3059, 0.3059],
         [0.3020, 0.3059, 0.2980,  ..., 0.2980, 0.3020, 0.3059],
         [0.3020, 0.3020, 0.3020,  ..., 0.3020, 0.2980, 0.3020]]])",0.7753491997718811,0.78386533
"tensor([[[0.2824, 0.2902, 0.2941,  ..., 0.2824, 0.2824, 0.3059],
         [0.2980, 0.2902, 0.2941,  ..., 0.2902, 0.2941, 0.2941],
         [0.2588, 0.2863, 0.2941,  ..., 0.2824, 0.2863, 0.2863],
         ...,
         [0.2824, 0.2824, 0.2902,  ..., 0.2824, 0.2784, 0.2824],
         [0.2863, 0.2902, 0.2784,  ..., 0.2824, 0.2784, 0.2824],
         [0.2784, 0.2745, 0.2784,  ..., 0.2745, 0.2824, 0.2784]]])",0.6268602609634399,0.60442466
"tensor([[[0.4863, 0.5137, 0.4863,  ..., 0.4471, 0.4471, 0.4431],
         [0.4667, 0.4824, 0.4902,  ..., 0.4588, 0.4745, 0.4980],
         [0.4627, 0.4667, 0.4706,  ..., 0.4588, 0.4706, 0.5059],
         ...,
         [0.4667, 0.4863, 0.4471,  ..., 0.4314, 0.4431, 0.4510],
         [0.4902, 0.4627, 0.4784,  ..., 0.4667, 0.4627, 0.4784],
         [0.4627, 0.4863, 0.4784,  ..., 0.4824, 0.4706, 0.4784]]])",0.31436342000961304,0.39244348
"tensor([[[0.3529, 0.3294, 0.3294,  ..., 0.3373, 0.3137, 0.3059],
         [0.3333, 0.3176, 0.3333,  ..., 0.3176, 0.2902, 0.3333],
         [0.3647, 0.3255, 0.3333,  ..., 0.3059, 0.3176, 0.3216],
         ...,
         [0.3373, 0.3176, 0.3255,  ..., 0.3373, 0.3137, 0.3176],
         [0.3216, 0.3373, 0.3490,  ..., 0.3216, 0.3137, 0.3020],
         [0.3294, 0.3490, 0.3294,  ..., 0.3255, 0.3412, 0.3412]]])",0.37587234377861023,0.40806708
"tensor([[[0.3686, 0.3333, 0.3412,  ..., 0.3216, 0.3373, 0.3059],
         [0.3569, 0.3451, 0.3412,  ..., 0.3176, 0.3176, 0.3333],
         [0.3373, 0.3608, 0.3529,  ..., 0.2980, 0.3373, 0.3333],
         ...,
         [0.3176, 0.3255, 0.3529,  ..., 0.3412, 0.3686, 0.3255],
         [0.3412, 0.3373, 0.3529,  ..., 0.3216, 0.3569, 0.3725],
         [0.3333, 0.3529, 0.3373,  ..., 0.3333, 0.3255, 0.3451]]])",0.35026422142982483,0.36819917
"tensor([[[0.3294, 0.3098, 0.3412,  ..., 0.3176, 0.2980, 0.3098],
         [0.3412, 0.3373, 0.3333,  ..., 0.3098, 0.3098, 0.3412],
         [0.3059, 0.3294, 0.3412,  ..., 0.3098, 0.3569, 0.3216],
         ...,
         [0.3098, 0.3216, 0.3294,  ..., 0.3765, 0.3725, 0.3216],
         [0.3255, 0.3176, 0.3333,  ..., 0.3020, 0.3569, 0.3490],
         [0.3176, 0.3216, 0.3608,  ..., 0.3137, 0.3059, 0.3255]]])",0.42701858282089233,0.42449245
"tensor([[[0.4588, 0.4745, 0.4902,  ..., 0.4314, 0.4784, 0.4471],
         [0.4706, 0.4431, 0.4824,  ..., 0.4706, 0.4510, 0.4431],
         [0.4392, 0.4706, 0.4784,  ..., 0.4745, 0.4627, 0.4784],
         ...,
         [0.4353, 0.4392, 0.4471,  ..., 0.4745, 0.5137, 0.4784],
         [0.4353, 0.4627, 0.4706,  ..., 0.5059, 0.5137, 0.5176],
         [0.4902, 0.4471, 0.4745,  ..., 0.4745, 0.5020, 0.5020]]])",0.3201940357685089,0.3492697
"tensor([[[0.4549, 0.4392, 0.4353,  ..., 0.3882, 0.3843, 0.4157],
         [0.3725, 0.4392, 0.4471,  ..., 0.4235, 0.3843, 0.4196],
         [0.3608, 0.3804, 0.4118,  ..., 0.3765, 0.3961, 0.4314],
         ...,
         [0.3804, 0.3804, 0.3765,  ..., 0.4078, 0.4510, 0.4275],
         [0.4118, 0.3922, 0.4000,  ..., 0.3725, 0.3882, 0.4353],
         [0.3961, 0.4157, 0.3686,  ..., 0.4039, 0.3765, 0.4118]]])",0.3076477646827698,0.34489447
"tensor([[[0.4431, 0.4745, 0.4627,  ..., 0.4196, 0.4431, 0.4471],
         [0.4235, 0.4275, 0.4549,  ..., 0.4392, 0.4275, 0.4392],
         [0.4235, 0.4314, 0.4431,  ..., 0.4235, 0.4510, 0.4667],
         ...,
         [0.3882, 0.3961, 0.4078,  ..., 0.4235, 0.4510, 0.4196],
         [0.3882, 0.4196, 0.4314,  ..., 0.4392, 0.4588, 0.4706],
         [0.4157, 0.4431, 0.4627,  ..., 0.4314, 0.4157, 0.4314]]])",0.3566369414329529,0.38133746
"tensor([[[0.4196, 0.4235, 0.4431,  ..., 0.3725, 0.4000, 0.3961],
         [0.4039, 0.4275, 0.4196,  ..., 0.3961, 0.4039, 0.4353],
         [0.3725, 0.4078, 0.4235,  ..., 0.4039, 0.4588, 0.4627],
         ...,
         [0.3608, 0.4118, 0.4039,  ..., 0.4039, 0.4314, 0.4588],
         [0.4196, 0.4275, 0.4275,  ..., 0.3804, 0.3922, 0.4039],
         [0.3843, 0.4235, 0.4353,  ..., 0.4235, 0.4196, 0.4000]]])",0.3333640396595001,0.350355
"tensor([[[0.4235, 0.4157, 0.4353,  ..., 0.3608, 0.3961, 0.3569],
         [0.3686, 0.3882, 0.3765,  ..., 0.3529, 0.3961, 0.3765],
         [0.3686, 0.3961, 0.3765,  ..., 0.4275, 0.4078, 0.3961],
         ...,
         [0.3725, 0.3608, 0.3765,  ..., 0.3569, 0.4196, 0.4157],
         [0.3529, 0.3882, 0.3725,  ..., 0.3569, 0.3686, 0.3882],
         [0.3843, 0.3922, 0.3765,  ..., 0.4000, 0.3608, 0.3451]]])",0.3330196142196655,0.36811078
"tensor([[[0.4471, 0.4196, 0.3804,  ..., 0.3569, 0.3882, 0.3882],
         [0.3725, 0.4235, 0.4000,  ..., 0.3725, 0.4078, 0.3647],
         [0.3843, 0.3882, 0.3882,  ..., 0.3961, 0.3922, 0.4118],
         ...,
         [0.4196, 0.3725, 0.3882,  ..., 0.3725, 0.3961, 0.3843],
         [0.3843, 0.3647, 0.3961,  ..., 0.3843, 0.3804, 0.3686],
         [0.3843, 0.3686, 0.4157,  ..., 0.3882, 0.4235, 0.3765]]])",0.3370124101638794,0.38332286
"tensor([[[0.3961, 0.3765, 0.3843,  ..., 0.3882, 0.3647, 0.3804],
         [0.3647, 0.3843, 0.3882,  ..., 0.3804, 0.3843, 0.3686],
         [0.4118, 0.3804, 0.3725,  ..., 0.3608, 0.3765, 0.3882],
         ...,
         [0.3804, 0.4000, 0.3569,  ..., 0.3765, 0.3529, 0.3529],
         [0.3922, 0.3843, 0.3686,  ..., 0.3686, 0.4039, 0.3569],
         [0.3765, 0.3647, 0.3765,  ..., 0.3608, 0.3843, 0.3843]]])",0.371553510427475,0.39430964
"tensor([[[0.4353, 0.4353, 0.4078,  ..., 0.3922, 0.4235, 0.4392],
         [0.3922, 0.4392, 0.4235,  ..., 0.4314, 0.4196, 0.4196],
         [0.3882, 0.4275, 0.4392,  ..., 0.4039, 0.4078, 0.4314],
         ...,
         [0.4510, 0.4196, 0.4196,  ..., 0.4157, 0.4314, 0.4275],
         [0.4627, 0.3843, 0.4118,  ..., 0.4196, 0.4118, 0.4039],
         [0.3882, 0.4235, 0.4471,  ..., 0.4157, 0.4314, 0.3922]]])",0.3276047110557556,0.35428873
"tensor([[[0.4000, 0.4000, 0.4314,  ..., 0.3765, 0.3765, 0.3843],
         [0.4118, 0.3961, 0.4118,  ..., 0.3882, 0.4118, 0.4118],
         [0.4000, 0.4078, 0.4078,  ..., 0.3961, 0.4039, 0.4078],
         ...,
         [0.4118, 0.3765, 0.4118,  ..., 0.3843, 0.4431, 0.3765],
         [0.3608, 0.3882, 0.4353,  ..., 0.3725, 0.4078, 0.4275],
         [0.3490, 0.4157, 0.4118,  ..., 0.3725, 0.3529, 0.4078]]])",0.3407467007637024,0.36693978
"tensor([[[0.3922, 0.3961, 0.3765,  ..., 0.3569, 0.3529, 0.3765],
         [0.3882, 0.3961, 0.4118,  ..., 0.3529, 0.3765, 0.4078],
         [0.3804, 0.3843, 0.3765,  ..., 0.3804, 0.4039, 0.4039],
         ...,
         [0.3961, 0.3686, 0.3922,  ..., 0.3725, 0.4000, 0.4039],
         [0.3608, 0.3765, 0.4000,  ..., 0.3647, 0.3686, 0.3961],
         [0.3412, 0.3765, 0.3882,  ..., 0.3333, 0.3569, 0.3686]]])",0.32274287939071655,0.36896876
"tensor([[[0.3686, 0.3569, 0.3961,  ..., 0.3569, 0.3059, 0.2980],
         [0.3882, 0.3804, 0.3608,  ..., 0.3373, 0.3490, 0.3333],
         [0.3843, 0.3922, 0.3725,  ..., 0.3529, 0.3216, 0.3333],
         ...,
         [0.3647, 0.3451, 0.3725,  ..., 0.3137, 0.3373, 0.3529],
         [0.3255, 0.3569, 0.3569,  ..., 0.3961, 0.3294, 0.3569],
         [0.3490, 0.3647, 0.3529,  ..., 0.3412, 0.3529, 0.3059]]])",0.3504621982574463,0.37202287
"tensor([[[0.3569, 0.3922, 0.3725,  ..., 0.4118, 0.3529, 0.4000],
         [0.3569, 0.3765, 0.3765,  ..., 0.3725, 0.3529, 0.3882],
         [0.3569, 0.3765, 0.3843,  ..., 0.3529, 0.3765, 0.3882],
         ...,
         [0.3569, 0.3647, 0.3725,  ..., 0.3686, 0.3686, 0.3765],
         [0.3725, 0.3961, 0.3765,  ..., 0.3490, 0.3922, 0.3608],
         [0.3961, 0.3961, 0.3647,  ..., 0.3529, 0.3647, 0.3961]]])",0.3384760618209839,0.35130456
"tensor([[[0.3529, 0.3569, 0.3294,  ..., 0.3608, 0.3569, 0.3804],
         [0.3412, 0.3490, 0.3647,  ..., 0.3608, 0.3647, 0.3686],
         [0.3255, 0.3490, 0.3529,  ..., 0.3608, 0.3451, 0.3647],
         ...,
         [0.3333, 0.3451, 0.3647,  ..., 0.3333, 0.3804, 0.3647],
         [0.3765, 0.3725, 0.3843,  ..., 0.2902, 0.3569, 0.3569],
         [0.3647, 0.3725, 0.3765,  ..., 0.3333, 0.3255, 0.3843]]])",0.35909008979797363,0.48945016
"tensor([[[0.4157, 0.4392, 0.4392,  ..., 0.4706, 0.5098, 0.4588],
         [0.4627, 0.4824, 0.4706,  ..., 0.4980, 0.4667, 0.4863],
         [0.4471, 0.4353, 0.4824,  ..., 0.4706, 0.4627, 0.4627],
         ...,
         [0.5137, 0.4431, 0.4627,  ..., 0.4706, 0.4980, 0.4588],
         [0.4745, 0.4863, 0.5098,  ..., 0.3804, 0.4667, 0.4863],
         [0.4980, 0.4941, 0.4980,  ..., 0.4235, 0.4549, 0.4863]]])",0.34124118089675903,0.45570043
"tensor([[[0.4235, 0.4078, 0.4353,  ..., 0.4392, 0.4431, 0.4392],
         [0.4039, 0.3725, 0.4235,  ..., 0.4392, 0.4431, 0.4549],
         [0.4196, 0.3961, 0.3961,  ..., 0.4431, 0.4353, 0.4196],
         ...,
         [0.4667, 0.4392, 0.4157,  ..., 0.4118, 0.4471, 0.4941],
         [0.4078, 0.4196, 0.4510,  ..., 0.4118, 0.4235, 0.4431],
         [0.4392, 0.4667, 0.4353,  ..., 0.4000, 0.4039, 0.4392]]])",0.3220605254173279,0.3738677
"tensor([[[0.4431, 0.3333, 0.4235,  ..., 0.4627, 0.4118, 0.4118],
         [0.3882, 0.3804, 0.3373,  ..., 0.4431, 0.3961, 0.4078],
         [0.3922, 0.3882, 0.3843,  ..., 0.3882, 0.3843, 0.4157],
         ...,
         [0.4392, 0.4314, 0.4235,  ..., 0.4078, 0.4510, 0.4471],
         [0.3608, 0.4039, 0.4078,  ..., 0.3569, 0.3882, 0.3961],
         [0.4902, 0.4549, 0.4392,  ..., 0.4039, 0.4157, 0.3608]]])",0.3229926824569702,0.35568595
"tensor([[[0.3412, 0.3412, 0.3882,  ..., 0.4078, 0.4314, 0.3412],
         [0.3804, 0.3255, 0.3451,  ..., 0.4235, 0.3686, 0.3608],
         [0.3843, 0.3529, 0.3216,  ..., 0.3725, 0.3294, 0.4039],
         ...,
         [0.3412, 0.4078, 0.3961,  ..., 0.3961, 0.3961, 0.3529],
         [0.4000, 0.4000, 0.3725,  ..., 0.3686, 0.3765, 0.3647],
         [0.4039, 0.4118, 0.4275,  ..., 0.3490, 0.3686, 0.3373]]])",0.32714542746543884,0.35779583
"tensor([[[0.4157, 0.4353, 0.4745,  ..., 0.4667, 0.4706, 0.4902],
         [0.4510, 0.4196, 0.4471,  ..., 0.4627, 0.4667, 0.4549],
         [0.4627, 0.4275, 0.4235,  ..., 0.4314, 0.4392, 0.4471],
         ...,
         [0.4078, 0.4627, 0.4784,  ..., 0.4392, 0.4314, 0.4431],
         [0.4824, 0.4941, 0.4706,  ..., 0.4588, 0.4353, 0.4039],
         [0.4824, 0.4902, 0.5098,  ..., 0.4667, 0.4314, 0.4118]]])",0.3694749176502228,0.38751772
"tensor([[[0.4235, 0.4314, 0.4706,  ..., 0.4353, 0.4392, 0.4627],
         [0.4157, 0.4275, 0.4471,  ..., 0.4667, 0.4549, 0.4706],
         [0.3961, 0.4118, 0.4510,  ..., 0.4627, 0.4275, 0.4863],
         ...,
         [0.4275, 0.4627, 0.4784,  ..., 0.4235, 0.4314, 0.4235],
         [0.4863, 0.4471, 0.4824,  ..., 0.4706, 0.3922, 0.4471],
         [0.4549, 0.4863, 0.5216,  ..., 0.4863, 0.4000, 0.4196]]])",0.3045456111431122,0.34208667
"tensor([[[0.4039, 0.4471, 0.4863,  ..., 0.4235, 0.4627, 0.4431],
         [0.4118, 0.4275, 0.4588,  ..., 0.4863, 0.4902, 0.4431],
         [0.4078, 0.4157, 0.4706,  ..., 0.4980, 0.4353, 0.4196],
         ...,
         [0.3804, 0.4745, 0.4706,  ..., 0.4392, 0.4471, 0.4078],
         [0.4627, 0.4706, 0.4588,  ..., 0.4118, 0.4706, 0.4471],
         [0.4588, 0.4588, 0.5216,  ..., 0.4353, 0.3961, 0.4353]]])",0.3013353943824768,0.34221837
"tensor([[[0.3804, 0.3804, 0.4353,  ..., 0.3843, 0.4588, 0.3961],
         [0.4039, 0.3608, 0.4275,  ..., 0.4235, 0.4157, 0.3647],
         [0.3843, 0.4000, 0.3686,  ..., 0.4353, 0.3804, 0.3804],
         ...,
         [0.4039, 0.4314, 0.4471,  ..., 0.3843, 0.4196, 0.3961],
         [0.3529, 0.4275, 0.3686,  ..., 0.3725, 0.4235, 0.3843],
         [0.3804, 0.4431, 0.4196,  ..., 0.3922, 0.3765, 0.4314]]])",0.3219982981681824,0.36391735
"tensor([[[0.3255, 0.3882, 0.3961,  ..., 0.3686, 0.3961, 0.3843],
         [0.3373, 0.3333, 0.3843,  ..., 0.3843, 0.3922, 0.3961],
         [0.4118, 0.3451, 0.3647,  ..., 0.3686, 0.3843, 0.3451],
         ...,
         [0.4314, 0.4157, 0.3529,  ..., 0.3765, 0.4039, 0.3725],
         [0.4118, 0.3569, 0.3961,  ..., 0.3647, 0.4078, 0.3569],
         [0.3647, 0.3529, 0.3961,  ..., 0.3843, 0.3804, 0.3725]]])",0.34801530838012695,0.38273203
"tensor([[[0.3647, 0.3804, 0.3725,  ..., 0.3725, 0.3569, 0.3882],
         [0.3373, 0.3647, 0.3647,  ..., 0.3686, 0.3765, 0.3765],
         [0.3412, 0.3569, 0.3608,  ..., 0.3843, 0.3765, 0.3529],
         ...,
         [0.4392, 0.3725, 0.3412,  ..., 0.4000, 0.3804, 0.4196],
         [0.3725, 0.3451, 0.3843,  ..., 0.3765, 0.3882, 0.3804],
         [0.3216, 0.3608, 0.3765,  ..., 0.3882, 0.3725, 0.3725]]])",0.36303621530532837,0.38218638
"tensor([[[0.3412, 0.3569, 0.3294,  ..., 0.3412, 0.3412, 0.3294],
         [0.3020, 0.3255, 0.3294,  ..., 0.3294, 0.3294, 0.3333],
         [0.3098, 0.3098, 0.3412,  ..., 0.3020, 0.3569, 0.3333],
         ...,
         [0.3333, 0.3294, 0.3020,  ..., 0.3412, 0.3529, 0.3922],
         [0.3294, 0.3020, 0.3059,  ..., 0.3333, 0.3176, 0.3333],
         [0.3176, 0.3529, 0.3451,  ..., 0.2941, 0.3608, 0.3569]]])",0.4015858471393585,0.40681827
"tensor([[[0.4471, 0.4196, 0.3961,  ..., 0.4118, 0.4235, 0.4235],
         [0.3961, 0.4196, 0.4118,  ..., 0.4078, 0.4235, 0.3961],
         [0.3882, 0.3843, 0.4353,  ..., 0.3882, 0.4235, 0.4314],
         ...,
         [0.4078, 0.4157, 0.3882,  ..., 0.4235, 0.4353, 0.4745],
         [0.3961, 0.4039, 0.3686,  ..., 0.4078, 0.3882, 0.4078],
         [0.4235, 0.4078, 0.4000,  ..., 0.3882, 0.4235, 0.4353]]])",0.38243550062179565,0.39976016
"tensor([[[0.4000, 0.3882, 0.3765,  ..., 0.3922, 0.4157, 0.3765],
         [0.3725, 0.3882, 0.3922,  ..., 0.4039, 0.3882, 0.3804],
         [0.3686, 0.3686, 0.4000,  ..., 0.3804, 0.3922, 0.4000],
         ...,
         [0.3686, 0.3725, 0.3765,  ..., 0.4000, 0.4000, 0.4118],
         [0.3569, 0.3882, 0.3569,  ..., 0.3725, 0.3765, 0.3882],
         [0.4157, 0.3882, 0.3882,  ..., 0.3843, 0.3686, 0.4078]]])",0.3830021023750305,0.39570373
"tensor([[[0.3451, 0.3922, 0.3804,  ..., 0.3843, 0.3804, 0.3725],
         [0.3569, 0.3451, 0.3882,  ..., 0.3725, 0.3922, 0.3608],
         [0.3451, 0.3529, 0.3843,  ..., 0.3569, 0.3686, 0.3686],
         ...,
         [0.3647, 0.3569, 0.3725,  ..., 0.3922, 0.3686, 0.3843],
         [0.3686, 0.3765, 0.3686,  ..., 0.3765, 0.3725, 0.3765],
         [0.3647, 0.3490, 0.3647,  ..., 0.3647, 0.3725, 0.3647]]])",0.3271734118461609,0.3650244
"tensor([[[0.3765, 0.3765, 0.4039,  ..., 0.3725, 0.3843, 0.4039],
         [0.3882, 0.3804, 0.3804,  ..., 0.3804, 0.4118, 0.4118],
         [0.3922, 0.3922, 0.3922,  ..., 0.4078, 0.4000, 0.3843],
         ...,
         [0.3882, 0.4000, 0.4000,  ..., 0.4235, 0.4000, 0.3882],
         [0.3843, 0.3922, 0.3686,  ..., 0.3961, 0.4078, 0.3961],
         [0.3922, 0.3843, 0.3843,  ..., 0.4078, 0.4039, 0.4039]]])",0.38615134358406067,0.40588266
"tensor([[[0.4510, 0.5020, 0.4745,  ..., 0.4588, 0.4745, 0.4745],
         [0.4745, 0.4706, 0.4980,  ..., 0.4667, 0.4706, 0.4510],
         [0.4392, 0.4588, 0.4745,  ..., 0.4588, 0.4706, 0.4588],
         ...,
         [0.4471, 0.4471, 0.4549,  ..., 0.4667, 0.4549, 0.4510],
         [0.4471, 0.4627, 0.4314,  ..., 0.4627, 0.4863, 0.4588],
         [0.4627, 0.4510, 0.4588,  ..., 0.3961, 0.4784, 0.5020]]])",0.3300531208515167,0.39533055
"tensor([[[0.4510, 0.4627, 0.4510,  ..., 0.4235, 0.4275, 0.4235],
         [0.4431, 0.4314, 0.4588,  ..., 0.4235, 0.4431, 0.4431],
         [0.4314, 0.4314, 0.4431,  ..., 0.4353, 0.4275, 0.4235],
         ...,
         [0.4196, 0.4118, 0.4314,  ..., 0.4549, 0.4353, 0.4275],
         [0.4275, 0.4235, 0.4157,  ..., 0.4314, 0.4431, 0.4471],
         [0.4078, 0.4235, 0.4235,  ..., 0.4196, 0.4314, 0.4549]]])",0.29972419142723083,0.37018418
"tensor([[[0.3647, 0.3843, 0.4000,  ..., 0.3647, 0.3843, 0.3608],
         [0.3961, 0.3882, 0.3804,  ..., 0.3608, 0.3686, 0.3686],
         [0.3451, 0.3882, 0.3843,  ..., 0.3608, 0.3961, 0.3569],
         ...,
         [0.3647, 0.3412, 0.3725,  ..., 0.3373, 0.3451, 0.3647],
         [0.3647, 0.3412, 0.3529,  ..., 0.3490, 0.3451, 0.3529],
         [0.3686, 0.3569, 0.3373,  ..., 0.3647, 0.3608, 0.3608]]])",0.3938722312450409,0.3915872
"tensor([[[0.3451, 0.3725, 0.3529,  ..., 0.3686, 0.3608, 0.3490],
         [0.3608, 0.3529, 0.3569,  ..., 0.3608, 0.3608, 0.3255],
         [0.3804, 0.3569, 0.3529,  ..., 0.3647, 0.3255, 0.3098],
         ...,
         [0.3373, 0.3529, 0.3333,  ..., 0.3529, 0.3490, 0.3373],
         [0.3451, 0.3451, 0.3569,  ..., 0.3608, 0.3490, 0.3529],
         [0.3647, 0.3451, 0.3686,  ..., 0.3490, 0.3529, 0.3686]]])",0.49903613328933716,0.4600528
"tensor([[[0.4431, 0.4157, 0.4353,  ..., 0.4275, 0.4157, 0.3765],
         [0.4588, 0.3882, 0.4275,  ..., 0.4196, 0.3608, 0.3725],
         [0.4275, 0.4157, 0.3961,  ..., 0.3765, 0.3725, 0.4039],
         ...,
         [0.3843, 0.4353, 0.4039,  ..., 0.4235, 0.4235, 0.4078],
         [0.4431, 0.4431, 0.3804,  ..., 0.4078, 0.4118, 0.4314],
         [0.4275, 0.3922, 0.3490,  ..., 0.3961, 0.4118, 0.3961]]])",0.37612152099609375,0.35743588
"tensor([[[0.3882, 0.3765, 0.3765,  ..., 0.3569, 0.3490, 0.3490],
         [0.3647, 0.3686, 0.3529,  ..., 0.3373, 0.3647, 0.3451],
         [0.3529, 0.3412, 0.3686,  ..., 0.3490, 0.3569, 0.3451],
         ...,
         [0.3961, 0.3882, 0.3176,  ..., 0.3686, 0.3882, 0.3961],
         [0.3647, 0.3412, 0.3412,  ..., 0.3569, 0.3647, 0.3804],
         [0.3412, 0.3608, 0.3882,  ..., 0.3529, 0.3451, 0.3804]]])",0.41966623067855835,0.39612305
"tensor([[[0.3059, 0.3490, 0.3294,  ..., 0.2980, 0.3020, 0.3216],
         [0.2863, 0.3216, 0.3255,  ..., 0.3255, 0.3373, 0.3098],
         [0.2980, 0.3137, 0.3490,  ..., 0.3176, 0.3137, 0.3255],
         ...,
         [0.3098, 0.3216, 0.2980,  ..., 0.3255, 0.3451, 0.2902],
         [0.3255, 0.3098, 0.3176,  ..., 0.3059, 0.3373, 0.3137],
         [0.3412, 0.2941, 0.3255,  ..., 0.3294, 0.3216, 0.3216]]])",0.38590916991233826,0.37816682
"tensor([[[0.3569, 0.3373, 0.3529,  ..., 0.3608, 0.3569, 0.3490],
         [0.3373, 0.3529, 0.3647,  ..., 0.3216, 0.3255, 0.3412],
         [0.3137, 0.3333, 0.3529,  ..., 0.3333, 0.3843, 0.3529],
         ...,
         [0.3608, 0.3294, 0.3098,  ..., 0.3529, 0.3333, 0.2824],
         [0.3255, 0.3294, 0.3137,  ..., 0.3608, 0.3373, 0.2980],
         [0.3490, 0.3333, 0.3176,  ..., 0.3569, 0.3529, 0.3020]]])",0.4419347047805786,0.5195459
"tensor([[[0.3529, 0.4039, 0.4078,  ..., 0.3804, 0.3804, 0.3882],
         [0.3490, 0.4000, 0.4078,  ..., 0.3725, 0.3961, 0.4353],
         [0.3922, 0.3804, 0.3922,  ..., 0.3765, 0.4039, 0.4039],
         ...,
         [0.4235, 0.4078, 0.3373,  ..., 0.4039, 0.3843, 0.3647],
         [0.3765, 0.3490, 0.3608,  ..., 0.3882, 0.3882, 0.3255],
         [0.3569, 0.3451, 0.4039,  ..., 0.4039, 0.3882, 0.3804]]])",0.4131626784801483,0.5777711
"tensor([[[0.3490, 0.3412, 0.3333,  ..., 0.3059, 0.3333, 0.3569],
         [0.3020, 0.3176, 0.3294,  ..., 0.3333, 0.3529, 0.3686],
         [0.3490, 0.3216, 0.3373,  ..., 0.3451, 0.3490, 0.3451],
         ...,
         [0.3255, 0.3137, 0.3098,  ..., 0.3216, 0.3373, 0.3216],
         [0.3020, 0.3216, 0.3098,  ..., 0.3176, 0.3216, 0.3255],
         [0.3294, 0.3255, 0.3412,  ..., 0.3137, 0.3137, 0.3412]]])",0.44132834672927856,0.5755925
"tensor([[[0.4235, 0.4471, 0.4431,  ..., 0.4078, 0.4431, 0.4824],
         [0.4314, 0.4196, 0.4275,  ..., 0.4353, 0.4627, 0.4549],
         [0.4275, 0.4235, 0.4392,  ..., 0.4431, 0.4431, 0.4235],
         ...,
         [0.4314, 0.4196, 0.4157,  ..., 0.4549, 0.4510, 0.4078],
         [0.4235, 0.4039, 0.4235,  ..., 0.3765, 0.4392, 0.4353],
         [0.3961, 0.4157, 0.4392,  ..., 0.4314, 0.4118, 0.4549]]])",0.41314008831977844,0.52159846
"tensor([[[0.4039, 0.4118, 0.4039,  ..., 0.3961, 0.4275, 0.4157],
         [0.4000, 0.4157, 0.4039,  ..., 0.4157, 0.3961, 0.4039],
         [0.4039, 0.3922, 0.4078,  ..., 0.3765, 0.4039, 0.4039],
         ...,
         [0.3961, 0.3843, 0.4157,  ..., 0.4196, 0.4314, 0.4000],
         [0.4078, 0.3882, 0.4353,  ..., 0.3843, 0.3922, 0.4118],
         [0.3765, 0.3765, 0.3961,  ..., 0.3922, 0.4039, 0.3961]]])",0.4454793632030487,0.5305855
"tensor([[[0.2824, 0.3490, 0.3255,  ..., 0.2941, 0.3255, 0.3098],
         [0.2784, 0.3059, 0.3529,  ..., 0.3020, 0.3137, 0.3176],
         [0.3294, 0.2902, 0.2941,  ..., 0.2941, 0.3020, 0.3216],
         ...,
         [0.2902, 0.3137, 0.2824,  ..., 0.3176, 0.3294, 0.3294],
         [0.3255, 0.3059, 0.3294,  ..., 0.2941, 0.2941, 0.3137],
         [0.3137, 0.3059, 0.2902,  ..., 0.3059, 0.2941, 0.2902]]])",0.4470517635345459,0.38747767
"tensor([[[0.4157, 0.4471, 0.4235,  ..., 0.3843, 0.3765, 0.4078],
         [0.4000, 0.4314, 0.4392,  ..., 0.3882, 0.4000, 0.4275],
         [0.3882, 0.4039, 0.4471,  ..., 0.4039, 0.4078, 0.4353],
         ...,
         [0.4078, 0.3961, 0.3843,  ..., 0.4157, 0.4275, 0.4314],
         [0.4235, 0.4118, 0.4235,  ..., 0.3647, 0.3961, 0.4118],
         [0.4078, 0.4314, 0.3922,  ..., 0.3922, 0.3725, 0.3882]]])",0.4244956076145172,0.39364186
"tensor([[[0.5020, 0.4824, 0.4510,  ..., 0.4275, 0.4588, 0.4510],
         [0.4667, 0.5059, 0.4510,  ..., 0.4588, 0.4549, 0.4431],
         [0.4275, 0.4745, 0.4941,  ..., 0.4431, 0.4588, 0.4627],
         ...,
         [0.4471, 0.4431, 0.4588,  ..., 0.4431, 0.4471, 0.4824],
         [0.4588, 0.4549, 0.4667,  ..., 0.4235, 0.4314, 0.4627],
         [0.4314, 0.4510, 0.4745,  ..., 0.4431, 0.4118, 0.4314]]])",0.4324485957622528,0.4151328
"tensor([[[0.4118, 0.3882, 0.3882,  ..., 0.3451, 0.3725, 0.3686],
         [0.4118, 0.3882, 0.3686,  ..., 0.3725, 0.3725, 0.3765],
         [0.3882, 0.4078, 0.3843,  ..., 0.3804, 0.3686, 0.3725],
         ...,
         [0.4000, 0.3647, 0.3686,  ..., 0.3686, 0.3490, 0.3882],
         [0.3765, 0.3765, 0.3882,  ..., 0.3647, 0.3686, 0.3529],
         [0.3647, 0.3882, 0.3529,  ..., 0.3294, 0.3961, 0.3608]]])",0.4719037115573883,0.56156576
"tensor([[[0.3961, 0.3490, 0.3961,  ..., 0.3804, 0.3608, 0.3961],
         [0.4039, 0.3961, 0.3765,  ..., 0.3686, 0.3765, 0.3843],
         [0.4039, 0.4118, 0.4078,  ..., 0.3765, 0.3765, 0.3765],
         ...,
         [0.3922, 0.4118, 0.3725,  ..., 0.3843, 0.3686, 0.3333],
         [0.4000, 0.3882, 0.3608,  ..., 0.3686, 0.3961, 0.3608],
         [0.3686, 0.3529, 0.3647,  ..., 0.3882, 0.3922, 0.3961]]])",0.439487099647522,0.5263637
"tensor([[[0.3569, 0.3216, 0.3765,  ..., 0.3412, 0.3569, 0.3294],
         [0.3882, 0.3725, 0.3373,  ..., 0.3373, 0.3451, 0.3765],
         [0.3529, 0.4000, 0.3725,  ..., 0.3529, 0.3686, 0.3725],
         ...,
         [0.3882, 0.3922, 0.3412,  ..., 0.3412, 0.3373, 0.3176],
         [0.3804, 0.3804, 0.3529,  ..., 0.3804, 0.3529, 0.3725],
         [0.4078, 0.3529, 0.3176,  ..., 0.3647, 0.3490, 0.3882]]])",0.43203505873680115,0.41847908
"tensor([[[0.4078, 0.3922, 0.3961,  ..., 0.3804, 0.3804, 0.4275],
         [0.3843, 0.4196, 0.3922,  ..., 0.3686, 0.4314, 0.4157],
         [0.3569, 0.3843, 0.4118,  ..., 0.4353, 0.4000, 0.4078],
         ...,
         [0.3961, 0.3922, 0.3882,  ..., 0.3804, 0.3569, 0.4039],
         [0.3961, 0.4000, 0.4157,  ..., 0.3961, 0.3686, 0.4000],
         [0.4157, 0.4196, 0.3569,  ..., 0.4196, 0.3882, 0.3843]]])",0.3837537467479706,0.37333238
"tensor([[[0.3333, 0.4000, 0.3725,  ..., 0.3216, 0.3490, 0.3608],
         [0.3333, 0.3569, 0.4157,  ..., 0.3176, 0.3765, 0.3608],
         [0.3373, 0.3059, 0.3686,  ..., 0.3843, 0.3882, 0.3608],
         ...,
         [0.3804, 0.3412, 0.3490,  ..., 0.3412, 0.3255, 0.3608],
         [0.3294, 0.3451, 0.3412,  ..., 0.3333, 0.3490, 0.3216],
         [0.3294, 0.3490, 0.3333,  ..., 0.3255, 0.3569, 0.3569]]])",0.44545644521713257,0.41068697
"tensor([[[0.2941, 0.3176, 0.3294,  ..., 0.2784, 0.2941, 0.3098],
         [0.3098, 0.3294, 0.3137,  ..., 0.2941, 0.2941, 0.2980],
         [0.2784, 0.3176, 0.3137,  ..., 0.2863, 0.3059, 0.3098],
         ...,
         [0.2824, 0.3059, 0.3137,  ..., 0.2824, 0.3059, 0.2824],
         [0.3020, 0.3176, 0.2980,  ..., 0.2784, 0.2706, 0.3333],
         [0.3255, 0.2941, 0.2941,  ..., 0.2902, 0.3020, 0.3098]]])",0.4853324294090271,0.51527196
"tensor([[[0.3451, 0.3608, 0.3686,  ..., 0.3176, 0.3216, 0.3176],
         [0.3608, 0.3569, 0.3725,  ..., 0.3216, 0.3373, 0.3529],
         [0.3529, 0.3725, 0.3529,  ..., 0.3412, 0.3608, 0.3373],
         ...,
         [0.3373, 0.3412, 0.3647,  ..., 0.3529, 0.3373, 0.3686],
         [0.3412, 0.3412, 0.3490,  ..., 0.3294, 0.3569, 0.3765],
         [0.3490, 0.3569, 0.3608,  ..., 0.3294, 0.3333, 0.3059]]])",0.4939216375350952,0.42582187
"tensor([[[0.4118, 0.4275, 0.4392,  ..., 0.3765, 0.3882, 0.4039],
         [0.4157, 0.4314, 0.4196,  ..., 0.3804, 0.4000, 0.4196],
         [0.4157, 0.4235, 0.4235,  ..., 0.4157, 0.4000, 0.4039],
         ...,
         [0.3922, 0.4118, 0.4196,  ..., 0.4353, 0.4157, 0.4235],
         [0.4118, 0.4157, 0.4235,  ..., 0.4000, 0.4235, 0.4392],
         [0.4157, 0.4118, 0.4235,  ..., 0.3686, 0.3922, 0.3686]]])",0.5144985318183899,0.44212335
"tensor([[[0.3882, 0.4118, 0.3569,  ..., 0.3216, 0.3569, 0.3373],
         [0.3804, 0.3804, 0.3725,  ..., 0.3412, 0.3412, 0.3608],
         [0.3922, 0.3882, 0.3647,  ..., 0.3294, 0.3490, 0.3490],
         ...,
         [0.3412, 0.3569, 0.3608,  ..., 0.3451, 0.3216, 0.3333],
         [0.3569, 0.3765, 0.3804,  ..., 0.3765, 0.3804, 0.3725],
         [0.3804, 0.3922, 0.3608,  ..., 0.3216, 0.3725, 0.3686]]])",0.5158736109733582,0.45295823
"tensor([[[0.3686, 0.3686, 0.3686,  ..., 0.3333, 0.3490, 0.3255],
         [0.3725, 0.3686, 0.3765,  ..., 0.3294, 0.3216, 0.3216],
         [0.3176, 0.3608, 0.3569,  ..., 0.3333, 0.3216, 0.3412],
         ...,
         [0.3725, 0.3373, 0.3569,  ..., 0.3333, 0.3333, 0.3529],
         [0.3137, 0.3216, 0.3569,  ..., 0.3294, 0.3333, 0.3804],
         [0.3294, 0.3882, 0.3608,  ..., 0.2745, 0.3294, 0.3216]]])",0.5321841239929199,0.48539555
"tensor([[[0.3647, 0.3843, 0.4039,  ..., 0.3529, 0.3490, 0.3451],
         [0.3373, 0.3569, 0.3882,  ..., 0.3373, 0.3294, 0.3373],
         [0.3176, 0.3569, 0.3686,  ..., 0.3098, 0.3373, 0.3569],
         ...,
         [0.3373, 0.3451, 0.3451,  ..., 0.3608, 0.3961, 0.3804],
         [0.3216, 0.3412, 0.3451,  ..., 0.3020, 0.3490, 0.3922],
         [0.3412, 0.3490, 0.3608,  ..., 0.2824, 0.2588, 0.3373]]])",0.5019438862800598,0.5264891
"tensor([[[0.2902, 0.3255, 0.3255,  ..., 0.2863, 0.2824, 0.2863],
         [0.3098, 0.2980, 0.3059,  ..., 0.2784, 0.2667, 0.2980],
         [0.2980, 0.3137, 0.3059,  ..., 0.2745, 0.3059, 0.3098],
         ...,
         [0.2706, 0.2706, 0.2824,  ..., 0.2784, 0.3412, 0.3451],
         [0.2745, 0.2902, 0.3176,  ..., 0.2392, 0.2667, 0.2980],
         [0.2902, 0.3020, 0.3216,  ..., 0.2745, 0.2549, 0.3020]]])",0.47405341267585754,0.50050396
"tensor([[[0.2706, 0.2510, 0.3176,  ..., 0.2706, 0.2706, 0.2941],
         [0.3176, 0.2784, 0.2980,  ..., 0.2824, 0.2824, 0.3137],
         [0.3255, 0.2824, 0.2745,  ..., 0.2667, 0.3098, 0.2980],
         ...,
         [0.2706, 0.2667, 0.2824,  ..., 0.2824, 0.3294, 0.3059],
         [0.2784, 0.2824, 0.3020,  ..., 0.2471, 0.2745, 0.3216],
         [0.2863, 0.2824, 0.3255,  ..., 0.2784, 0.2627, 0.3216]]])",0.47062283754348755,0.531795
"tensor([[[0.2627, 0.2627, 0.2824,  ..., 0.2549, 0.2588, 0.2745],
         [0.3098, 0.2667, 0.2706,  ..., 0.2745, 0.2745, 0.2863],
         [0.3098, 0.2980, 0.2667,  ..., 0.2706, 0.2627, 0.2824],
         ...,
         [0.2824, 0.2863, 0.2863,  ..., 0.2510, 0.2588, 0.2824],
         [0.2745, 0.2706, 0.2706,  ..., 0.2745, 0.2627, 0.3020],
         [0.2745, 0.2588, 0.2745,  ..., 0.2784, 0.2431, 0.2510]]])",0.5464559197425842,0.57950544
"tensor([[[0.3255, 0.3216, 0.3176,  ..., 0.3294, 0.3294, 0.3333],
         [0.3608, 0.3451, 0.3294,  ..., 0.3294, 0.3373, 0.3098],
         [0.3569, 0.3294, 0.3490,  ..., 0.3451, 0.3137, 0.3412],
         ...,
         [0.3490, 0.3176, 0.3176,  ..., 0.3255, 0.2980, 0.3294],
         [0.3216, 0.3255, 0.3373,  ..., 0.3412, 0.3412, 0.3412],
         [0.3216, 0.3176, 0.3255,  ..., 0.3412, 0.3137, 0.3216]]])",0.4902440309524536,0.5530262
"tensor([[[0.3412, 0.3451, 0.3529,  ..., 0.3412, 0.3373, 0.3098],
         [0.3333, 0.3294, 0.3490,  ..., 0.3451, 0.3255, 0.3294],
         [0.3490, 0.3412, 0.3333,  ..., 0.3333, 0.3216, 0.3373],
         ...,
         [0.3333, 0.2902, 0.3137,  ..., 0.3176, 0.2980, 0.3333],
         [0.3255, 0.3098, 0.3098,  ..., 0.3412, 0.3255, 0.3137],
         [0.3333, 0.3176, 0.3255,  ..., 0.3333, 0.3686, 0.3333]]])",0.5044974088668823,0.49690455
"tensor([[[0.2863, 0.2902, 0.2902,  ..., 0.2784, 0.2784, 0.2510],
         [0.2824, 0.2745, 0.2863,  ..., 0.2941, 0.2627, 0.2824],
         [0.2863, 0.2902, 0.2706,  ..., 0.2549, 0.2667, 0.2706],
         ...,
         [0.2745, 0.2314, 0.2588,  ..., 0.2667, 0.2275, 0.2863],
         [0.2627, 0.2549, 0.2667,  ..., 0.2902, 0.2588, 0.2471],
         [0.2745, 0.2667, 0.2784,  ..., 0.2863, 0.2980, 0.2588]]])",0.5685141086578369,0.615609
"tensor([[[0.3686, 0.3333, 0.3333,  ..., 0.3373, 0.2980, 0.3098],
         [0.3647, 0.3569, 0.3451,  ..., 0.3412, 0.3451, 0.3412],
         [0.3412, 0.3529, 0.3373,  ..., 0.3255, 0.3294, 0.3216],
         ...,
         [0.3451, 0.3176, 0.3020,  ..., 0.3451, 0.2980, 0.2902],
         [0.3529, 0.3255, 0.3412,  ..., 0.3373, 0.3294, 0.2980],
         [0.3529, 0.3294, 0.3373,  ..., 0.3569, 0.3333, 0.3451]]])",0.4838399291038513,0.5045831
"tensor([[[0.4431, 0.3843, 0.3608,  ..., 0.3843, 0.3451, 0.3451],
         [0.3922, 0.4000, 0.3647,  ..., 0.3804, 0.3804, 0.3647],
         [0.3922, 0.3882, 0.3804,  ..., 0.3686, 0.3608, 0.3647],
         ...,
         [0.3529, 0.3647, 0.3569,  ..., 0.3804, 0.3725, 0.3569],
         [0.3961, 0.3804, 0.3843,  ..., 0.3804, 0.3686, 0.3412],
         [0.3804, 0.3765, 0.3647,  ..., 0.3804, 0.3804, 0.3725]]])",0.4797701835632324,0.5392777
"tensor([[[0.3843, 0.3569, 0.3137,  ..., 0.3569, 0.3373, 0.3255],
         [0.3373, 0.3686, 0.3176,  ..., 0.3373, 0.3373, 0.3529],
         [0.3176, 0.3725, 0.3412,  ..., 0.3294, 0.3529, 0.3176],
         ...,
         [0.2980, 0.3137, 0.3451,  ..., 0.3608, 0.3412, 0.3216],
         [0.3569, 0.3529, 0.3529,  ..., 0.3412, 0.3255, 0.3176],
         [0.3608, 0.3294, 0.3255,  ..., 0.3451, 0.3451, 0.3098]]])",0.4256819486618042,0.5198481
"tensor([[[0.2902, 0.2824, 0.2706,  ..., 0.2667, 0.2784, 0.3176],
         [0.2980, 0.2980, 0.2902,  ..., 0.2784, 0.3216, 0.3137],
         [0.2784, 0.2902, 0.2706,  ..., 0.2902, 0.3059, 0.2588],
         ...,
         [0.2745, 0.2745, 0.2824,  ..., 0.2863, 0.2667, 0.2627],
         [0.2588, 0.2745, 0.2824,  ..., 0.2745, 0.2941, 0.2706],
         [0.2784, 0.2941, 0.2824,  ..., 0.2745, 0.2863, 0.2706]]])",0.5029541850090027,0.5420125
"tensor([[[0.3765, 0.3412, 0.3725,  ..., 0.3412, 0.3608, 0.3804],
         [0.3765, 0.3373, 0.3569,  ..., 0.3647, 0.3765, 0.3647],
         [0.3765, 0.3647, 0.3529,  ..., 0.3569, 0.3569, 0.3608],
         ...,
         [0.3569, 0.3490, 0.3529,  ..., 0.3608, 0.3451, 0.3373],
         [0.3294, 0.3490, 0.3529,  ..., 0.3451, 0.3490, 0.3373],
         [0.3608, 0.3569, 0.3608,  ..., 0.3569, 0.3725, 0.3490]]])",0.5356096029281616,0.5161543
"tensor([[[0.3020, 0.2863, 0.2510,  ..., 0.2941, 0.2824, 0.3216],
         [0.3059, 0.2784, 0.2824,  ..., 0.2784, 0.2863, 0.2706],
         [0.2902, 0.2941, 0.2745,  ..., 0.2745, 0.2784, 0.2784],
         ...,
         [0.2863, 0.2745, 0.2941,  ..., 0.2784, 0.2745, 0.2941],
         [0.2863, 0.2784, 0.2863,  ..., 0.2824, 0.2667, 0.2588],
         [0.2824, 0.2627, 0.2588,  ..., 0.2667, 0.2824, 0.2745]]])",0.5273106098175049,0.6853923
"tensor([[[0.3725, 0.3843, 0.3529,  ..., 0.3725, 0.3843, 0.3922],
         [0.3412, 0.3922, 0.3412,  ..., 0.3647, 0.3843, 0.3804],
         [0.3333, 0.3882, 0.4039,  ..., 0.3843, 0.3608, 0.3608],
         ...,
         [0.3529, 0.3529, 0.3922,  ..., 0.3686, 0.3765, 0.3608],
         [0.3412, 0.3451, 0.3569,  ..., 0.3686, 0.3765, 0.3490],
         [0.3608, 0.3255, 0.3843,  ..., 0.3373, 0.3647, 0.3490]]])",0.4157728850841522,0.5772446
"tensor([[[0.3961, 0.3882, 0.3725,  ..., 0.3490, 0.3647, 0.4157],
         [0.3490, 0.3647, 0.3843,  ..., 0.4000, 0.4078, 0.3961],
         [0.3804, 0.3686, 0.3725,  ..., 0.3843, 0.3804, 0.3529],
         ...,
         [0.3843, 0.3647, 0.3725,  ..., 0.3529, 0.3686, 0.3412],
         [0.3529, 0.3647, 0.3725,  ..., 0.3804, 0.3647, 0.3725],
         [0.3569, 0.3569, 0.3647,  ..., 0.3843, 0.3608, 0.3765]]])",0.45591798424720764,0.42739266
"tensor([[[0.3412, 0.3490, 0.3882,  ..., 0.3451, 0.3686, 0.3686],
         [0.3412, 0.3216, 0.3373,  ..., 0.3647, 0.3333, 0.3373],
         [0.3373, 0.3294, 0.3137,  ..., 0.3373, 0.3490, 0.3647],
         ...,
         [0.3333, 0.3569, 0.3451,  ..., 0.3020, 0.3098, 0.3373],
         [0.3255, 0.3137, 0.3294,  ..., 0.2980, 0.3059, 0.3373],
         [0.3137, 0.3176, 0.3451,  ..., 0.3490, 0.2980, 0.3137]]])",0.4198036789894104,0.38610035
"tensor([[[0.4549, 0.4824, 0.5020,  ..., 0.4235, 0.4627, 0.4902],
         [0.4392, 0.4392, 0.4784,  ..., 0.4588, 0.4824, 0.4353],
         [0.4745, 0.4471, 0.4314,  ..., 0.4588, 0.4314, 0.4431],
         ...,
         [0.4392, 0.4706, 0.4863,  ..., 0.4000, 0.4353, 0.4627],
         [0.4667, 0.4627, 0.4392,  ..., 0.4392, 0.4078, 0.4471],
         [0.4706, 0.4471, 0.4235,  ..., 0.4588, 0.4588, 0.4000]]])",0.4190308153629303,0.38645235
"tensor([[[0.3333, 0.3373, 0.3412,  ..., 0.3020, 0.3490, 0.3412],
         [0.3255, 0.3216, 0.3373,  ..., 0.3255, 0.3451, 0.2941],
         [0.3451, 0.3333, 0.3059,  ..., 0.3294, 0.3137, 0.2902],
         ...,
         [0.3098, 0.3451, 0.3451,  ..., 0.3176, 0.3059, 0.3255],
         [0.3569, 0.3412, 0.3176,  ..., 0.3255, 0.3176, 0.3216],
         [0.3333, 0.3176, 0.3059,  ..., 0.3098, 0.3294, 0.3255]]])",0.43587344884872437,0.4088435
"tensor([[[0.4706, 0.4745, 0.4235,  ..., 0.4549, 0.4392, 0.4667],
         [0.4353, 0.4431, 0.4510,  ..., 0.4706, 0.4510, 0.4118],
         [0.4353, 0.4275, 0.4431,  ..., 0.4157, 0.4118, 0.4588],
         ...,
         [0.4353, 0.4275, 0.4353,  ..., 0.4275, 0.4510, 0.4196],
         [0.4392, 0.4667, 0.4392,  ..., 0.4471, 0.4275, 0.4667],
         [0.4824, 0.4314, 0.4353,  ..., 0.4471, 0.4353, 0.4627]]])",0.4954923987388611,0.59209067
"tensor([[[0.4039, 0.4000, 0.4353,  ..., 0.4000, 0.4314, 0.4314],
         [0.4118, 0.4078, 0.4039,  ..., 0.4235, 0.4078, 0.4000],
         [0.4118, 0.4157, 0.4078,  ..., 0.3922, 0.4078, 0.4275],
         ...,
         [0.4039, 0.4157, 0.4039,  ..., 0.3961, 0.3961, 0.4471],
         [0.4078, 0.4039, 0.4196,  ..., 0.4078, 0.3961, 0.3961],
         [0.4196, 0.4392, 0.4275,  ..., 0.3725, 0.4235, 0.3882]]])",0.4170756936073303,0.40425792
"tensor([[[0.2549, 0.2549, 0.2549,  ..., 0.2510, 0.3020, 0.2706],
         [0.2627, 0.2706, 0.2510,  ..., 0.3059, 0.2549, 0.2353],
         [0.2863, 0.2627, 0.2824,  ..., 0.2471, 0.2471, 0.2745],
         ...,
         [0.2588, 0.2588, 0.2549,  ..., 0.2627, 0.2588, 0.2824],
         [0.2510, 0.2863, 0.2784,  ..., 0.2392, 0.2667, 0.2549],
         [0.2980, 0.2706, 0.2471,  ..., 0.2627, 0.2510, 0.2588]]])",0.5702607035636902,0.5137341
"tensor([[[0.3255, 0.3373, 0.2980,  ..., 0.3529, 0.3294, 0.3137],
         [0.3294, 0.3294, 0.3255,  ..., 0.3294, 0.3216, 0.3098],
         [0.3412, 0.3412, 0.3216,  ..., 0.3333, 0.2941, 0.3216],
         ...,
         [0.3176, 0.3216, 0.3098,  ..., 0.3176, 0.3216, 0.3216],
         [0.3294, 0.3216, 0.3412,  ..., 0.3176, 0.3176, 0.3255],
         [0.3333, 0.3255, 0.3137,  ..., 0.3176, 0.3216, 0.3216]]])",0.5475713014602661,0.51033556
"tensor([[[0.3765, 0.3373, 0.3451,  ..., 0.3882, 0.3804, 0.3216],
         [0.3647, 0.3608, 0.3333,  ..., 0.3647, 0.3373, 0.3686],
         [0.3608, 0.3569, 0.3529,  ..., 0.3412, 0.3647, 0.3490],
         ...,
         [0.3529, 0.3373, 0.3529,  ..., 0.3608, 0.3529, 0.3294],
         [0.3294, 0.3490, 0.3569,  ..., 0.3569, 0.3647, 0.3451],
         [0.3529, 0.3451, 0.3843,  ..., 0.3529, 0.3608, 0.3608]]])",0.47721073031425476,0.44545537
"tensor([[[0.3686, 0.3804, 0.3922,  ..., 0.3804, 0.4078, 0.4000],
         [0.4039, 0.3608, 0.3882,  ..., 0.4118, 0.3961, 0.3882],
         [0.3882, 0.3804, 0.3608,  ..., 0.3725, 0.3804, 0.3922],
         ...,
         [0.3843, 0.3686, 0.3725,  ..., 0.3882, 0.3725, 0.3843],
         [0.3686, 0.3608, 0.3725,  ..., 0.3961, 0.3882, 0.3882],
         [0.3373, 0.3804, 0.4275,  ..., 0.3843, 0.3882, 0.3804]]])",0.47783637046813965,0.43236315
"tensor([[[0.3961, 0.4078, 0.4353,  ..., 0.4157, 0.3961, 0.4078],
         [0.4039, 0.4039, 0.4353,  ..., 0.4039, 0.3961, 0.4000],
         [0.4078, 0.4000, 0.4118,  ..., 0.3882, 0.4000, 0.3961],
         ...,
         [0.4039, 0.4196, 0.3961,  ..., 0.4000, 0.4078, 0.4078],
         [0.4039, 0.3961, 0.3765,  ..., 0.4039, 0.4039, 0.4078],
         [0.3804, 0.3804, 0.4000,  ..., 0.4000, 0.3961, 0.3843]]])",0.45743125677108765,0.4358654
"tensor([[[0.4667, 0.4549, 0.4275,  ..., 0.4314, 0.4353, 0.4706],
         [0.4353, 0.4667, 0.4706,  ..., 0.4235, 0.4431, 0.4196],
         [0.4275, 0.4196, 0.4588,  ..., 0.4471, 0.4235, 0.4471],
         ...,
         [0.4588, 0.4627, 0.4392,  ..., 0.4353, 0.4392, 0.4235],
         [0.4549, 0.4275, 0.4549,  ..., 0.4431, 0.4431, 0.4392],
         [0.4275, 0.4471, 0.4314,  ..., 0.4392, 0.4314, 0.4235]]])",0.4712066352367401,0.44559306
"tensor([[[0.4431, 0.4196, 0.3922,  ..., 0.4078, 0.3922, 0.3843],
         [0.4039, 0.4196, 0.4314,  ..., 0.4078, 0.4118, 0.4196],
         [0.3961, 0.4000, 0.4000,  ..., 0.4314, 0.4039, 0.4039],
         ...,
         [0.4000, 0.3961, 0.3961,  ..., 0.4039, 0.4000, 0.3843],
         [0.4078, 0.3961, 0.3765,  ..., 0.3882, 0.3922, 0.4000],
         [0.4235, 0.3725, 0.3843,  ..., 0.4118, 0.3882, 0.3608]]])",0.39379510283470154,0.3939895
"tensor([[[0.4314, 0.4118, 0.4196,  ..., 0.4275, 0.4118, 0.3804],
         [0.3843, 0.4314, 0.4078,  ..., 0.4118, 0.3765, 0.4000],
         [0.3765, 0.4118, 0.3882,  ..., 0.4000, 0.3961, 0.3961],
         ...,
         [0.3922, 0.3686, 0.3843,  ..., 0.3922, 0.3804, 0.4157],
         [0.3843, 0.4118, 0.3882,  ..., 0.3765, 0.3804, 0.3725],
         [0.3804, 0.3804, 0.3843,  ..., 0.4471, 0.3882, 0.3765]]])",0.36102205514907837,0.37009972
"tensor([[[0.3882, 0.4314, 0.3882,  ..., 0.3569, 0.3765, 0.3294],
         [0.3569, 0.3882, 0.3961,  ..., 0.3529, 0.3608, 0.4000],
         [0.4000, 0.3882, 0.3412,  ..., 0.3529, 0.3804, 0.3961],
         ...,
         [0.3765, 0.4157, 0.3608,  ..., 0.3569, 0.3569, 0.3569],
         [0.4078, 0.3412, 0.3765,  ..., 0.3882, 0.3451, 0.3725],
         [0.3569, 0.3412, 0.4000,  ..., 0.3922, 0.3765, 0.3608]]])",0.4009842574596405,0.3760596
"tensor([[[0.3922, 0.3961, 0.3961,  ..., 0.3725, 0.3765, 0.3961],
         [0.3922, 0.3961, 0.4000,  ..., 0.3843, 0.3922, 0.4000],
         [0.4000, 0.3843, 0.3843,  ..., 0.4000, 0.4078, 0.3843],
         ...,
         [0.3961, 0.3961, 0.3765,  ..., 0.3608, 0.3961, 0.4000],
         [0.3843, 0.3647, 0.3961,  ..., 0.4078, 0.3569, 0.3843],
         [0.3608, 0.3804, 0.3922,  ..., 0.3922, 0.4000, 0.3686]]])",0.5973387956619263,0.47532383
"tensor([[[0.3333, 0.3255, 0.3333,  ..., 0.3216, 0.3647, 0.3725],
         [0.3647, 0.3529, 0.3412,  ..., 0.3373, 0.3451, 0.3255],
         [0.3294, 0.3333, 0.3255,  ..., 0.3412, 0.3216, 0.3098],
         ...,
         [0.3451, 0.3294, 0.3294,  ..., 0.3333, 0.3216, 0.3529],
         [0.3059, 0.3137, 0.3490,  ..., 0.3412, 0.3255, 0.3216],
         [0.3020, 0.3373, 0.3412,  ..., 0.3294, 0.3412, 0.3255]]])",0.4504379332065582,0.40371096
"tensor([[[0.4275, 0.4039, 0.4000,  ..., 0.3608, 0.4118, 0.4431],
         [0.4196, 0.4392, 0.4314,  ..., 0.3961, 0.4157, 0.3765],
         [0.3647, 0.4196, 0.4078,  ..., 0.4196, 0.3843, 0.3922],
         ...,
         [0.4431, 0.3725, 0.3961,  ..., 0.4000, 0.4275, 0.4000],
         [0.4078, 0.4000, 0.3922,  ..., 0.4078, 0.4275, 0.3961],
         [0.4078, 0.3843, 0.4235,  ..., 0.3686, 0.4392, 0.4627]]])",0.35672396421432495,0.3358755
"tensor([[[0.3020, 0.2902, 0.2784,  ..., 0.2941, 0.3294, 0.3020],
         [0.3137, 0.3098, 0.3020,  ..., 0.3216, 0.3020, 0.2863],
         [0.2902, 0.3137, 0.3216,  ..., 0.2902, 0.2784, 0.2863],
         ...,
         [0.3098, 0.2941, 0.2980,  ..., 0.2941, 0.3216, 0.3216],
         [0.2941, 0.2941, 0.3098,  ..., 0.3059, 0.2863, 0.3176],
         [0.2980, 0.3137, 0.3176,  ..., 0.3098, 0.3098, 0.3059]]])",0.4876750409603119,0.44438323
"tensor([[[0.4000, 0.4039, 0.4314,  ..., 0.4039, 0.4235, 0.3608],
         [0.4235, 0.3843, 0.4078,  ..., 0.4000, 0.3922, 0.3843],
         [0.4157, 0.3961, 0.3961,  ..., 0.4000, 0.3922, 0.3490],
         ...,
         [0.3961, 0.3922, 0.3843,  ..., 0.4118, 0.4000, 0.3765],
         [0.4196, 0.4000, 0.4118,  ..., 0.4118, 0.4196, 0.3882],
         [0.3961, 0.3804, 0.4000,  ..., 0.3647, 0.4000, 0.3922]]])",0.4491160809993744,0.4373647
"tensor([[[0.3765, 0.3608, 0.3490,  ..., 0.3412, 0.3412, 0.3216],
         [0.3647, 0.3608, 0.3608,  ..., 0.3333, 0.3451, 0.3490],
         [0.3490, 0.3490, 0.3529,  ..., 0.3608, 0.3529, 0.3333],
         ...,
         [0.3608, 0.3569, 0.3608,  ..., 0.3373, 0.3412, 0.3490],
         [0.3725, 0.3686, 0.3451,  ..., 0.3490, 0.3333, 0.3373],
         [0.3765, 0.3216, 0.3451,  ..., 0.3451, 0.3451, 0.3333]]])",0.598393440246582,0.54908407
"tensor([[[0.4745, 0.4588, 0.4314,  ..., 0.4039, 0.4118, 0.4235],
         [0.5020, 0.4824, 0.4471,  ..., 0.4353, 0.4392, 0.4157],
         [0.4431, 0.4784, 0.4549,  ..., 0.4196, 0.4353, 0.4392],
         ...,
         [0.4392, 0.4667, 0.4706,  ..., 0.4314, 0.4353, 0.4275],
         [0.4784, 0.5020, 0.4549,  ..., 0.4275, 0.4196, 0.4314],
         [0.4588, 0.4353, 0.4314,  ..., 0.4549, 0.4275, 0.4157]]])",0.39923012256622314,0.3814518
"tensor([[[0.3451, 0.3804, 0.3020,  ..., 0.2980, 0.3059, 0.3059],
         [0.3255, 0.3529, 0.3373,  ..., 0.3137, 0.3137, 0.3020],
         [0.3255, 0.3333, 0.3412,  ..., 0.3294, 0.3059, 0.3412],
         ...,
         [0.3255, 0.3255, 0.3333,  ..., 0.3216, 0.3255, 0.3137],
         [0.3216, 0.3490, 0.3647,  ..., 0.3216, 0.3176, 0.3137],
         [0.3333, 0.3412, 0.3451,  ..., 0.3137, 0.3098, 0.3216]]])",0.4139856696128845,0.548149
"tensor([[[0.2980, 0.3216, 0.3176,  ..., 0.3020, 0.2980, 0.2706],
         [0.2941, 0.3098, 0.3098,  ..., 0.2980, 0.2941, 0.2980],
         [0.3020, 0.3020, 0.2980,  ..., 0.3216, 0.3059, 0.3137],
         ...,
         [0.2824, 0.2902, 0.3294,  ..., 0.2824, 0.2980, 0.3255],
         [0.3098, 0.3373, 0.3333,  ..., 0.3216, 0.2863, 0.2863],
         [0.3176, 0.3255, 0.3059,  ..., 0.3176, 0.3255, 0.2824]]])",0.58088618516922,0.73082554
"tensor([[[0.3686, 0.3569, 0.3529,  ..., 0.3843, 0.3373, 0.3098],
         [0.3569, 0.3490, 0.3373,  ..., 0.3490, 0.3176, 0.3647],
         [0.3961, 0.3647, 0.3373,  ..., 0.3373, 0.3608, 0.3647],
         ...,
         [0.3216, 0.3176, 0.3333,  ..., 0.3608, 0.3569, 0.3373],
         [0.3333, 0.3294, 0.3569,  ..., 0.3686, 0.3725, 0.3451],
         [0.3569, 0.3490, 0.3725,  ..., 0.2902, 0.3255, 0.3255]]])",0.48102378845214844,0.4572947
"tensor([[[0.6314, 0.6000, 0.6118,  ..., 0.6235, 0.6235, 0.6157],
         [0.6353, 0.6235, 0.6039,  ..., 0.6431, 0.6118, 0.6235],
         [0.6431, 0.6471, 0.6157,  ..., 0.6196, 0.6078, 0.6118],
         ...,
         [0.5882, 0.6039, 0.5961,  ..., 0.6314, 0.6275, 0.6078],
         [0.6078, 0.5961, 0.6000,  ..., 0.6196, 0.6392, 0.6314],
         [0.6157, 0.6157, 0.6196,  ..., 0.6000, 0.5961, 0.6235]]])",0.6384037137031555,0.54739565
"tensor([[[0.3490, 0.3608, 0.3412,  ..., 0.3686, 0.3804, 0.3490],
         [0.4000, 0.4000, 0.3529,  ..., 0.3804, 0.3451, 0.3686],
         [0.3451, 0.4118, 0.3804,  ..., 0.3490, 0.3686, 0.3569],
         ...,
         [0.2980, 0.3216, 0.3294,  ..., 0.3647, 0.3765, 0.3451],
         [0.3490, 0.3608, 0.3569,  ..., 0.3608, 0.3922, 0.4039],
         [0.3490, 0.3451, 0.3569,  ..., 0.2980, 0.3059, 0.3412]]])",0.4143451452255249,0.3862576
"tensor([[[0.3725, 0.3608, 0.3176,  ..., 0.3176, 0.3765, 0.3647],
         [0.3333, 0.3647, 0.3333,  ..., 0.3608, 0.3412, 0.3569],
         [0.3412, 0.3333, 0.3529,  ..., 0.3373, 0.3373, 0.3490],
         ...,
         [0.3255, 0.3294, 0.3059,  ..., 0.3216, 0.3490, 0.3490],
         [0.3451, 0.3294, 0.3294,  ..., 0.3333, 0.3451, 0.3451],
         [0.3608, 0.3294, 0.3569,  ..., 0.3176, 0.3255, 0.3647]]])",0.45671406388282776,0.479795
"tensor([[[0.2627, 0.2627, 0.2588,  ..., 0.2745, 0.2706, 0.2627],
         [0.2784, 0.2627, 0.2627,  ..., 0.2627, 0.2667, 0.2706],
         [0.2667, 0.2745, 0.2745,  ..., 0.2706, 0.2667, 0.2588],
         ...,
         [0.2627, 0.2627, 0.2667,  ..., 0.2627, 0.2824, 0.2706],
         [0.2706, 0.2627, 0.2745,  ..., 0.2549, 0.2627, 0.2824],
         [0.2784, 0.2745, 0.2980,  ..., 0.2588, 0.2471, 0.2588]]])",0.7389662861824036,0.7999612
"tensor([[[0.3020, 0.3059, 0.3020,  ..., 0.3059, 0.3176, 0.3176],
         [0.2902, 0.3098, 0.3176,  ..., 0.3059, 0.3098, 0.2980],
         [0.3059, 0.3020, 0.3137,  ..., 0.3098, 0.3020, 0.3176],
         ...,
         [0.3020, 0.3059, 0.3255,  ..., 0.3176, 0.3098, 0.3137],
         [0.3216, 0.3412, 0.3255,  ..., 0.3098, 0.3137, 0.3176],
         [0.3490, 0.3333, 0.3098,  ..., 0.2902, 0.2980, 0.3098]]])",0.6847010254859924,0.7875569
"tensor([[[0.3059, 0.3176, 0.3294,  ..., 0.3020, 0.3176, 0.3412],
         [0.3176, 0.3137, 0.3529,  ..., 0.3137, 0.3412, 0.3529],
         [0.3137, 0.3020, 0.3608,  ..., 0.3490, 0.3451, 0.3569],
         ...,
         [0.3098, 0.3412, 0.3686,  ..., 0.3176, 0.3569, 0.3333],
         [0.3843, 0.3765, 0.3608,  ..., 0.3137, 0.3176, 0.3529],
         [0.3529, 0.3333, 0.3647,  ..., 0.3333, 0.3137, 0.3294]]])",0.5271650552749634,0.65213376
"tensor([[[0.3216, 0.3529, 0.3725,  ..., 0.3020, 0.3294, 0.3333],
         [0.3490, 0.3647, 0.3843,  ..., 0.3137, 0.3294, 0.3608],
         [0.2980, 0.3373, 0.3843,  ..., 0.3176, 0.3608, 0.3529],
         ...,
         [0.3569, 0.3373, 0.4039,  ..., 0.3098, 0.3451, 0.3765],
         [0.3529, 0.3843, 0.3882,  ..., 0.3490, 0.3216, 0.3647],
         [0.3804, 0.3882, 0.2980,  ..., 0.3608, 0.3490, 0.3451]]])",0.4500732421875,0.39234835
"tensor([[[0.2510, 0.2431, 0.2471,  ..., 0.2431, 0.2549, 0.2588],
         [0.2471, 0.2588, 0.2667,  ..., 0.2431, 0.2627, 0.2549],
         [0.2392, 0.2235, 0.2510,  ..., 0.2784, 0.2627, 0.2549],
         ...,
         [0.2275, 0.2431, 0.2471,  ..., 0.2431, 0.2667, 0.2627],
         [0.2549, 0.2627, 0.2902,  ..., 0.2431, 0.2510, 0.2549],
         [0.2667, 0.2824, 0.2784,  ..., 0.2392, 0.2471, 0.2549]]])",0.5732228755950928,0.6176239
"tensor([[[0.2902, 0.3451, 0.3216,  ..., 0.3137, 0.3255, 0.3137],
         [0.3490, 0.3255, 0.3451,  ..., 0.3294, 0.3333, 0.3490],
         [0.3255, 0.3451, 0.3529,  ..., 0.3137, 0.3529, 0.3922],
         ...,
         [0.3608, 0.3373, 0.3216,  ..., 0.3373, 0.3333, 0.3529],
         [0.3373, 0.3216, 0.3451,  ..., 0.3490, 0.3569, 0.3333],
         [0.3373, 0.3373, 0.4118,  ..., 0.3216, 0.3451, 0.3529]]])",0.43938952684402466,0.4945846
"tensor([[[0.3647, 0.3373, 0.3882,  ..., 0.3569, 0.3451, 0.3490],
         [0.3647, 0.3490, 0.3647,  ..., 0.3255, 0.3529, 0.3765],
         [0.3765, 0.3608, 0.3608,  ..., 0.3451, 0.3765, 0.3843],
         ...,
         [0.3569, 0.3882, 0.3529,  ..., 0.3608, 0.3647, 0.3490],
         [0.4039, 0.3569, 0.3922,  ..., 0.3765, 0.3412, 0.3686],
         [0.3412, 0.3725, 0.3882,  ..., 0.3882, 0.3686, 0.3608]]])",0.42180150747299194,0.39124173
"tensor([[[0.4235, 0.4275, 0.4353,  ..., 0.4196, 0.4275, 0.4588],
         [0.4471, 0.4353, 0.4235,  ..., 0.4157, 0.4314, 0.4431],
         [0.4275, 0.4275, 0.4196,  ..., 0.4275, 0.4235, 0.4235],
         ...,
         [0.4510, 0.4392, 0.4275,  ..., 0.4157, 0.4392, 0.4314],
         [0.4353, 0.4353, 0.4196,  ..., 0.4275, 0.4157, 0.4353],
         [0.4078, 0.4314, 0.3922,  ..., 0.4235, 0.4196, 0.4235]]])",0.4769679605960846,0.44633415
"tensor([[[0.4235, 0.4157, 0.4275,  ..., 0.4000, 0.3961, 0.3529],
         [0.4078, 0.3922, 0.4471,  ..., 0.3725, 0.3412, 0.4000],
         [0.3961, 0.3647, 0.4039,  ..., 0.3608, 0.4039, 0.3922],
         ...,
         [0.3686, 0.3961, 0.3725,  ..., 0.3608, 0.3608, 0.3569],
         [0.3451, 0.4118, 0.3569,  ..., 0.3569, 0.3647, 0.3647],
         [0.3843, 0.4078, 0.3412,  ..., 0.4000, 0.3765, 0.3843]]])",0.4199972450733185,0.38727784
"tensor([[[0.4000, 0.4431, 0.4353,  ..., 0.4118, 0.4078, 0.3569],
         [0.4000, 0.4000, 0.4235,  ..., 0.3961, 0.3686, 0.3922],
         [0.4275, 0.3882, 0.4275,  ..., 0.3725, 0.4078, 0.4471],
         ...,
         [0.4196, 0.4118, 0.3725,  ..., 0.3373, 0.3765, 0.3686],
         [0.4039, 0.4000, 0.4078,  ..., 0.4235, 0.3686, 0.3922],
         [0.4196, 0.3843, 0.3843,  ..., 0.4314, 0.4235, 0.4196]]])",0.4191943407058716,0.44229296
"tensor([[[0.2392, 0.2510, 0.2471,  ..., 0.2471, 0.2431, 0.2392],
         [0.2627, 0.2392, 0.2471,  ..., 0.2471, 0.2471, 0.2392],
         [0.2667, 0.2471, 0.2510,  ..., 0.2510, 0.2431, 0.2471],
         ...,
         [0.2392, 0.2510, 0.2392,  ..., 0.2392, 0.2314, 0.2431],
         [0.2431, 0.2549, 0.2431,  ..., 0.2431, 0.2431, 0.2314],
         [0.2549, 0.2471, 0.2392,  ..., 0.2392, 0.2471, 0.2549]]])",0.7256260514259338,0.7037857
"tensor([[[0.3294, 0.3529, 0.3608,  ..., 0.3294, 0.3373, 0.3608],
         [0.3765, 0.3529, 0.3647,  ..., 0.3373, 0.3608, 0.3373],
         [0.3686, 0.3725, 0.3412,  ..., 0.3882, 0.3451, 0.3569],
         ...,
         [0.3647, 0.3882, 0.3412,  ..., 0.3373, 0.3373, 0.3451],
         [0.4000, 0.3412, 0.3569,  ..., 0.3373, 0.3294, 0.3294],
         [0.3686, 0.3333, 0.3569,  ..., 0.3686, 0.3255, 0.3686]]])",0.46097368001937866,0.47210398
"tensor([[[0.4667, 0.4353, 0.4471,  ..., 0.4549, 0.4471, 0.4157],
         [0.4549, 0.4706, 0.4196,  ..., 0.4510, 0.4118, 0.4353],
         [0.4510, 0.4745, 0.4353,  ..., 0.4196, 0.4549, 0.4824],
         ...,
         [0.4510, 0.4627, 0.4667,  ..., 0.4353, 0.4431, 0.4627],
         [0.4706, 0.4588, 0.4980,  ..., 0.4392, 0.4039, 0.4431],
         [0.4588, 0.4745, 0.4588,  ..., 0.4784, 0.4078, 0.4000]]])",0.47552305459976196,0.4734406
"tensor([[[0.4314, 0.4353, 0.4431,  ..., 0.4549, 0.4275, 0.4039],
         [0.4118, 0.4314, 0.4314,  ..., 0.4353, 0.4196, 0.4275],
         [0.4392, 0.4392, 0.4275,  ..., 0.4275, 0.4353, 0.4353],
         ...,
         [0.4392, 0.4275, 0.4431,  ..., 0.4471, 0.4431, 0.3961],
         [0.4314, 0.4353, 0.4549,  ..., 0.3922, 0.4471, 0.4157],
         [0.4196, 0.4588, 0.4745,  ..., 0.4157, 0.4353, 0.4000]]])",0.4668853282928467,0.4434212
"tensor([[[0.3451, 0.3765, 0.3725,  ..., 0.3686, 0.3529, 0.3529],
         [0.3490, 0.3490, 0.3843,  ..., 0.3647, 0.3529, 0.4039],
         [0.3529, 0.3529, 0.3765,  ..., 0.3686, 0.3804, 0.3765],
         ...,
         [0.3569, 0.3647, 0.3882,  ..., 0.3569, 0.3765, 0.3294],
         [0.3922, 0.3765, 0.3725,  ..., 0.3373, 0.3686, 0.3451],
         [0.3686, 0.3569, 0.4000,  ..., 0.3569, 0.3412, 0.3765]]])",0.48087790608406067,0.44881567
"tensor([[[0.4353, 0.4471, 0.4431,  ..., 0.4314, 0.4392, 0.4510],
         [0.4510, 0.4431, 0.4471,  ..., 0.4431, 0.4549, 0.4588],
         [0.4353, 0.4471, 0.4627,  ..., 0.4392, 0.4549, 0.4627],
         ...,
         [0.4549, 0.4392, 0.4392,  ..., 0.4510, 0.4275, 0.4196],
         [0.4431, 0.4392, 0.4667,  ..., 0.4392, 0.4353, 0.4157],
         [0.4627, 0.4627, 0.4588,  ..., 0.4549, 0.4471, 0.4196]]])",0.5752309560775757,0.54894185
"tensor([[[0.2824, 0.3020, 0.2863,  ..., 0.2627, 0.2824, 0.2902],
         [0.3098, 0.2784, 0.2941,  ..., 0.2863, 0.3098, 0.3059],
         [0.3059, 0.2980, 0.2902,  ..., 0.2941, 0.3137, 0.3098],
         ...,
         [0.2902, 0.3098, 0.2902,  ..., 0.2745, 0.2824, 0.2863],
         [0.3137, 0.2863, 0.2863,  ..., 0.3059, 0.2745, 0.2745],
         [0.2980, 0.2667, 0.2824,  ..., 0.3176, 0.3059, 0.2706]]])",0.5294838547706604,0.526616
"tensor([[[0.4392, 0.4314, 0.4196,  ..., 0.4235, 0.4078, 0.4078],
         [0.4353, 0.4314, 0.4353,  ..., 0.4588, 0.4275, 0.4588],
         [0.4588, 0.4431, 0.4275,  ..., 0.4431, 0.4314, 0.4510],
         ...,
         [0.4275, 0.4196, 0.4627,  ..., 0.4510, 0.4196, 0.4118],
         [0.4510, 0.4431, 0.4314,  ..., 0.4588, 0.4431, 0.4157],
         [0.4235, 0.4353, 0.4078,  ..., 0.4588, 0.4549, 0.4118]]])",0.4405424892902374,0.4726272
"tensor([[[0.4275, 0.4196, 0.4000,  ..., 0.4431, 0.3922, 0.4196],
         [0.4118, 0.4235, 0.4000,  ..., 0.4078, 0.4118, 0.4039],
         [0.4235, 0.4235, 0.4275,  ..., 0.4235, 0.4196, 0.4235],
         ...,
         [0.4157, 0.3882, 0.3882,  ..., 0.4627, 0.4235, 0.4118],
         [0.3961, 0.4118, 0.4549,  ..., 0.4471, 0.4275, 0.4196],
         [0.4196, 0.4353, 0.4078,  ..., 0.4353, 0.4118, 0.4000]]])",0.45029929280281067,0.42286056
"tensor([[[0.3765, 0.3490, 0.3765,  ..., 0.3529, 0.3765, 0.3765],
         [0.3569, 0.3529, 0.3373,  ..., 0.3490, 0.3765, 0.3608],
         [0.3529, 0.3765, 0.3686,  ..., 0.3647, 0.3922, 0.3647],
         ...,
         [0.3490, 0.3647, 0.3569,  ..., 0.4039, 0.3961, 0.3765],
         [0.3490, 0.3765, 0.3804,  ..., 0.3686, 0.3882, 0.3765],
         [0.3647, 0.3765, 0.3725,  ..., 0.3569, 0.3569, 0.3647]]])",0.4616129398345947,0.44777334
"tensor([[[0.3529, 0.3686, 0.4275,  ..., 0.3216, 0.3647, 0.3647],
         [0.3725, 0.3529, 0.3765,  ..., 0.3490, 0.3882, 0.4000],
         [0.3686, 0.3725, 0.3843,  ..., 0.3725, 0.4078, 0.4078],
         ...,
         [0.3882, 0.3647, 0.3804,  ..., 0.3961, 0.3961, 0.3804],
         [0.3725, 0.3686, 0.3922,  ..., 0.3843, 0.4118, 0.3922],
         [0.3804, 0.3725, 0.3804,  ..., 0.3843, 0.3843, 0.3961]]])",0.45134100317955017,0.5270448
"tensor([[[0.3882, 0.4196, 0.4314,  ..., 0.3765, 0.3765, 0.4118],
         [0.3961, 0.3843, 0.4314,  ..., 0.3961, 0.3961, 0.3961],
         [0.4353, 0.3922, 0.4078,  ..., 0.3843, 0.4196, 0.4510],
         ...,
         [0.4039, 0.4078, 0.4039,  ..., 0.4157, 0.4118, 0.4275],
         [0.4078, 0.3922, 0.4078,  ..., 0.4157, 0.3922, 0.4157],
         [0.3765, 0.3961, 0.4000,  ..., 0.4510, 0.4196, 0.4039]]])",0.42138272523880005,0.39074987
"tensor([[[0.3412, 0.3490, 0.3608,  ..., 0.3294, 0.3490, 0.3255],
         [0.3686, 0.3412, 0.3529,  ..., 0.3373, 0.3451, 0.3412],
         [0.3333, 0.3608, 0.3451,  ..., 0.3333, 0.3529, 0.3451],
         ...,
         [0.3255, 0.3412, 0.3529,  ..., 0.3569, 0.3451, 0.3569],
         [0.3333, 0.3647, 0.3373,  ..., 0.3608, 0.3412, 0.3451],
         [0.3804, 0.3451, 0.3333,  ..., 0.3765, 0.3569, 0.3569]]])",0.4904680848121643,0.45961154
"tensor([[[0.3843, 0.3961, 0.3882,  ..., 0.3804, 0.3804, 0.3765],
         [0.3922, 0.3922, 0.3922,  ..., 0.3843, 0.3804, 0.3961],
         [0.3882, 0.3961, 0.3961,  ..., 0.3804, 0.3804, 0.3882],
         ...,
         [0.4078, 0.3922, 0.3843,  ..., 0.4000, 0.3843, 0.3882],
         [0.3804, 0.3843, 0.3922,  ..., 0.3922, 0.4000, 0.3922],
         [0.3882, 0.3961, 0.3882,  ..., 0.3882, 0.3922, 0.3961]]])",0.7338069081306458,0.6737977
"tensor([[[0.3843, 0.3765, 0.3765,  ..., 0.3804, 0.3725, 0.3922],
         [0.3882, 0.3843, 0.3765,  ..., 0.3725, 0.3608, 0.3608],
         [0.3765, 0.3922, 0.3765,  ..., 0.3412, 0.3804, 0.3804],
         ...,
         [0.3843, 0.3922, 0.3882,  ..., 0.4039, 0.3804, 0.3725],
         [0.3961, 0.3961, 0.3725,  ..., 0.4000, 0.3804, 0.3922],
         [0.4000, 0.3765, 0.3804,  ..., 0.3686, 0.4078, 0.3882]]])",0.5208746790885925,0.5044738
"tensor([[[0.3294, 0.3373, 0.3529,  ..., 0.3176, 0.3373, 0.3647],
         [0.3647, 0.3412, 0.3373,  ..., 0.3255, 0.3529, 0.3569],
         [0.3804, 0.3608, 0.3294,  ..., 0.3451, 0.3412, 0.3255],
         ...,
         [0.3373, 0.3686, 0.3922,  ..., 0.3490, 0.3608, 0.3373],
         [0.3843, 0.4000, 0.3569,  ..., 0.3412, 0.3647, 0.3608],
         [0.3843, 0.3490, 0.3529,  ..., 0.3608, 0.3412, 0.3647]]])",0.4681732952594757,0.47453594
"tensor([[[0.4118, 0.4039, 0.3686,  ..., 0.3843, 0.4118, 0.4510],
         [0.4275, 0.4157, 0.4039,  ..., 0.4000, 0.4588, 0.4431],
         [0.4353, 0.4235, 0.4157,  ..., 0.4471, 0.4118, 0.3608],
         ...,
         [0.4824, 0.4784, 0.4510,  ..., 0.4275, 0.4196, 0.4157],
         [0.4588, 0.4549, 0.4078,  ..., 0.3608, 0.4314, 0.4196],
         [0.4510, 0.4118, 0.3961,  ..., 0.3882, 0.3843, 0.4235]]])",0.4081544876098633,0.52134395
"tensor([[[0.3098, 0.2627, 0.2863,  ..., 0.3020, 0.2980, 0.2902],
         [0.3059, 0.3020, 0.2745,  ..., 0.2941, 0.3020, 0.3098],
         [0.2863, 0.3059, 0.3020,  ..., 0.3137, 0.2980, 0.2706],
         ...,
         [0.3294, 0.3098, 0.2941,  ..., 0.3020, 0.2745, 0.2980],
         [0.2980, 0.3098, 0.3020,  ..., 0.2824, 0.2980, 0.2784],
         [0.3294, 0.2980, 0.2627,  ..., 0.2667, 0.3020, 0.2824]]])",0.6027848720550537,0.58697176
"tensor([[[0.3608, 0.3686, 0.3686,  ..., 0.3843, 0.3765, 0.3843],
         [0.3765, 0.3608, 0.3608,  ..., 0.3804, 0.3765, 0.3725],
         [0.3608, 0.3804, 0.3647,  ..., 0.3765, 0.3647, 0.3647],
         ...,
         [0.3961, 0.3686, 0.3647,  ..., 0.3686, 0.3569, 0.3686],
         [0.3686, 0.3804, 0.3843,  ..., 0.3569, 0.3765, 0.3529],
         [0.3725, 0.3725, 0.3608,  ..., 0.3608, 0.3529, 0.3725]]])",0.673838198184967,0.6436805
"tensor([[[0.4980, 0.4824, 0.5059,  ..., 0.4941, 0.5412, 0.5725],
         [0.5020, 0.4941, 0.4784,  ..., 0.5529, 0.5647, 0.4902],
         [0.5020, 0.5059, 0.4902,  ..., 0.5451, 0.4745, 0.4667],
         ...,
         [0.5333, 0.5412, 0.5216,  ..., 0.4941, 0.4902, 0.4941],
         [0.5451, 0.5176, 0.4941,  ..., 0.4941, 0.4667, 0.4980],
         [0.5137, 0.5020, 0.5098,  ..., 0.4941, 0.4980, 0.4588]]])",0.40791067481040955,0.4011019
"tensor([[[0.4784, 0.4745, 0.4706,  ..., 0.4353, 0.4431, 0.4471],
         [0.4902, 0.4784, 0.4941,  ..., 0.4510, 0.4471, 0.4745],
         [0.4902, 0.4980, 0.4941,  ..., 0.4353, 0.4588, 0.4784],
         ...,
         [0.4627, 0.4549, 0.4471,  ..., 0.4980, 0.4667, 0.4667],
         [0.4784, 0.4549, 0.4588,  ..., 0.4667, 0.5059, 0.4824],
         [0.5020, 0.4588, 0.4431,  ..., 0.4745, 0.4784, 0.4941]]])",0.48213991522789,0.52479815
"tensor([[[0.4078, 0.4039, 0.4157,  ..., 0.4078, 0.4118, 0.4039],
         [0.4235, 0.4157, 0.4078,  ..., 0.4078, 0.4314, 0.3922],
         [0.4196, 0.4275, 0.4275,  ..., 0.4275, 0.3882, 0.4039],
         ...,
         [0.4196, 0.4078, 0.4039,  ..., 0.4078, 0.4118, 0.4196],
         [0.4078, 0.4235, 0.4314,  ..., 0.4157, 0.4000, 0.4353],
         [0.4078, 0.4235, 0.4039,  ..., 0.4235, 0.4039, 0.3922]]])",0.4565235674381256,0.52520597
"tensor([[[0.3373, 0.3137, 0.3216,  ..., 0.3451, 0.3294, 0.3098],
         [0.3373, 0.3333, 0.3137,  ..., 0.3412, 0.3176, 0.3216],
         [0.3255, 0.3333, 0.3373,  ..., 0.3137, 0.3098, 0.3216],
         ...,
         [0.3490, 0.3294, 0.3333,  ..., 0.3216, 0.3137, 0.3216],
         [0.3333, 0.3137, 0.3255,  ..., 0.3216, 0.3216, 0.3333],
         [0.2941, 0.3333, 0.3412,  ..., 0.3098, 0.3176, 0.3137]]])",0.5158543586730957,0.5339365
"tensor([[[0.4314, 0.4039, 0.4235,  ..., 0.4157, 0.4235, 0.3922],
         [0.4275, 0.4157, 0.4157,  ..., 0.4000, 0.4000, 0.4510],
         [0.4431, 0.3961, 0.4157,  ..., 0.4196, 0.4588, 0.4196],
         ...,
         [0.3961, 0.4314, 0.4392,  ..., 0.4078, 0.4196, 0.4039],
         [0.4078, 0.4471, 0.4196,  ..., 0.3961, 0.4039, 0.4118],
         [0.4510, 0.4196, 0.4118,  ..., 0.4039, 0.4000, 0.4039]]])",0.5117188096046448,0.52351165
"tensor([[[0.5412, 0.5333, 0.5412,  ..., 0.5294, 0.5294, 0.5176],
         [0.5333, 0.5176, 0.5529,  ..., 0.5137, 0.5137, 0.5176],
         [0.5490, 0.5176, 0.5255,  ..., 0.5333, 0.5412, 0.5608],
         ...,
         [0.5137, 0.5333, 0.5725,  ..., 0.5373, 0.5137, 0.5176],
         [0.5412, 0.5451, 0.5412,  ..., 0.5255, 0.5373, 0.5176],
         [0.5451, 0.5569, 0.5020,  ..., 0.5412, 0.5373, 0.5373]]])",0.47327080368995667,0.54389286
"tensor([[[0.3412, 0.3569, 0.3255,  ..., 0.3098, 0.3451, 0.3020],
         [0.3020, 0.3451, 0.3255,  ..., 0.3176, 0.3137, 0.3451],
         [0.3216, 0.3216, 0.3294,  ..., 0.3137, 0.3529, 0.3608],
         ...,
         [0.3216, 0.3569, 0.3216,  ..., 0.3216, 0.3137, 0.3137],
         [0.3608, 0.3451, 0.3020,  ..., 0.3137, 0.3176, 0.3373],
         [0.3608, 0.3255, 0.3373,  ..., 0.3608, 0.3216, 0.3020]]])",0.4406569004058838,0.45966315
"tensor([[[0.4118, 0.4157, 0.4039,  ..., 0.4078, 0.3882, 0.4314],
         [0.4314, 0.4196, 0.4039,  ..., 0.3882, 0.4353, 0.4157],
         [0.3882, 0.4314, 0.4157,  ..., 0.4157, 0.4196, 0.4118],
         ...,
         [0.4431, 0.4314, 0.3725,  ..., 0.4000, 0.3961, 0.4275],
         [0.4431, 0.3961, 0.3882,  ..., 0.4431, 0.4078, 0.4000],
         [0.4510, 0.3922, 0.4314,  ..., 0.4314, 0.4627, 0.4118]]])",0.4551449418067932,0.43096298
"tensor([[[0.3686, 0.3725, 0.3765,  ..., 0.3647, 0.3686, 0.3608],
         [0.3804, 0.3804, 0.3608,  ..., 0.3725, 0.3686, 0.3686],
         [0.3647, 0.3765, 0.3843,  ..., 0.3804, 0.3765, 0.3922],
         ...,
         [0.3725, 0.3725, 0.3804,  ..., 0.3804, 0.3843, 0.3804],
         [0.3765, 0.3804, 0.3843,  ..., 0.3804, 0.3804, 0.3843],
         [0.3686, 0.3804, 0.3765,  ..., 0.3765, 0.3922, 0.3765]]])",0.6570178270339966,0.64279366
"tensor([[[0.2941, 0.2980, 0.2902,  ..., 0.2941, 0.2941, 0.2902],
         [0.2941, 0.2980, 0.2941,  ..., 0.2863, 0.2863, 0.3098],
         [0.3020, 0.2980, 0.2941,  ..., 0.2902, 0.2980, 0.3020],
         ...,
         [0.2941, 0.3020, 0.2980,  ..., 0.2941, 0.2941, 0.2902],
         [0.2980, 0.2941, 0.2902,  ..., 0.2941, 0.2980, 0.2941],
         [0.2941, 0.3020, 0.2941,  ..., 0.2941, 0.2941, 0.2980]]])",0.8343242406845093,0.80570644
"tensor([[[0.3255, 0.3255, 0.3412,  ..., 0.3294, 0.3176, 0.3255],
         [0.3255, 0.3176, 0.3176,  ..., 0.3373, 0.3098, 0.3333],
         [0.3373, 0.3255, 0.3216,  ..., 0.3255, 0.3137, 0.3294],
         ...,
         [0.3176, 0.3216, 0.3333,  ..., 0.3216, 0.3294, 0.3216],
         [0.3176, 0.3255, 0.3373,  ..., 0.3255, 0.3216, 0.3294],
         [0.3098, 0.3294, 0.3294,  ..., 0.3255, 0.3294, 0.3255]]])",0.6767436265945435,0.63614094
"tensor([[[0.3922, 0.3608, 0.3765,  ..., 0.3725, 0.3647, 0.3922],
         [0.3922, 0.3765, 0.3569,  ..., 0.3804, 0.3804, 0.3765],
         [0.3647, 0.3961, 0.3804,  ..., 0.3765, 0.3765, 0.3608],
         ...,
         [0.3725, 0.3647, 0.3882,  ..., 0.3686, 0.3843, 0.3686],
         [0.3647, 0.3804, 0.3922,  ..., 0.3608, 0.3725, 0.3725],
         [0.3647, 0.3882, 0.3725,  ..., 0.3647, 0.3804, 0.3843]]])",0.5426810383796692,0.49993324
"tensor([[[0.3608, 0.3569, 0.3333,  ..., 0.3569, 0.3725, 0.3373],
         [0.3490, 0.3804, 0.3294,  ..., 0.3529, 0.3333, 0.3137],
         [0.3647, 0.3765, 0.3647,  ..., 0.3686, 0.3451, 0.3725],
         ...,
         [0.3569, 0.3804, 0.3686,  ..., 0.3451, 0.3490, 0.3451],
         [0.3451, 0.3725, 0.3686,  ..., 0.3255, 0.3569, 0.3647],
         [0.3647, 0.3804, 0.3490,  ..., 0.3529, 0.3255, 0.3451]]])",0.4181949496269226,0.48061484
"tensor([[[0.4157, 0.4431, 0.4784,  ..., 0.4510, 0.4275, 0.4510],
         [0.4471, 0.4353, 0.4431,  ..., 0.4118, 0.4471, 0.4510],
         [0.4471, 0.4627, 0.4275,  ..., 0.4824, 0.4392, 0.4431],
         ...,
         [0.4471, 0.4627, 0.4353,  ..., 0.4549, 0.4431, 0.4588],
         [0.4431, 0.4510, 0.4549,  ..., 0.4196, 0.4471, 0.4431],
         [0.4314, 0.4667, 0.4706,  ..., 0.4235, 0.4196, 0.4431]]])",0.3963109850883484,0.47812468
"tensor([[[0.3490, 0.3569, 0.3804,  ..., 0.3216, 0.3765, 0.4235],
         [0.3725, 0.3804, 0.4000,  ..., 0.3725, 0.3490, 0.3294],
         [0.3529, 0.3451, 0.3451,  ..., 0.3294, 0.3333, 0.3412],
         ...,
         [0.3255, 0.3569, 0.3529,  ..., 0.3686, 0.3529, 0.3804],
         [0.3451, 0.3608, 0.3569,  ..., 0.3686, 0.3373, 0.3529],
         [0.3569, 0.3608, 0.3804,  ..., 0.3804, 0.3765, 0.3608]]])",0.4286636710166931,0.49723107
"tensor([[[0.4588, 0.4431, 0.4353,  ..., 0.3961, 0.4275, 0.4431],
         [0.4235, 0.4510, 0.4588,  ..., 0.4549, 0.4235, 0.4078],
         [0.4392, 0.4078, 0.4353,  ..., 0.3765, 0.4000, 0.4314],
         ...,
         [0.4314, 0.4039, 0.4314,  ..., 0.4039, 0.4235, 0.4118],
         [0.4039, 0.4353, 0.4392,  ..., 0.4706, 0.4275, 0.4353],
         [0.4784, 0.4431, 0.4471,  ..., 0.4275, 0.4588, 0.4235]]])",0.44660112261772156,0.4371816
"tensor([[[0.4549, 0.4314, 0.4431,  ..., 0.4196, 0.4275, 0.4118],
         [0.4314, 0.4078, 0.4275,  ..., 0.3765, 0.3686, 0.4000],
         [0.4078, 0.4392, 0.4000,  ..., 0.3647, 0.3725, 0.4627],
         ...,
         [0.4078, 0.4235, 0.4000,  ..., 0.3569, 0.4157, 0.4118],
         [0.4078, 0.4078, 0.4353,  ..., 0.4078, 0.3843, 0.4235],
         [0.4118, 0.4471, 0.4510,  ..., 0.4196, 0.4353, 0.4353]]])",0.41262367367744446,0.37949303
"tensor([[[0.5216, 0.4667, 0.4824,  ..., 0.4549, 0.4824, 0.4549],
         [0.4902, 0.5020, 0.4745,  ..., 0.4549, 0.4353, 0.4627],
         [0.4431, 0.4980, 0.4471,  ..., 0.4667, 0.4431, 0.4667],
         ...,
         [0.4902, 0.4824, 0.4824,  ..., 0.4471, 0.4667, 0.4627],
         [0.4824, 0.4784, 0.4824,  ..., 0.4549, 0.4667, 0.4353],
         [0.5098, 0.4824, 0.4431,  ..., 0.4392, 0.4627, 0.4941]]])",0.3784823417663574,0.37503046
"tensor([[[0.3176, 0.3373, 0.3529,  ..., 0.3490, 0.3569, 0.3490],
         [0.3255, 0.3137, 0.3412,  ..., 0.3569, 0.3529, 0.3176],
         [0.3608, 0.3294, 0.3333,  ..., 0.3529, 0.3176, 0.3098],
         ...,
         [0.3569, 0.3294, 0.3373,  ..., 0.3412, 0.3373, 0.3451],
         [0.3412, 0.3451, 0.3373,  ..., 0.3333, 0.3294, 0.3216],
         [0.3216, 0.3294, 0.3333,  ..., 0.3255, 0.3451, 0.3294]]])",0.5447250604629517,0.52921104
"tensor([[[0.4941, 0.4941, 0.4902,  ..., 0.4941, 0.5137, 0.5020],
         [0.4667, 0.4863, 0.4824,  ..., 0.5020, 0.5059, 0.4941],
         [0.4941, 0.4863, 0.4980,  ..., 0.4980, 0.4902, 0.4745],
         ...,
         [0.4941, 0.4902, 0.4824,  ..., 0.4510, 0.5059, 0.4784],
         [0.4824, 0.4941, 0.4745,  ..., 0.4784, 0.4706, 0.4706],
         [0.5255, 0.4902, 0.4667,  ..., 0.5176, 0.4510, 0.4941]]])",0.5429664254188538,0.58800423
"tensor([[[0.4510, 0.4510, 0.4275,  ..., 0.5059, 0.4392, 0.3765],
         [0.4314, 0.4431, 0.4549,  ..., 0.4471, 0.4157, 0.4471],
         [0.4353, 0.4353, 0.4275,  ..., 0.4392, 0.4510, 0.4353],
         ...,
         [0.4392, 0.4000, 0.4392,  ..., 0.4667, 0.4745, 0.4275],
         [0.4157, 0.4275, 0.4314,  ..., 0.4627, 0.4431, 0.4784],
         [0.4549, 0.4392, 0.4431,  ..., 0.4510, 0.4824, 0.4000]]])",0.37755072116851807,0.38815346
"tensor([[[0.3961, 0.4314, 0.4275,  ..., 0.4745, 0.4549, 0.4196],
         [0.4471, 0.4078, 0.4314,  ..., 0.4941, 0.4314, 0.4157],
         [0.4510, 0.4471, 0.4196,  ..., 0.4392, 0.4235, 0.4588],
         ...,
         [0.4471, 0.4039, 0.4392,  ..., 0.4667, 0.4392, 0.4471],
         [0.3843, 0.4314, 0.4275,  ..., 0.4745, 0.4784, 0.4118],
         [0.4824, 0.4471, 0.4157,  ..., 0.4275, 0.5020, 0.4196]]])",0.428681880235672,0.40476182
"tensor([[[0.3765, 0.3725, 0.3529,  ..., 0.3804, 0.4118, 0.3882],
         [0.3961, 0.3765, 0.3843,  ..., 0.4000, 0.3843, 0.4314],
         [0.4039, 0.4000, 0.3843,  ..., 0.4039, 0.3843, 0.4235],
         ...,
         [0.4039, 0.4039, 0.3765,  ..., 0.3922, 0.3686, 0.3765],
         [0.4039, 0.3765, 0.3608,  ..., 0.3922, 0.3961, 0.3490],
         [0.3686, 0.3765, 0.3804,  ..., 0.4196, 0.3843, 0.3922]]])",0.48348158597946167,0.47472304
"tensor([[[0.3608, 0.3686, 0.3647,  ..., 0.3686, 0.3961, 0.4314],
         [0.3765, 0.3647, 0.3569,  ..., 0.3882, 0.4118, 0.4235],
         [0.4118, 0.3843, 0.3765,  ..., 0.4157, 0.3922, 0.4157],
         ...,
         [0.3804, 0.3725, 0.3686,  ..., 0.3647, 0.3804, 0.3647],
         [0.3882, 0.3804, 0.3686,  ..., 0.3765, 0.3961, 0.3765],
         [0.3804, 0.3686, 0.3922,  ..., 0.3961, 0.3686, 0.4078]]])",0.5090378522872925,0.5324983
"tensor([[[0.4118, 0.3961, 0.3725,  ..., 0.3961, 0.4431, 0.4353],
         [0.4039, 0.4000, 0.4000,  ..., 0.4118, 0.4353, 0.4627],
         [0.4118, 0.4000, 0.4000,  ..., 0.4392, 0.4549, 0.4510],
         ...,
         [0.4118, 0.3882, 0.3765,  ..., 0.3647, 0.4275, 0.3882],
         [0.3765, 0.3569, 0.3882,  ..., 0.3922, 0.3765, 0.4627],
         [0.3647, 0.3882, 0.4078,  ..., 0.4118, 0.3725, 0.4157]]])",0.448745995759964,0.4396156
"tensor([[[0.3373, 0.3490, 0.3294,  ..., 0.3529, 0.3451, 0.4235],
         [0.3098, 0.3490, 0.3294,  ..., 0.3451, 0.3725, 0.4000],
         [0.3176, 0.3412, 0.3255,  ..., 0.3569, 0.3922, 0.3804],
         ...,
         [0.3176, 0.3098, 0.3020,  ..., 0.3059, 0.3216, 0.3804],
         [0.3176, 0.2863, 0.3137,  ..., 0.3333, 0.3216, 0.3529],
         [0.3059, 0.3255, 0.3098,  ..., 0.3412, 0.3294, 0.3176]]])",0.45255520939826965,0.38648894
"tensor([[[0.5176, 0.5490, 0.5412,  ..., 0.4941, 0.5647, 0.5843],
         [0.5216, 0.5373, 0.5255,  ..., 0.5451, 0.5765, 0.5098],
         [0.5255, 0.5412, 0.5216,  ..., 0.5569, 0.5412, 0.5569],
         ...,
         [0.4941, 0.5294, 0.4980,  ..., 0.4941, 0.5255, 0.5294],
         [0.5490, 0.5059, 0.5176,  ..., 0.5216, 0.5176, 0.5255],
         [0.5294, 0.5255, 0.5490,  ..., 0.4902, 0.5098, 0.5176]]])",0.4584012031555176,0.39762348
"tensor([[[0.3882, 0.4549, 0.4745,  ..., 0.4235, 0.4588, 0.4941],
         [0.4784, 0.4392, 0.4588,  ..., 0.4627, 0.4824, 0.4824],
         [0.4392, 0.4941, 0.4588,  ..., 0.4902, 0.4745, 0.4588],
         ...,
         [0.4824, 0.4667, 0.3843,  ..., 0.4745, 0.4471, 0.4745],
         [0.4196, 0.3882, 0.4196,  ..., 0.4824, 0.4667, 0.4392],
         [0.3765, 0.4157, 0.4471,  ..., 0.4471, 0.4353, 0.3922]]])",0.3692256808280945,0.3731561
"tensor([[[0.5529, 0.5451, 0.5569,  ..., 0.5373, 0.5137, 0.5176],
         [0.5451, 0.5529, 0.5451,  ..., 0.5216, 0.5216, 0.5529],
         [0.5490, 0.5490, 0.5529,  ..., 0.5373, 0.5529, 0.5569],
         ...,
         [0.5373, 0.5216, 0.5608,  ..., 0.5294, 0.5020, 0.5059],
         [0.5333, 0.5373, 0.5490,  ..., 0.5294, 0.5176, 0.4980],
         [0.5294, 0.5490, 0.5490,  ..., 0.5216, 0.5216, 0.4980]]])",0.5566045045852661,0.59692216
"tensor([[[0.5176, 0.4824, 0.4902,  ..., 0.4549, 0.4549, 0.4353],
         [0.5294, 0.5059, 0.4745,  ..., 0.4510, 0.4314, 0.4941],
         [0.4745, 0.5137, 0.4980,  ..., 0.4431, 0.4980, 0.5098],
         ...,
         [0.4549, 0.4667, 0.5098,  ..., 0.4196, 0.4392, 0.4745],
         [0.4706, 0.4863, 0.4824,  ..., 0.4706, 0.3843, 0.3922],
         [0.4745, 0.5098, 0.4980,  ..., 0.4431, 0.4745, 0.4039]]])",0.4365507960319519,0.48467526
"tensor([[[0.3412, 0.3373, 0.3294,  ..., 0.3725, 0.2980, 0.3020],
         [0.3686, 0.3412, 0.3451,  ..., 0.2980, 0.3255, 0.3412],
         [0.3804, 0.3647, 0.3098,  ..., 0.3490, 0.3176, 0.3490],
         ...,
         [0.3451, 0.3137, 0.3608,  ..., 0.2902, 0.3137, 0.3059],
         [0.3255, 0.3529, 0.3804,  ..., 0.3216, 0.3176, 0.3059],
         [0.3176, 0.3569, 0.3804,  ..., 0.3373, 0.3020, 0.3137]]])",0.43503326177597046,0.5075003
"tensor([[[0.4196, 0.3882, 0.4471,  ..., 0.4118, 0.3961, 0.4039],
         [0.4510, 0.4196, 0.4039,  ..., 0.4039, 0.4118, 0.4235],
         [0.4000, 0.4510, 0.4000,  ..., 0.4235, 0.4039, 0.3922],
         ...,
         [0.4392, 0.4235, 0.4353,  ..., 0.3647, 0.3804, 0.3922],
         [0.4235, 0.4078, 0.4275,  ..., 0.4000, 0.3647, 0.3686],
         [0.4392, 0.4157, 0.4235,  ..., 0.4353, 0.4000, 0.3294]]])",0.4343118667602539,0.51645756
"tensor([[[0.3647, 0.3725, 0.3922,  ..., 0.3882, 0.4353, 0.4000],
         [0.4157, 0.3804, 0.3647,  ..., 0.4196, 0.4039, 0.3725],
         [0.4078, 0.4235, 0.3804,  ..., 0.4118, 0.3804, 0.3882],
         ...,
         [0.3608, 0.3882, 0.3647,  ..., 0.3686, 0.3569, 0.3412],
         [0.3765, 0.3686, 0.3569,  ..., 0.3529, 0.3569, 0.3216],
         [0.3686, 0.3725, 0.4157,  ..., 0.3843, 0.3725, 0.3725]]])",0.43993785977363586,0.5290806
"tensor([[[0.4353, 0.4627, 0.4196,  ..., 0.4706, 0.4510, 0.4863],
         [0.4353, 0.4824, 0.4471,  ..., 0.4549, 0.4745, 0.4863],
         [0.4157, 0.4549, 0.4549,  ..., 0.4431, 0.4627, 0.4196],
         ...,
         [0.4549, 0.4235, 0.4431,  ..., 0.4039, 0.3961, 0.4353],
         [0.4196, 0.4235, 0.4471,  ..., 0.4784, 0.3647, 0.4039],
         [0.4588, 0.4667, 0.4549,  ..., 0.4588, 0.4392, 0.3922]]])",0.4039355218410492,0.42849863
"tensor([[[0.3294, 0.3686, 0.3059,  ..., 0.3294, 0.3137, 0.3176],
         [0.3098, 0.3490, 0.3373,  ..., 0.3373, 0.3137, 0.3176],
         [0.3216, 0.3216, 0.3569,  ..., 0.3294, 0.3137, 0.3412],
         ...,
         [0.3255, 0.3176, 0.3373,  ..., 0.3216, 0.2824, 0.2902],
         [0.3098, 0.3137, 0.3294,  ..., 0.3255, 0.3137, 0.3020],
         [0.3412, 0.3451, 0.3294,  ..., 0.3059, 0.3176, 0.3137]]])",0.4596160650253296,0.4480369
"tensor([[[0.4118, 0.4000, 0.4627,  ..., 0.4314, 0.4588, 0.3843],
         [0.3843, 0.4118, 0.4118,  ..., 0.4471, 0.4157, 0.3529],
         [0.3882, 0.3804, 0.4000,  ..., 0.4353, 0.3804, 0.3922],
         ...,
         [0.4275, 0.4549, 0.4549,  ..., 0.4235, 0.4314, 0.3608],
         [0.4510, 0.4471, 0.4235,  ..., 0.4078, 0.4353, 0.4549],
         [0.4078, 0.4275, 0.4353,  ..., 0.3922, 0.3647, 0.4118]]])",0.40468719601631165,0.38152653
"tensor([[[0.3020, 0.3098, 0.3059,  ..., 0.3020, 0.3098, 0.2980],
         [0.2588, 0.3020, 0.3059,  ..., 0.3098, 0.3059, 0.2784],
         [0.2824, 0.2784, 0.2902,  ..., 0.3176, 0.2980, 0.2863],
         ...,
         [0.3216, 0.3373, 0.3137,  ..., 0.2863, 0.3333, 0.2745],
         [0.3294, 0.3137, 0.2863,  ..., 0.2941, 0.3137, 0.3059],
         [0.3059, 0.2784, 0.3098,  ..., 0.2824, 0.2863, 0.3098]]])",0.5287713408470154,0.4783328
"tensor([[[0.2588, 0.2667, 0.2627,  ..., 0.2784, 0.2706, 0.2549],
         [0.2510, 0.2745, 0.2510,  ..., 0.2627, 0.2706, 0.2549],
         [0.2627, 0.2706, 0.2510,  ..., 0.2824, 0.2706, 0.2627],
         ...,
         [0.2824, 0.2980, 0.2902,  ..., 0.2745, 0.2745, 0.2784],
         [0.2902, 0.2902, 0.2706,  ..., 0.2745, 0.2627, 0.2471],
         [0.2824, 0.2784, 0.2667,  ..., 0.2784, 0.2863, 0.2510]]])",0.571003794670105,0.55588657
"tensor([[[0.4157, 0.4196, 0.4118,  ..., 0.4196, 0.4118, 0.4196],
         [0.4157, 0.4039, 0.4039,  ..., 0.4157, 0.4157, 0.4118],
         [0.4392, 0.4157, 0.4078,  ..., 0.4157, 0.4196, 0.4196],
         ...,
         [0.4157, 0.4275, 0.4196,  ..., 0.4314, 0.4235, 0.4078],
         [0.4314, 0.4314, 0.4235,  ..., 0.4157, 0.4196, 0.4039],
         [0.4431, 0.4157, 0.4157,  ..., 0.4157, 0.4235, 0.4118]]])",0.679452121257782,0.6030533
"tensor([[[0.3647, 0.3608, 0.3490,  ..., 0.3647, 0.3412, 0.3608],
         [0.3922, 0.3647, 0.3333,  ..., 0.3647, 0.3608, 0.3686],
         [0.3569, 0.3804, 0.3647,  ..., 0.3804, 0.3490, 0.3882],
         ...,
         [0.3922, 0.3765, 0.4078,  ..., 0.3765, 0.3608, 0.3176],
         [0.3922, 0.3804, 0.3647,  ..., 0.4118, 0.3961, 0.3647],
         [0.3529, 0.3765, 0.3686,  ..., 0.3686, 0.4235, 0.3725]]])",0.42481663823127747,0.5138798
"tensor([[[0.3843, 0.3490, 0.3961,  ..., 0.4039, 0.3961, 0.3804],
         [0.4196, 0.3804, 0.3725,  ..., 0.4039, 0.3725, 0.3725],
         [0.4196, 0.4118, 0.3804,  ..., 0.3804, 0.3804, 0.4118],
         ...,
         [0.4275, 0.3961, 0.3804,  ..., 0.4196, 0.3569, 0.3647],
         [0.4078, 0.3961, 0.3922,  ..., 0.4588, 0.4392, 0.3804],
         [0.3922, 0.4235, 0.4392,  ..., 0.4000, 0.4941, 0.4039]]])",0.398154079914093,0.46819434
"tensor([[[0.3569, 0.3608, 0.3569,  ..., 0.3608, 0.3490, 0.3647],
         [0.3608, 0.3451, 0.3765,  ..., 0.3569, 0.3569, 0.3529],
         [0.3529, 0.3490, 0.3529,  ..., 0.3412, 0.3451, 0.3647],
         ...,
         [0.3412, 0.3843, 0.3333,  ..., 0.3647, 0.3451, 0.3490],
         [0.3647, 0.3725, 0.3647,  ..., 0.4078, 0.3725, 0.3922],
         [0.3765, 0.3725, 0.3725,  ..., 0.3882, 0.3882, 0.3373]]])",0.42359963059425354,0.45341784
"tensor([[[0.3961, 0.3961, 0.4196,  ..., 0.4588, 0.4275, 0.4157],
         [0.4314, 0.4000, 0.4039,  ..., 0.4078, 0.4078, 0.4235],
         [0.4275, 0.4275, 0.4000,  ..., 0.4118, 0.4157, 0.3843],
         ...,
         [0.4118, 0.4118, 0.3961,  ..., 0.4471, 0.4275, 0.4118],
         [0.3961, 0.4039, 0.4588,  ..., 0.4314, 0.4275, 0.4314],
         [0.4275, 0.4235, 0.4588,  ..., 0.4510, 0.4353, 0.4000]]])",0.35427960753440857,0.40652516
"tensor([[[0.5020, 0.5098, 0.5255,  ..., 0.5294, 0.5137, 0.4980],
         [0.4980, 0.4980, 0.5137,  ..., 0.5098, 0.4941, 0.5137],
         [0.5020, 0.5137, 0.4941,  ..., 0.4980, 0.5098, 0.4745],
         ...,
         [0.4980, 0.5098, 0.5216,  ..., 0.5059, 0.5294, 0.5294],
         [0.4980, 0.5255, 0.5137,  ..., 0.5176, 0.4980, 0.5176],
         [0.5098, 0.5098, 0.5059,  ..., 0.5333, 0.5059, 0.4941]]])",0.4625190794467926,0.47903755
"tensor([[[0.3882, 0.4275, 0.4000,  ..., 0.4118, 0.3922, 0.3843],
         [0.3843, 0.3922, 0.4157,  ..., 0.4039, 0.3804, 0.4078],
         [0.3922, 0.3843, 0.3922,  ..., 0.3882, 0.4118, 0.3765],
         ...,
         [0.3961, 0.4039, 0.4235,  ..., 0.3804, 0.4039, 0.4118],
         [0.3922, 0.4039, 0.3882,  ..., 0.4000, 0.3725, 0.3961],
         [0.3843, 0.4000, 0.4196,  ..., 0.4039, 0.4157, 0.3647]]])",0.48270297050476074,0.52435756
"tensor([[[0.4157, 0.4078, 0.4039,  ..., 0.4353, 0.3922, 0.3804],
         [0.4039, 0.4039, 0.4039,  ..., 0.4275, 0.3804, 0.4235],
         [0.3843, 0.4118, 0.3922,  ..., 0.3961, 0.4078, 0.3843],
         ...,
         [0.3725, 0.3882, 0.4157,  ..., 0.3961, 0.3882, 0.4314],
         [0.3961, 0.4118, 0.4078,  ..., 0.4000, 0.4078, 0.3804],
         [0.4118, 0.4314, 0.4157,  ..., 0.3843, 0.4078, 0.4235]]])",0.4059947729110718,0.41779095
"tensor([[[0.3451, 0.3451, 0.3608,  ..., 0.3647, 0.3569, 0.3059],
         [0.3529, 0.3451, 0.3529,  ..., 0.3686, 0.3412, 0.3412],
         [0.3647, 0.3569, 0.3529,  ..., 0.3647, 0.3333, 0.3686],
         ...,
         [0.3373, 0.3176, 0.3490,  ..., 0.3333, 0.4000, 0.3686],
         [0.3255, 0.3843, 0.3804,  ..., 0.3412, 0.3529, 0.4039],
         [0.4078, 0.3569, 0.3255,  ..., 0.3333, 0.3216, 0.3843]]])",0.4803358316421509,0.4718362
"tensor([[[0.4235, 0.4353, 0.4118,  ..., 0.4392, 0.4118, 0.4235],
         [0.4314, 0.4275, 0.4314,  ..., 0.4235, 0.4196, 0.4392],
         [0.4549, 0.4235, 0.4353,  ..., 0.4157, 0.4353, 0.4275],
         ...,
         [0.4118, 0.4275, 0.4392,  ..., 0.4392, 0.4471, 0.4235],
         [0.4275, 0.4353, 0.4275,  ..., 0.4039, 0.4510, 0.4392],
         [0.4510, 0.4275, 0.4157,  ..., 0.4078, 0.4235, 0.4510]]])",0.6019082069396973,0.57745427
"tensor([[[0.3020, 0.3176, 0.3098,  ..., 0.3373, 0.3333, 0.3412],
         [0.3255, 0.3098, 0.3176,  ..., 0.3373, 0.3373, 0.3137],
         [0.3294, 0.3333, 0.3176,  ..., 0.3255, 0.3137, 0.3255],
         ...,
         [0.3098, 0.3059, 0.3294,  ..., 0.3216, 0.3176, 0.3294],
         [0.2902, 0.3294, 0.3176,  ..., 0.3255, 0.3176, 0.3176],
         [0.3216, 0.3294, 0.3255,  ..., 0.3216, 0.3333, 0.3176]]])",0.6708402633666992,0.7092149
"tensor([[[0.4196, 0.4314, 0.4314,  ..., 0.4549, 0.4471, 0.4431],
         [0.4314, 0.4471, 0.4392,  ..., 0.4431, 0.4510, 0.4275],
         [0.4706, 0.4471, 0.4353,  ..., 0.4157, 0.3961, 0.3961],
         ...,
         [0.4471, 0.4157, 0.4157,  ..., 0.4118, 0.4353, 0.4314],
         [0.4196, 0.4196, 0.4314,  ..., 0.4314, 0.4196, 0.4157],
         [0.4353, 0.4588, 0.4745,  ..., 0.4157, 0.4471, 0.4431]]])",0.4289364516735077,0.51654065
"tensor([[[0.3294, 0.3098, 0.3373,  ..., 0.3294, 0.3294, 0.3294],
         [0.3765, 0.3373, 0.3137,  ..., 0.3333, 0.3216, 0.3216],
         [0.3255, 0.3529, 0.3216,  ..., 0.2863, 0.3020, 0.3137],
         ...,
         [0.3059, 0.3294, 0.3294,  ..., 0.3098, 0.3490, 0.3686],
         [0.3255, 0.3529, 0.3373,  ..., 0.3216, 0.3059, 0.3333],
         [0.3255, 0.3529, 0.3451,  ..., 0.3137, 0.3137, 0.3137]]])",0.4513552486896515,0.52789015
"tensor([[[0.3882, 0.3922, 0.3843,  ..., 0.4000, 0.3961, 0.3843],
         [0.3922, 0.3922, 0.4235,  ..., 0.3765, 0.3686, 0.3843],
         [0.4039, 0.3882, 0.4078,  ..., 0.3765, 0.3843, 0.4039],
         ...,
         [0.4157, 0.3765, 0.4118,  ..., 0.3922, 0.4196, 0.4039],
         [0.4078, 0.4118, 0.4157,  ..., 0.3647, 0.3922, 0.4039],
         [0.4275, 0.4039, 0.3882,  ..., 0.3725, 0.3647, 0.3686]]])",0.4398813843727112,0.41623086
"tensor([[[0.3882, 0.3961, 0.3686,  ..., 0.3608, 0.4000, 0.3451],
         [0.3882, 0.4118, 0.3961,  ..., 0.3882, 0.3569, 0.3647],
         [0.3686, 0.4000, 0.4078,  ..., 0.3490, 0.3373, 0.3725],
         ...,
         [0.3569, 0.4039, 0.3765,  ..., 0.3961, 0.3882, 0.3765],
         [0.4235, 0.4078, 0.3686,  ..., 0.3961, 0.4039, 0.3686],
         [0.4078, 0.3725, 0.3725,  ..., 0.3765, 0.4039, 0.4157]]])",0.437592089176178,0.5658778
"tensor([[[0.3961, 0.4078, 0.4314,  ..., 0.4588, 0.4078, 0.3529],
         [0.3961, 0.4039, 0.4078,  ..., 0.4000, 0.3686, 0.3647],
         [0.4235, 0.4078, 0.3882,  ..., 0.3647, 0.3569, 0.3882],
         ...,
         [0.3765, 0.4078, 0.4000,  ..., 0.4039, 0.3882, 0.3804],
         [0.3882, 0.4118, 0.3804,  ..., 0.4000, 0.3961, 0.3882],
         [0.4000, 0.4314, 0.3961,  ..., 0.4196, 0.3961, 0.3843]]])",0.46132636070251465,0.5188149
"tensor([[[0.3059, 0.2863, 0.3176,  ..., 0.3216, 0.3333, 0.3294],
         [0.3294, 0.3020, 0.3059,  ..., 0.3216, 0.2980, 0.2745],
         [0.3137, 0.3294, 0.3059,  ..., 0.2784, 0.2941, 0.2980],
         ...,
         [0.2824, 0.2824, 0.3059,  ..., 0.3020, 0.2941, 0.3020],
         [0.2863, 0.2980, 0.2980,  ..., 0.3176, 0.3137, 0.2863],
         [0.2784, 0.2980, 0.3333,  ..., 0.3294, 0.3255, 0.3137]]])",0.5672183036804199,0.60860366
"tensor([[[0.3176, 0.3373, 0.3804,  ..., 0.3686, 0.3647, 0.3176],
         [0.3373, 0.3333, 0.3529,  ..., 0.3176, 0.3137, 0.3137],
         [0.3412, 0.3333, 0.3569,  ..., 0.3294, 0.3059, 0.2863],
         ...,
         [0.3137, 0.3176, 0.3098,  ..., 0.3412, 0.3294, 0.3529],
         [0.3216, 0.3176, 0.3647,  ..., 0.3294, 0.3490, 0.3216],
         [0.3176, 0.3373, 0.4039,  ..., 0.3451, 0.3412, 0.3451]]])",0.4841383695602417,0.5723008
"tensor([[[0.3922, 0.4039, 0.4196,  ..., 0.3725, 0.3804, 0.4039],
         [0.3961, 0.3961, 0.4078,  ..., 0.4157, 0.4078, 0.4118],
         [0.4000, 0.4000, 0.4078,  ..., 0.4235, 0.4157, 0.4039],
         ...,
         [0.4039, 0.4078, 0.4275,  ..., 0.4000, 0.4118, 0.4157],
         [0.4235, 0.4118, 0.4000,  ..., 0.4118, 0.3882, 0.4000],
         [0.4196, 0.4078, 0.3882,  ..., 0.4000, 0.4314, 0.3765]]])",0.5342376828193665,0.64594835
"tensor([[[0.4118, 0.3843, 0.3843,  ..., 0.3804, 0.3882, 0.4118],
         [0.4157, 0.3843, 0.3882,  ..., 0.3961, 0.3961, 0.3765],
         [0.4078, 0.3922, 0.4000,  ..., 0.3961, 0.3843, 0.3961],
         ...,
         [0.3490, 0.3725, 0.3804,  ..., 0.3843, 0.3882, 0.3804],
         [0.3686, 0.3882, 0.3843,  ..., 0.4039, 0.3843, 0.3843],
         [0.3725, 0.3922, 0.3843,  ..., 0.4118, 0.4000, 0.3843]]])",0.6101816892623901,0.6221581
"tensor([[[0.2667, 0.2510, 0.2627,  ..., 0.2510, 0.2588, 0.2588],
         [0.2941, 0.2549, 0.2549,  ..., 0.2588, 0.2588, 0.2588],
         [0.2745, 0.2706, 0.2667,  ..., 0.2549, 0.2392, 0.2353],
         ...,
         [0.2314, 0.2353, 0.2588,  ..., 0.2706, 0.2510, 0.2471],
         [0.2431, 0.2588, 0.2510,  ..., 0.2627, 0.2627, 0.2588],
         [0.2549, 0.2627, 0.2471,  ..., 0.2588, 0.2510, 0.2431]]])",0.6816436648368835,0.63785625
"tensor([[[0.3333, 0.3137, 0.3255,  ..., 0.3451, 0.3216, 0.3294],
         [0.3176, 0.3294, 0.3294,  ..., 0.3137, 0.3098, 0.3020],
         [0.3020, 0.3294, 0.3098,  ..., 0.3020, 0.3098, 0.2980],
         ...,
         [0.2980, 0.3020, 0.3020,  ..., 0.3294, 0.3098, 0.3098],
         [0.2980, 0.3059, 0.3294,  ..., 0.3137, 0.3216, 0.3098],
         [0.3059, 0.3451, 0.3216,  ..., 0.3216, 0.3059, 0.3216]]])",0.6769440174102783,0.6547445
"tensor([[[0.3882, 0.4118, 0.4039,  ..., 0.4118, 0.4000, 0.4078],
         [0.4078, 0.4000, 0.4157,  ..., 0.3922, 0.3961, 0.3725],
         [0.4353, 0.4039, 0.4118,  ..., 0.3843, 0.3725, 0.3804],
         ...,
         [0.3647, 0.3608, 0.4118,  ..., 0.3765, 0.4275, 0.3961],
         [0.3725, 0.4118, 0.4078,  ..., 0.3765, 0.3843, 0.4275],
         [0.4118, 0.3922, 0.4000,  ..., 0.4078, 0.3961, 0.4078]]])",0.5417224168777466,0.5415345
"tensor([[[0.5725, 0.5451, 0.5608,  ..., 0.5529, 0.5373, 0.5451],
         [0.5608, 0.5608, 0.5451,  ..., 0.5373, 0.5373, 0.5373],
         [0.5569, 0.5882, 0.5529,  ..., 0.5412, 0.5412, 0.5490],
         ...,
         [0.5373, 0.5373, 0.5412,  ..., 0.5490, 0.5686, 0.5490],
         [0.5412, 0.5608, 0.5608,  ..., 0.5451, 0.5608, 0.5765],
         [0.5451, 0.5647, 0.5451,  ..., 0.5529, 0.5569, 0.5569]]])",0.5404029488563538,0.57541114
"tensor([[[0.4392, 0.4471, 0.4196,  ..., 0.4392, 0.4392, 0.4314],
         [0.4510, 0.4392, 0.4510,  ..., 0.4353, 0.4392, 0.4118],
         [0.4196, 0.4275, 0.4588,  ..., 0.4471, 0.4275, 0.4314],
         ...,
         [0.4000, 0.4353, 0.4314,  ..., 0.4039, 0.4392, 0.4431],
         [0.4353, 0.4431, 0.4275,  ..., 0.4627, 0.4275, 0.4510],
         [0.4235, 0.4314, 0.4157,  ..., 0.4627, 0.4627, 0.4588]]])",0.4848363995552063,0.5418365
"tensor([[[0.3922, 0.4196, 0.4118,  ..., 0.4588, 0.3843, 0.3804],
         [0.4000, 0.3882, 0.4353,  ..., 0.4000, 0.3804, 0.4157],
         [0.4078, 0.4000, 0.4078,  ..., 0.4078, 0.4235, 0.4000],
         ...,
         [0.3882, 0.3765, 0.4039,  ..., 0.4039, 0.3882, 0.4471],
         [0.4039, 0.3882, 0.4039,  ..., 0.4510, 0.4314, 0.4000],
         [0.4039, 0.4078, 0.3922,  ..., 0.4314, 0.4510, 0.4745]]])",0.43750789761543274,0.44144252
"tensor([[[0.3922, 0.3882, 0.3843,  ..., 0.3686, 0.3725, 0.3882],
         [0.3804, 0.3882, 0.4000,  ..., 0.3647, 0.3725, 0.4000],
         [0.3922, 0.3804, 0.3961,  ..., 0.3765, 0.4118, 0.4039],
         ...,
         [0.3765, 0.3882, 0.3804,  ..., 0.3882, 0.3922, 0.3608],
         [0.3882, 0.3843, 0.3686,  ..., 0.4039, 0.4196, 0.4039],
         [0.3686, 0.3686, 0.3686,  ..., 0.4314, 0.4196, 0.4471]]])",0.4966496527194977,0.49814147
"tensor([[[0.3569, 0.3451, 0.3569,  ..., 0.3059, 0.3647, 0.3333],
         [0.3490, 0.3451, 0.3451,  ..., 0.3529, 0.3451, 0.3490],
         [0.3569, 0.3529, 0.3490,  ..., 0.3412, 0.3569, 0.3490],
         ...,
         [0.3333, 0.3333, 0.3412,  ..., 0.3647, 0.3490, 0.3255],
         [0.3294, 0.3412, 0.3333,  ..., 0.3373, 0.3686, 0.3647],
         [0.3569, 0.3608, 0.3333,  ..., 0.3725, 0.3529, 0.3725]]])",0.5268769264221191,0.7306475
"tensor([[[0.2902, 0.2902, 0.2980,  ..., 0.2706, 0.2902, 0.2902],
         [0.2902, 0.2863, 0.2863,  ..., 0.2784, 0.3059, 0.2863],
         [0.2706, 0.2980, 0.2745,  ..., 0.3098, 0.2902, 0.3059],
         ...,
         [0.2824, 0.2549, 0.2667,  ..., 0.2706, 0.2941, 0.2745],
         [0.2706, 0.2824, 0.2824,  ..., 0.2941, 0.2706, 0.2863],
         [0.3059, 0.2980, 0.2706,  ..., 0.3176, 0.2863, 0.2706]]])",0.5470545887947083,0.7569286
"tensor([[[0.2196, 0.2392, 0.2314,  ..., 0.2392, 0.2431, 0.2235],
         [0.2353, 0.2353, 0.2471,  ..., 0.2392, 0.2353, 0.2431],
         [0.2549, 0.2314, 0.2431,  ..., 0.2392, 0.2471, 0.2510],
         ...,
         [0.2275, 0.2235, 0.2431,  ..., 0.2510, 0.2471, 0.2314],
         [0.2353, 0.2392, 0.2353,  ..., 0.2353, 0.2431, 0.2471],
         [0.2431, 0.2275, 0.2314,  ..., 0.2353, 0.2392, 0.2353]]])",0.6975746750831604,0.79468393
"tensor([[[0.3412, 0.3451, 0.3725,  ..., 0.3216, 0.3490, 0.3529],
         [0.3294, 0.3569, 0.3490,  ..., 0.3569, 0.3490, 0.3686],
         [0.3412, 0.3451, 0.3647,  ..., 0.3725, 0.3686, 0.3686],
         ...,
         [0.3412, 0.3412, 0.3490,  ..., 0.3804, 0.3608, 0.3333],
         [0.3451, 0.3451, 0.3412,  ..., 0.3294, 0.3765, 0.3647],
         [0.3647, 0.3373, 0.3255,  ..., 0.3490, 0.3412, 0.3647]]])",0.5219919681549072,0.5916605
"tensor([[[0.3804, 0.3922, 0.3804,  ..., 0.3412, 0.3804, 0.3647],
         [0.3412, 0.3804, 0.3922,  ..., 0.3804, 0.3608, 0.3804],
         [0.3569, 0.3490, 0.3725,  ..., 0.3804, 0.3804, 0.3922],
         ...,
         [0.3490, 0.3765, 0.3490,  ..., 0.3804, 0.3647, 0.3725],
         [0.3569, 0.3529, 0.3333,  ..., 0.3529, 0.3569, 0.3765],
         [0.3490, 0.3529, 0.3490,  ..., 0.3882, 0.3804, 0.3529]]])",0.46005311608314514,0.4357316
"tensor([[[0.4627, 0.4667, 0.4627,  ..., 0.4549, 0.4627, 0.4627],
         [0.4353, 0.4588, 0.4667,  ..., 0.4745, 0.4549, 0.4392],
         [0.4510, 0.4392, 0.4588,  ..., 0.4549, 0.4549, 0.4588],
         ...,
         [0.4549, 0.4510, 0.4431,  ..., 0.4314, 0.4275, 0.4314],
         [0.4549, 0.4431, 0.4196,  ..., 0.4549, 0.4431, 0.4353],
         [0.4353, 0.4314, 0.4431,  ..., 0.5059, 0.4510, 0.4431]]])",0.4592534005641937,0.41475087
"tensor([[[0.4745, 0.4588, 0.4588,  ..., 0.4627, 0.4902, 0.4118],
         [0.4431, 0.4627, 0.4627,  ..., 0.4667, 0.4510, 0.4549],
         [0.4510, 0.4549, 0.4588,  ..., 0.4824, 0.4745, 0.4667],
         ...,
         [0.4549, 0.4588, 0.4431,  ..., 0.4431, 0.4392, 0.4078],
         [0.4667, 0.4627, 0.4471,  ..., 0.4471, 0.4196, 0.4510],
         [0.4431, 0.4745, 0.4588,  ..., 0.5255, 0.4549, 0.4588]]])",0.4802358150482178,0.44017604
"tensor([[[0.5412, 0.5373, 0.5725,  ..., 0.5412, 0.5529, 0.5451],
         [0.5451, 0.5333, 0.5608,  ..., 0.5529, 0.5647, 0.5529],
         [0.5608, 0.5451, 0.5412,  ..., 0.5569, 0.5608, 0.5412],
         ...,
         [0.5451, 0.5490, 0.5412,  ..., 0.5255, 0.5216, 0.5412],
         [0.5608, 0.5608, 0.5608,  ..., 0.5412, 0.5059, 0.5137],
         [0.5765, 0.5686, 0.5647,  ..., 0.5843, 0.5765, 0.5608]]])",0.6260847449302673,0.65142
"tensor([[[0.5725, 0.5765, 0.5843,  ..., 0.5686, 0.5608, 0.5765],
         [0.5490, 0.5569, 0.5843,  ..., 0.5804, 0.5725, 0.5804],
         [0.5765, 0.5373, 0.5725,  ..., 0.5608, 0.5843, 0.5686],
         ...,
         [0.5608, 0.5451, 0.5608,  ..., 0.5451, 0.5412, 0.5647],
         [0.5804, 0.5922, 0.6078,  ..., 0.5451, 0.5333, 0.5333],
         [0.6078, 0.6078, 0.5882,  ..., 0.5804, 0.5725, 0.5451]]])",0.5837427973747253,0.5914492
"tensor([[[0.4275, 0.4471, 0.4588,  ..., 0.4745, 0.4431, 0.4627],
         [0.4157, 0.4314, 0.4510,  ..., 0.4392, 0.4353, 0.4510],
         [0.4706, 0.4392, 0.4353,  ..., 0.4431, 0.4549, 0.4588],
         ...,
         [0.4314, 0.4353, 0.4353,  ..., 0.4039, 0.4471, 0.4314],
         [0.4706, 0.4941, 0.4863,  ..., 0.4039, 0.4275, 0.4392],
         [0.4588, 0.4627, 0.4706,  ..., 0.4667, 0.4000, 0.4275]]])",0.5113689303398132,0.5755377
"tensor([[[0.5608, 0.5451, 0.5608,  ..., 0.5608, 0.5529, 0.5412],
         [0.5569, 0.5490, 0.5529,  ..., 0.5412, 0.5490, 0.5647],
         [0.5647, 0.5608, 0.5608,  ..., 0.5529, 0.5608, 0.5529],
         ...,
         [0.5647, 0.5569, 0.5647,  ..., 0.5529, 0.5412, 0.5608],
         [0.5608, 0.5725, 0.5647,  ..., 0.5569, 0.5529, 0.5490],
         [0.5412, 0.5529, 0.5569,  ..., 0.5490, 0.5490, 0.5569]]])",0.6662827134132385,0.73176557
"tensor([[[0.3412, 0.3216, 0.3490,  ..., 0.3294, 0.3373, 0.3373],
         [0.3490, 0.3373, 0.3451,  ..., 0.3294, 0.3373, 0.3490],
         [0.3529, 0.3490, 0.3373,  ..., 0.3216, 0.3451, 0.3490],
         ...,
         [0.3686, 0.3451, 0.3490,  ..., 0.3333, 0.3255, 0.3412],
         [0.3216, 0.3333, 0.3412,  ..., 0.3333, 0.3216, 0.3255],
         [0.3373, 0.3412, 0.3490,  ..., 0.3569, 0.3529, 0.3373]]])",0.6437045931816101,0.71264994
"tensor([[[0.4314, 0.4314, 0.3961,  ..., 0.3804, 0.3843, 0.4039],
         [0.4196, 0.4078, 0.4235,  ..., 0.3843, 0.3961, 0.4118],
         [0.4235, 0.4157, 0.4196,  ..., 0.3843, 0.3922, 0.4314],
         ...,
         [0.4235, 0.3922, 0.3686,  ..., 0.3961, 0.3882, 0.4118],
         [0.3882, 0.3843, 0.3843,  ..., 0.3922, 0.3843, 0.4039],
         [0.4118, 0.3843, 0.4157,  ..., 0.4078, 0.4078, 0.4196]]])",0.44997814297676086,0.5442233
"tensor([[[0.3373, 0.3647, 0.3569,  ..., 0.3216, 0.3333, 0.3412],
         [0.3255, 0.3608, 0.3647,  ..., 0.3020, 0.3333, 0.3373],
         [0.3255, 0.3412, 0.3765,  ..., 0.3216, 0.3451, 0.3529],
         ...,
         [0.3216, 0.3137, 0.3098,  ..., 0.3412, 0.3451, 0.3451],
         [0.3686, 0.3647, 0.3333,  ..., 0.3137, 0.3137, 0.3490],
         [0.3490, 0.3216, 0.3255,  ..., 0.3373, 0.3216, 0.3373]]])",0.4727879762649536,0.45951128
"tensor([[[0.3098, 0.3137, 0.3020,  ..., 0.2784, 0.2784, 0.2902],
         [0.2863, 0.3176, 0.3176,  ..., 0.2706, 0.3020, 0.3059],
         [0.2980, 0.2863, 0.3255,  ..., 0.2941, 0.3020, 0.3137],
         ...,
         [0.3176, 0.3020, 0.3098,  ..., 0.2706, 0.3059, 0.3098],
         [0.3255, 0.3216, 0.2902,  ..., 0.2667, 0.2667, 0.3176],
         [0.3020, 0.3098, 0.2706,  ..., 0.3059, 0.2510, 0.2863]]])",0.49901461601257324,0.505731
"tensor([[[0.3686, 0.3608, 0.3922,  ..., 0.3608, 0.3412, 0.3373],
         [0.3529, 0.3686, 0.3725,  ..., 0.3412, 0.3451, 0.3686],
         [0.3373, 0.3451, 0.3804,  ..., 0.3294, 0.3412, 0.3333],
         ...,
         [0.3608, 0.3608, 0.3608,  ..., 0.3294, 0.3647, 0.3451],
         [0.3608, 0.3804, 0.3686,  ..., 0.3216, 0.3373, 0.3686],
         [0.3882, 0.3647, 0.3373,  ..., 0.3451, 0.3176, 0.3373]]])",0.5272138714790344,0.5053257
"tensor([[[0.3608, 0.3490, 0.4196,  ..., 0.3529, 0.3569, 0.3490],
         [0.4000, 0.3451, 0.4039,  ..., 0.3843, 0.3529, 0.3765],
         [0.4000, 0.3608, 0.3725,  ..., 0.3608, 0.3490, 0.3529],
         ...,
         [0.3529, 0.3922, 0.3804,  ..., 0.3020, 0.3686, 0.3529],
         [0.3608, 0.3804, 0.3843,  ..., 0.3216, 0.3373, 0.3647],
         [0.3647, 0.3765, 0.3647,  ..., 0.3294, 0.3294, 0.3490]]])",0.40474429726600647,0.39670926
"tensor([[[0.2706, 0.2588, 0.2902,  ..., 0.3176, 0.2667, 0.2667],
         [0.3059, 0.2784, 0.2902,  ..., 0.2784, 0.2588, 0.2549],
         [0.2941, 0.2941, 0.2784,  ..., 0.2784, 0.2706, 0.2549],
         ...,
         [0.2706, 0.2902, 0.2706,  ..., 0.2392, 0.2510, 0.2824],
         [0.2863, 0.2706, 0.2667,  ..., 0.2588, 0.2275, 0.2784],
         [0.2627, 0.2588, 0.2980,  ..., 0.2902, 0.2392, 0.2431]]])",0.47948306798934937,0.5387779
"tensor([[[0.3765, 0.3529, 0.3529,  ..., 0.3843, 0.3725, 0.3451],
         [0.3569, 0.3922, 0.3608,  ..., 0.3804, 0.3451, 0.3608],
         [0.3529, 0.3608, 0.3961,  ..., 0.3569, 0.3608, 0.3569],
         ...,
         [0.3804, 0.3569, 0.3490,  ..., 0.3333, 0.3412, 0.3569],
         [0.3569, 0.3373, 0.3529,  ..., 0.3725, 0.3137, 0.3569],
         [0.3725, 0.3765, 0.3725,  ..., 0.3882, 0.3451, 0.3373]]])",0.4832325875759125,0.4722497
"tensor([[[0.4627, 0.4118, 0.4275,  ..., 0.4392, 0.4392, 0.4157],
         [0.4510, 0.4353, 0.4392,  ..., 0.4353, 0.4196, 0.4392],
         [0.4039, 0.4471, 0.4275,  ..., 0.4039, 0.4314, 0.4314],
         ...,
         [0.4039, 0.4078, 0.4353,  ..., 0.4196, 0.4157, 0.4235],
         [0.3961, 0.4510, 0.4078,  ..., 0.4235, 0.3804, 0.4039],
         [0.4745, 0.4471, 0.4078,  ..., 0.4706, 0.4235, 0.4118]]])",0.4176673889160156,0.4688582
"tensor([[[0.2118, 0.2078, 0.2078,  ..., 0.1922, 0.2039, 0.2118],
         [0.2039, 0.2078, 0.2118,  ..., 0.2000, 0.2118, 0.2000],
         [0.2039, 0.2039, 0.2157,  ..., 0.2000, 0.2039, 0.2039],
         ...,
         [0.1843, 0.2157, 0.2039,  ..., 0.2078, 0.1961, 0.2039],
         [0.2039, 0.2118, 0.1961,  ..., 0.2157, 0.1961, 0.2078],
         [0.2196, 0.2039, 0.2118,  ..., 0.2275, 0.2078, 0.2078]]])",0.7015302777290344,0.75908726
"tensor([[[0.4078, 0.3765, 0.3804,  ..., 0.3451, 0.3490, 0.3647],
         [0.3569, 0.3843, 0.3843,  ..., 0.3608, 0.3451, 0.3451],
         [0.3373, 0.3765, 0.3804,  ..., 0.3412, 0.3412, 0.3451],
         ...,
         [0.3451, 0.3490, 0.3451,  ..., 0.4039, 0.3176, 0.3490],
         [0.3451, 0.3490, 0.3490,  ..., 0.3882, 0.3569, 0.3569],
         [0.3647, 0.3373, 0.3412,  ..., 0.3686, 0.3804, 0.3843]]])",0.39513644576072693,0.40937907
"tensor([[[0.3490, 0.3373, 0.3137,  ..., 0.3294, 0.3098, 0.3216],
         [0.3373, 0.3333, 0.3373,  ..., 0.3294, 0.3098, 0.2980],
         [0.3098, 0.3255, 0.3294,  ..., 0.2941, 0.3020, 0.3216],
         ...,
         [0.3137, 0.3059, 0.3137,  ..., 0.3176, 0.3020, 0.2941],
         [0.3098, 0.3137, 0.3020,  ..., 0.3176, 0.3255, 0.3137],
         [0.3137, 0.3176, 0.3098,  ..., 0.2980, 0.3216, 0.2980]]])",0.5553569793701172,0.51442146
"tensor([[[0.3490, 0.3843, 0.3647,  ..., 0.3608, 0.3255, 0.3373],
         [0.3490, 0.3608, 0.3725,  ..., 0.3686, 0.3333, 0.3843],
         [0.3412, 0.3490, 0.3490,  ..., 0.3373, 0.3647, 0.3451],
         ...,
         [0.3216, 0.3529, 0.3333,  ..., 0.3490, 0.3098, 0.3647],
         [0.3490, 0.3451, 0.3412,  ..., 0.3765, 0.3608, 0.2902],
         [0.3608, 0.3451, 0.3451,  ..., 0.3412, 0.3765, 0.3686]]])",0.4105914235115051,0.41203928
"tensor([[[0.3765, 0.3333, 0.3333,  ..., 0.3216, 0.3059, 0.3137],
         [0.3137, 0.3569, 0.3333,  ..., 0.3373, 0.3255, 0.3255],
         [0.3294, 0.3020, 0.3373,  ..., 0.3529, 0.3294, 0.3882],
         ...,
         [0.3098, 0.3059, 0.3216,  ..., 0.3569, 0.3059, 0.3216],
         [0.3137, 0.3137, 0.3608,  ..., 0.3569, 0.3569, 0.3020],
         [0.2941, 0.3451, 0.3255,  ..., 0.3451, 0.3686, 0.3333]]])",0.4204583764076233,0.43321472
"tensor([[[0.4471, 0.4588, 0.4667,  ..., 0.5098, 0.4000, 0.4471],
         [0.4824, 0.4510, 0.4588,  ..., 0.4118, 0.4549, 0.4941],
         [0.4745, 0.4824, 0.4510,  ..., 0.4314, 0.4863, 0.4392],
         ...,
         [0.4471, 0.4392, 0.4157,  ..., 0.4980, 0.4824, 0.5020],
         [0.4275, 0.4157, 0.4392,  ..., 0.4745, 0.4588, 0.4902],
         [0.4275, 0.4196, 0.4667,  ..., 0.4510, 0.4980, 0.4353]]])",0.3715726137161255,0.42303833
"tensor([[[0.4078, 0.3961, 0.3882,  ..., 0.4196, 0.4078, 0.3686],
         [0.4000, 0.3961, 0.3882,  ..., 0.4078, 0.3843, 0.3882],
         [0.4039, 0.4118, 0.3804,  ..., 0.3922, 0.3882, 0.3647],
         ...,
         [0.3922, 0.4039, 0.3765,  ..., 0.4039, 0.4157, 0.3922],
         [0.3961, 0.3647, 0.3608,  ..., 0.4078, 0.4000, 0.4196],
         [0.3647, 0.3608, 0.3765,  ..., 0.3922, 0.4000, 0.4157]]])",0.41873085498809814,0.50790304
"tensor([[[0.4549, 0.4392, 0.4510,  ..., 0.4118, 0.5294, 0.4431],
         [0.4431, 0.4549, 0.4431,  ..., 0.5059, 0.4471, 0.4275],
         [0.4471, 0.4510, 0.4431,  ..., 0.4627, 0.4353, 0.4392],
         ...,
         [0.4667, 0.4549, 0.4275,  ..., 0.4431, 0.4706, 0.4392],
         [0.4353, 0.4471, 0.4471,  ..., 0.4157, 0.4706, 0.4588],
         [0.4745, 0.4275, 0.4157,  ..., 0.4706, 0.4196, 0.5098]]])",0.44626134634017944,0.44774127
"tensor([[[0.4118, 0.4275, 0.4431,  ..., 0.4039, 0.4980, 0.4196],
         [0.4196, 0.4118, 0.4235,  ..., 0.4588, 0.4275, 0.4039],
         [0.4235, 0.4118, 0.4157,  ..., 0.4235, 0.4235, 0.4000],
         ...,
         [0.4196, 0.4314, 0.4314,  ..., 0.3843, 0.4588, 0.4471],
         [0.4314, 0.4353, 0.3961,  ..., 0.4157, 0.3922, 0.4706],
         [0.4431, 0.4039, 0.4157,  ..., 0.4196, 0.4275, 0.4157]]])",0.39215031266212463,0.40133047
"tensor([[[0.3098, 0.3137, 0.3569,  ..., 0.3412, 0.3373, 0.3255],
         [0.3176, 0.3216, 0.3216,  ..., 0.3490, 0.3647, 0.3333],
         [0.3294, 0.3333, 0.3373,  ..., 0.3529, 0.3176, 0.3608],
         ...,
         [0.2980, 0.3137, 0.3333,  ..., 0.3294, 0.3725, 0.3373],
         [0.3529, 0.3294, 0.3412,  ..., 0.3137, 0.3216, 0.3333],
         [0.3373, 0.3451, 0.3490,  ..., 0.3216, 0.3176, 0.3176]]])",0.3965231776237488,0.50125575
"tensor([[[0.3647, 0.3569, 0.3451,  ..., 0.3569, 0.3725, 0.3529],
         [0.3647, 0.3373, 0.3804,  ..., 0.3725, 0.3804, 0.3647],
         [0.3804, 0.3412, 0.3373,  ..., 0.3922, 0.3725, 0.3569],
         ...,
         [0.3725, 0.3373, 0.3882,  ..., 0.3333, 0.3765, 0.3412],
         [0.3490, 0.3647, 0.3725,  ..., 0.3686, 0.3529, 0.3529],
         [0.3490, 0.4000, 0.3529,  ..., 0.3686, 0.3373, 0.3608]]])",0.4357320964336395,0.52647316
"tensor([[[0.3059, 0.3255, 0.2863,  ..., 0.3059, 0.3098, 0.3020],
         [0.3020, 0.3333, 0.3176,  ..., 0.3176, 0.3098, 0.3020],
         [0.3059, 0.3098, 0.3176,  ..., 0.3098, 0.3137, 0.3216],
         ...,
         [0.3098, 0.3098, 0.3176,  ..., 0.3059, 0.3059, 0.2941],
         [0.3216, 0.3216, 0.3059,  ..., 0.3059, 0.2980, 0.3020],
         [0.3176, 0.3137, 0.2941,  ..., 0.2863, 0.2980, 0.3020]]])",0.4950501322746277,0.4840499
"tensor([[[0.4039, 0.3647, 0.3608,  ..., 0.3882, 0.3569, 0.3647],
         [0.4275, 0.4039, 0.3765,  ..., 0.3569, 0.3922, 0.4196],
         [0.3725, 0.4000, 0.4078,  ..., 0.4078, 0.4235, 0.4039],
         ...,
         [0.4235, 0.4196, 0.3922,  ..., 0.3922, 0.3765, 0.3961],
         [0.4235, 0.3882, 0.3922,  ..., 0.4118, 0.4000, 0.3843],
         [0.3922, 0.3843, 0.3725,  ..., 0.3725, 0.4118, 0.4000]]])",0.4810430705547333,0.436347
"tensor([[[0.3020, 0.2784, 0.3137,  ..., 0.2902, 0.3059, 0.3137],
         [0.3255, 0.2863, 0.3020,  ..., 0.3176, 0.3216, 0.3020],
         [0.3176, 0.3059, 0.2980,  ..., 0.3294, 0.3059, 0.3176],
         ...,
         [0.3059, 0.3137, 0.3020,  ..., 0.3294, 0.3098, 0.3020],
         [0.3098, 0.3137, 0.2863,  ..., 0.3255, 0.3216, 0.3059],
         [0.3020, 0.2784, 0.2824,  ..., 0.2902, 0.3255, 0.3216]]])",0.5511677265167236,0.47117734
"tensor([[[0.4627, 0.4000, 0.4706,  ..., 0.4471, 0.4431, 0.4431],
         [0.4431, 0.4118, 0.4431,  ..., 0.4431, 0.4549, 0.4471],
         [0.4902, 0.4471, 0.4275,  ..., 0.4549, 0.4667, 0.4706],
         ...,
         [0.4431, 0.4549, 0.4510,  ..., 0.4824, 0.4824, 0.4471],
         [0.4275, 0.4706, 0.4471,  ..., 0.4353, 0.4784, 0.4824],
         [0.4549, 0.4392, 0.4588,  ..., 0.4549, 0.4392, 0.4588]]])",0.46748584508895874,0.42258275
"tensor([[[0.4392, 0.3922, 0.4314,  ..., 0.4392, 0.4235, 0.4314],
         [0.4471, 0.4588, 0.4078,  ..., 0.4353, 0.4353, 0.4392],
         [0.4471, 0.4549, 0.4549,  ..., 0.4314, 0.4471, 0.4471],
         ...,
         [0.4392, 0.4353, 0.4392,  ..., 0.4549, 0.4627, 0.4745],
         [0.4196, 0.4392, 0.4824,  ..., 0.4471, 0.4431, 0.4510],
         [0.4196, 0.4471, 0.4667,  ..., 0.4392, 0.4353, 0.4549]]])",0.4589170813560486,0.55255294
"tensor([[[0.3961, 0.3412, 0.3608,  ..., 0.3569, 0.3569, 0.3804],
         [0.3922, 0.3451, 0.3529,  ..., 0.3412, 0.3608, 0.3608],
         [0.3922, 0.3686, 0.3294,  ..., 0.3725, 0.3686, 0.3843],
         ...,
         [0.3647, 0.3529, 0.3529,  ..., 0.3922, 0.3961, 0.3882],
         [0.3490, 0.3608, 0.3647,  ..., 0.3569, 0.3765, 0.3922],
         [0.3765, 0.3647, 0.3804,  ..., 0.3529, 0.3412, 0.3647]]])",0.41715967655181885,0.46245766
"tensor([[[0.3843, 0.3451, 0.3451,  ..., 0.3882, 0.3961, 0.3647],
         [0.3922, 0.3804, 0.3608,  ..., 0.3765, 0.3725, 0.3765],
         [0.3882, 0.3647, 0.3686,  ..., 0.3882, 0.3882, 0.3961],
         ...,
         [0.3725, 0.3765, 0.3647,  ..., 0.3922, 0.4078, 0.3647],
         [0.3647, 0.3725, 0.3765,  ..., 0.3608, 0.3922, 0.4157],
         [0.3804, 0.3804, 0.3922,  ..., 0.3686, 0.3529, 0.3882]]])",0.47606906294822693,0.44205493
"tensor([[[0.3451, 0.3373, 0.3255,  ..., 0.3373, 0.3176, 0.3412],
         [0.3333, 0.3451, 0.3216,  ..., 0.3216, 0.3294, 0.3647],
         [0.3176, 0.3294, 0.3451,  ..., 0.3412, 0.3529, 0.3686],
         ...,
         [0.3451, 0.3294, 0.3137,  ..., 0.3294, 0.3020, 0.3255],
         [0.2902, 0.3176, 0.3294,  ..., 0.3608, 0.3451, 0.3098],
         [0.3373, 0.3216, 0.3333,  ..., 0.3216, 0.3804, 0.3490]]])",0.5040216445922852,0.4411459
"tensor([[[0.4000, 0.3882, 0.3765,  ..., 0.4118, 0.4157, 0.4196],
         [0.4078, 0.4157, 0.4000,  ..., 0.4118, 0.4235, 0.4196],
         [0.4000, 0.4078, 0.3961,  ..., 0.4235, 0.4235, 0.4235],
         ...,
         [0.4314, 0.4314, 0.4078,  ..., 0.3961, 0.4157, 0.4157],
         [0.4196, 0.3882, 0.4000,  ..., 0.3882, 0.3961, 0.3765],
         [0.4000, 0.4078, 0.3843,  ..., 0.3961, 0.4157, 0.4157]]])",0.4767875671386719,0.4332846
"tensor([[[0.3804, 0.3373, 0.3490,  ..., 0.3412, 0.3255, 0.3804],
         [0.3843, 0.3686, 0.3333,  ..., 0.3255, 0.3922, 0.3843],
         [0.3608, 0.3765, 0.3569,  ..., 0.3843, 0.3961, 0.3961],
         ...,
         [0.3608, 0.3882, 0.3725,  ..., 0.3608, 0.3608, 0.3294],
         [0.4000, 0.3725, 0.3412,  ..., 0.3176, 0.3451, 0.3569],
         [0.3725, 0.3020, 0.3451,  ..., 0.3765, 0.3529, 0.3529]]])",0.41369861364364624,0.47302082
"tensor([[[0.2627, 0.2706, 0.2706,  ..., 0.2392, 0.2275, 0.2627],
         [0.2667, 0.2549, 0.2667,  ..., 0.2353, 0.2549, 0.2706],
         [0.2549, 0.2431, 0.2549,  ..., 0.2510, 0.2863, 0.2902],
         ...,
         [0.2667, 0.2627, 0.2627,  ..., 0.2510, 0.2471, 0.2549],
         [0.2549, 0.2667, 0.2667,  ..., 0.2353, 0.2314, 0.2588],
         [0.2784, 0.2314, 0.2627,  ..., 0.2667, 0.2353, 0.2235]]])",0.5481664538383484,0.5640945
"tensor([[[0.2431, 0.2471, 0.2431,  ..., 0.2392, 0.2353, 0.2353],
         [0.2392, 0.2392, 0.2392,  ..., 0.2392, 0.2314, 0.2353],
         [0.2314, 0.2392, 0.2392,  ..., 0.2314, 0.2392, 0.2549],
         ...,
         [0.2431, 0.2510, 0.2392,  ..., 0.2392, 0.2353, 0.2353],
         [0.2392, 0.2392, 0.2392,  ..., 0.2314, 0.2353, 0.2353],
         [0.2353, 0.2471, 0.2588,  ..., 0.2392, 0.2392, 0.2392]]])",0.693662703037262,0.6782349
"tensor([[[0.2706, 0.2627, 0.2745,  ..., 0.2627, 0.2667, 0.2667],
         [0.2824, 0.2745, 0.2510,  ..., 0.2510, 0.2706, 0.2784],
         [0.2549, 0.2784, 0.2706,  ..., 0.2588, 0.2824, 0.2745],
         ...,
         [0.2706, 0.2627, 0.2471,  ..., 0.2627, 0.2471, 0.2745],
         [0.2745, 0.2667, 0.2824,  ..., 0.2471, 0.2510, 0.2588],
         [0.2588, 0.2784, 0.2863,  ..., 0.2745, 0.2706, 0.2784]]])",0.5359370112419128,0.5624708
"tensor([[[0.3412, 0.3373, 0.3255,  ..., 0.3333, 0.3608, 0.3765],
         [0.3647, 0.3412, 0.3373,  ..., 0.3647, 0.3647, 0.3569],
         [0.3686, 0.3608, 0.3569,  ..., 0.3529, 0.3608, 0.3412],
         ...,
         [0.3451, 0.3451, 0.3333,  ..., 0.3098, 0.3098, 0.3647],
         [0.3529, 0.3412, 0.3569,  ..., 0.3804, 0.3059, 0.3255],
         [0.3333, 0.3373, 0.3725,  ..., 0.3647, 0.3569, 0.3333]]])",0.4803140461444855,0.5883367
"tensor([[[0.4196, 0.3804, 0.3686,  ..., 0.3765, 0.4314, 0.4118],
         [0.3961, 0.4118, 0.3961,  ..., 0.4078, 0.4118, 0.4039],
         [0.4196, 0.4000, 0.4039,  ..., 0.4196, 0.4000, 0.4078],
         ...,
         [0.3922, 0.4000, 0.4039,  ..., 0.4000, 0.3451, 0.4196],
         [0.4157, 0.3961, 0.4039,  ..., 0.4157, 0.4275, 0.3412],
         [0.3882, 0.3882, 0.4000,  ..., 0.3882, 0.4196, 0.4431]]])",0.5005134344100952,0.58046037
"tensor([[[0.3922, 0.3725, 0.3412,  ..., 0.3961, 0.3922, 0.4039],
         [0.4157, 0.3961, 0.3765,  ..., 0.3922, 0.4039, 0.3843],
         [0.4078, 0.4196, 0.4039,  ..., 0.3843, 0.3922, 0.3961],
         ...,
         [0.3922, 0.3725, 0.3961,  ..., 0.4000, 0.3922, 0.3608],
         [0.3686, 0.3882, 0.3804,  ..., 0.3725, 0.4078, 0.4039],
         [0.3725, 0.3804, 0.3765,  ..., 0.3843, 0.3608, 0.4078]]])",0.4503169059753418,0.510546
"tensor([[[0.2745, 0.2863, 0.2980,  ..., 0.3216, 0.2941, 0.3333],
         [0.3176, 0.3176, 0.3059,  ..., 0.3137, 0.3255, 0.3451],
         [0.3216, 0.3451, 0.3255,  ..., 0.3294, 0.3255, 0.3059],
         ...,
         [0.3176, 0.2980, 0.2941,  ..., 0.3137, 0.3059, 0.3451],
         [0.2824, 0.2902, 0.3059,  ..., 0.3059, 0.3020, 0.2941],
         [0.2980, 0.3059, 0.3255,  ..., 0.3020, 0.3176, 0.3098]]])",0.46206942200660706,0.5253662
"tensor([[[0.3922, 0.3961, 0.3882,  ..., 0.4000, 0.3843, 0.4275],
         [0.3922, 0.3922, 0.3922,  ..., 0.4118, 0.4118, 0.4314],
         [0.3608, 0.4078, 0.4000,  ..., 0.4078, 0.4078, 0.4235],
         ...,
         [0.3882, 0.3608, 0.3647,  ..., 0.3843, 0.3961, 0.4784],
         [0.3608, 0.3373, 0.4118,  ..., 0.4118, 0.3961, 0.3882],
         [0.3333, 0.4078, 0.4275,  ..., 0.4000, 0.4157, 0.3804]]])",0.4186355769634247,0.4079976
"tensor([[[0.3490, 0.3843, 0.3882,  ..., 0.3882, 0.3922, 0.3765],
         [0.3765, 0.3608, 0.3686,  ..., 0.3922, 0.3765, 0.3804],
         [0.3765, 0.3647, 0.3529,  ..., 0.3882, 0.3725, 0.4039],
         ...,
         [0.3647, 0.3608, 0.3529,  ..., 0.3804, 0.3765, 0.3765],
         [0.3373, 0.3294, 0.3569,  ..., 0.3686, 0.4039, 0.3961],
         [0.3333, 0.3569, 0.3961,  ..., 0.3765, 0.3922, 0.3922]]])",0.44211339950561523,0.39287597
"tensor([[[0.3216, 0.3216, 0.3412,  ..., 0.3098, 0.3294, 0.3137],
         [0.2824, 0.3020, 0.3137,  ..., 0.3098, 0.3255, 0.3255],
         [0.3569, 0.3137, 0.2980,  ..., 0.3333, 0.3098, 0.3176],
         ...,
         [0.3098, 0.3020, 0.3176,  ..., 0.2902, 0.3098, 0.3216],
         [0.3020, 0.3020, 0.3216,  ..., 0.3255, 0.3059, 0.3176],
         [0.3137, 0.3176, 0.3176,  ..., 0.3294, 0.3373, 0.3333]]])",0.5868133306503296,0.5944601
"tensor([[[0.2392, 0.2549, 0.2471,  ..., 0.2431, 0.2510, 0.2510],
         [0.2431, 0.2392, 0.2353,  ..., 0.2392, 0.2549, 0.2471],
         [0.2549, 0.2588, 0.2549,  ..., 0.2510, 0.2431, 0.2510],
         ...,
         [0.2353, 0.2510, 0.2588,  ..., 0.2314, 0.2431, 0.2510],
         [0.2431, 0.2471, 0.2471,  ..., 0.2471, 0.2392, 0.2510],
         [0.2471, 0.2392, 0.2471,  ..., 0.2588, 0.2549, 0.2549]]])",0.7501340508460999,0.717391
"tensor([[[0.2510, 0.2431, 0.2588,  ..., 0.2745, 0.2392, 0.2627],
         [0.2706, 0.2549, 0.2510,  ..., 0.2510, 0.2549, 0.2706],
         [0.2588, 0.2902, 0.2549,  ..., 0.2510, 0.2667, 0.2745],
         ...,
         [0.2471, 0.2588, 0.2824,  ..., 0.2588, 0.2706, 0.2627],
         [0.2431, 0.2627, 0.2471,  ..., 0.2431, 0.2667, 0.2667],
         [0.2627, 0.2824, 0.2667,  ..., 0.2588, 0.2627, 0.3098]]])",0.5341908931732178,0.49980545
"tensor([[[0.2745, 0.2549, 0.2667,  ..., 0.3059, 0.2510, 0.2745],
         [0.2902, 0.2824, 0.2588,  ..., 0.2745, 0.2549, 0.3137],
         [0.2784, 0.2824, 0.2784,  ..., 0.2431, 0.3137, 0.2667],
         ...,
         [0.2667, 0.2706, 0.2824,  ..., 0.2706, 0.2784, 0.2627],
         [0.2588, 0.2784, 0.2784,  ..., 0.2824, 0.2784, 0.2784],
         [0.2745, 0.2980, 0.2745,  ..., 0.2745, 0.2784, 0.3059]]])",0.5572406053543091,0.49125138
"tensor([[[0.4235, 0.3961, 0.4078,  ..., 0.4078, 0.4275, 0.4118],
         [0.4275, 0.4157, 0.4157,  ..., 0.4196, 0.4196, 0.4078],
         [0.4353, 0.4314, 0.4196,  ..., 0.4314, 0.4196, 0.4235],
         ...,
         [0.4118, 0.4157, 0.4118,  ..., 0.4588, 0.4157, 0.4118],
         [0.4157, 0.4275, 0.4157,  ..., 0.4196, 0.4275, 0.4314],
         [0.4118, 0.4314, 0.4000,  ..., 0.3882, 0.4235, 0.4235]]])",0.5453982353210449,0.5162955
"tensor([[[0.2627, 0.2784, 0.2667,  ..., 0.2549, 0.2706, 0.2588],
         [0.2627, 0.2627, 0.2745,  ..., 0.2667, 0.2706, 0.2745],
         [0.3020, 0.2706, 0.2588,  ..., 0.2784, 0.2706, 0.2784],
         ...,
         [0.2902, 0.2902, 0.2627,  ..., 0.2941, 0.2745, 0.2510],
         [0.2588, 0.2667, 0.2549,  ..., 0.2745, 0.2863, 0.2706],
         [0.2745, 0.2667, 0.2863,  ..., 0.2510, 0.2627, 0.2941]]])",0.5651710033416748,0.5793009
"tensor([[[0.3020, 0.3176, 0.3255,  ..., 0.3020, 0.2980, 0.3176],
         [0.2863, 0.3020, 0.3255,  ..., 0.2941, 0.3294, 0.3059],
         [0.3451, 0.3020, 0.3176,  ..., 0.3176, 0.3176, 0.3255],
         ...,
         [0.3294, 0.3529, 0.3216,  ..., 0.3176, 0.3176, 0.2980],
         [0.3333, 0.3176, 0.3137,  ..., 0.2980, 0.2941, 0.3216],
         [0.3333, 0.3176, 0.3294,  ..., 0.2980, 0.2863, 0.2902]]])",0.4832236170768738,0.56672585
"tensor([[[0.3490, 0.3490, 0.3882,  ..., 0.3412, 0.3608, 0.3765],
         [0.3647, 0.3333, 0.3725,  ..., 0.3451, 0.3765, 0.3608],
         [0.3961, 0.3608, 0.3686,  ..., 0.3686, 0.3608, 0.3412],
         ...,
         [0.3804, 0.3686, 0.3647,  ..., 0.3333, 0.3608, 0.3725],
         [0.4039, 0.3961, 0.3843,  ..., 0.3412, 0.3294, 0.3373],
         [0.3882, 0.3686, 0.3882,  ..., 0.3647, 0.3255, 0.3137]]])",0.4422365725040436,0.5143075
"tensor([[[0.2784, 0.2706, 0.2863,  ..., 0.2784, 0.2784, 0.2824],
         [0.2941, 0.2745, 0.2863,  ..., 0.2706, 0.3059, 0.2745],
         [0.2902, 0.2824, 0.2784,  ..., 0.2784, 0.2863, 0.2667],
         ...,
         [0.3176, 0.2980, 0.2863,  ..., 0.2863, 0.2706, 0.2863],
         [0.2941, 0.2902, 0.2941,  ..., 0.2941, 0.2549, 0.2549],
         [0.2863, 0.2745, 0.2824,  ..., 0.2588, 0.2745, 0.2745]]])",0.5458623170852661,0.534317
"tensor([[[0.3804, 0.3686, 0.3843,  ..., 0.3882, 0.3961, 0.3686],
         [0.3882, 0.3647, 0.3882,  ..., 0.3882, 0.3843, 0.3725],
         [0.3882, 0.3490, 0.3843,  ..., 0.3961, 0.3804, 0.3608],
         ...,
         [0.3961, 0.3647, 0.3765,  ..., 0.3804, 0.3765, 0.3647],
         [0.3765, 0.3765, 0.3686,  ..., 0.3608, 0.3608, 0.3725],
         [0.3804, 0.3686, 0.3765,  ..., 0.3412, 0.3843, 0.3529]]])",0.47654950618743896,0.5850806
"tensor([[[0.2941, 0.2863, 0.3216,  ..., 0.2941, 0.2941, 0.2863],
         [0.2667, 0.2902, 0.3020,  ..., 0.2980, 0.2941, 0.2745],
         [0.2784, 0.2627, 0.2902,  ..., 0.3020, 0.2863, 0.2863],
         ...,
         [0.2902, 0.2745, 0.2863,  ..., 0.2745, 0.2863, 0.2902],
         [0.3020, 0.2980, 0.2824,  ..., 0.2824, 0.2824, 0.2863],
         [0.2941, 0.2784, 0.2588,  ..., 0.2941, 0.2745, 0.2902]]])",0.514183521270752,0.50740695
"tensor([[[0.3451, 0.3882, 0.3569,  ..., 0.3294, 0.3216, 0.3373],
         [0.3137, 0.3529, 0.3804,  ..., 0.3412, 0.3412, 0.3647],
         [0.3373, 0.3255, 0.3490,  ..., 0.3490, 0.3451, 0.3608],
         ...,
         [0.3137, 0.3216, 0.3647,  ..., 0.3333, 0.3490, 0.3451],
         [0.3490, 0.3608, 0.3255,  ..., 0.3451, 0.3686, 0.3294],
         [0.3608, 0.3098, 0.3529,  ..., 0.3490, 0.3333, 0.3529]]])",0.3788512647151947,0.49027097
"tensor([[[0.3333, 0.3529, 0.3333,  ..., 0.3176, 0.3255, 0.3255],
         [0.3216, 0.3373, 0.3608,  ..., 0.3333, 0.3059, 0.3490],
         [0.3216, 0.3176, 0.3451,  ..., 0.3137, 0.3490, 0.3490],
         ...,
         [0.3373, 0.3216, 0.3451,  ..., 0.3451, 0.3490, 0.3529],
         [0.3451, 0.3020, 0.3412,  ..., 0.3333, 0.3608, 0.3451],
         [0.2824, 0.3294, 0.3490,  ..., 0.3333, 0.3647, 0.3451]]])",0.4492807388305664,0.48716927
"tensor([[[0.4588, 0.4353, 0.4196,  ..., 0.4157, 0.4196, 0.4549],
         [0.4275, 0.4627, 0.4471,  ..., 0.4196, 0.4471, 0.4549],
         [0.4275, 0.4157, 0.4588,  ..., 0.4275, 0.4471, 0.4275],
         ...,
         [0.4039, 0.4235, 0.4314,  ..., 0.4431, 0.4549, 0.4627],
         [0.4039, 0.4118, 0.4353,  ..., 0.4392, 0.4706, 0.4471],
         [0.4078, 0.4118, 0.4667,  ..., 0.4431, 0.4667, 0.4824]]])",0.43833109736442566,0.41064826
"tensor([[[0.4314, 0.4314, 0.3843,  ..., 0.4039, 0.4078, 0.4275],
         [0.4157, 0.4235, 0.4118,  ..., 0.4078, 0.4118, 0.4196],
         [0.4039, 0.4000, 0.4157,  ..., 0.3882, 0.4196, 0.4000],
         ...,
         [0.3843, 0.3804, 0.4078,  ..., 0.4235, 0.4431, 0.4118],
         [0.3804, 0.3961, 0.4118,  ..., 0.4078, 0.4471, 0.4275],
         [0.3843, 0.4157, 0.4118,  ..., 0.4078, 0.4157, 0.4314]]])",0.49677935242652893,0.52870876
"tensor([[[0.4000, 0.3804, 0.3765,  ..., 0.3843, 0.4039, 0.4000],
         [0.4039, 0.3922, 0.3882,  ..., 0.3922, 0.3804, 0.3961],
         [0.3765, 0.3961, 0.3725,  ..., 0.3765, 0.3882, 0.4039],
         ...,
         [0.3451, 0.3569, 0.3725,  ..., 0.3843, 0.4078, 0.4314],
         [0.3843, 0.3922, 0.3686,  ..., 0.3843, 0.3961, 0.3882],
         [0.3961, 0.3686, 0.3843,  ..., 0.3686, 0.3922, 0.4000]]])",0.4394203722476959,0.5070634
"tensor([[[0.3294, 0.3451, 0.3333,  ..., 0.3569, 0.3490, 0.3843],
         [0.3608, 0.3294, 0.3529,  ..., 0.3412, 0.3608, 0.3255],
         [0.3373, 0.3451, 0.3490,  ..., 0.3608, 0.3373, 0.3176],
         ...,
         [0.3137, 0.3294, 0.3255,  ..., 0.3255, 0.3490, 0.3647],
         [0.3451, 0.3412, 0.3333,  ..., 0.3451, 0.3569, 0.3333],
         [0.3294, 0.3216, 0.3451,  ..., 0.2941, 0.3412, 0.3569]]])",0.4428325295448303,0.5280277
"tensor([[[0.2275, 0.2824, 0.2627,  ..., 0.2824, 0.2784, 0.2392],
         [0.2471, 0.2392, 0.2667,  ..., 0.2784, 0.2392, 0.2667],
         [0.2980, 0.2588, 0.2471,  ..., 0.2549, 0.2588, 0.2784],
         ...,
         [0.2784, 0.2549, 0.2431,  ..., 0.2706, 0.3020, 0.3098],
         [0.2353, 0.2549, 0.2667,  ..., 0.2824, 0.2745, 0.2980],
         [0.2706, 0.2667, 0.2941,  ..., 0.2627, 0.2941, 0.2627]]])",0.4652281105518341,0.44911724
"tensor([[[0.3725, 0.3529, 0.3490,  ..., 0.3843, 0.3725, 0.3647],
         [0.3882, 0.3569, 0.3569,  ..., 0.3608, 0.3490, 0.3765],
         [0.3686, 0.3686, 0.3608,  ..., 0.3490, 0.3843, 0.3765],
         ...,
         [0.3647, 0.3765, 0.3961,  ..., 0.3647, 0.3725, 0.3451],
         [0.3804, 0.3843, 0.3765,  ..., 0.3529, 0.3647, 0.3765],
         [0.3922, 0.3725, 0.3490,  ..., 0.3882, 0.3647, 0.3843]]])",0.4224450886249542,0.47628388
"tensor([[[0.3255, 0.3529, 0.3098,  ..., 0.3451, 0.3294, 0.3412],
         [0.3373, 0.3176, 0.3451,  ..., 0.3255, 0.3412, 0.3176],
         [0.3333, 0.3333, 0.3098,  ..., 0.3373, 0.3255, 0.3255],
         ...,
         [0.3373, 0.3333, 0.3451,  ..., 0.3176, 0.3333, 0.3373],
         [0.3333, 0.3490, 0.3373,  ..., 0.3255, 0.3216, 0.3333],
         [0.3529, 0.3255, 0.3255,  ..., 0.3451, 0.3255, 0.3255]]])",0.46602749824523926,0.4556666
"tensor([[[0.3882, 0.3961, 0.3608,  ..., 0.3843, 0.3804, 0.4235],
         [0.3647, 0.3804, 0.3765,  ..., 0.3725, 0.3608, 0.3804],
         [0.3843, 0.3843, 0.3765,  ..., 0.3451, 0.4078, 0.3882],
         ...,
         [0.3843, 0.3922, 0.3961,  ..., 0.3725, 0.3686, 0.4118],
         [0.3961, 0.3922, 0.3804,  ..., 0.3804, 0.3725, 0.3804],
         [0.3922, 0.3765, 0.3843,  ..., 0.3843, 0.3804, 0.3647]]])",0.42639869451522827,0.4418301
"tensor([[[0.3176, 0.3255, 0.3137,  ..., 0.3098, 0.3294, 0.3490],
         [0.3294, 0.3137, 0.3255,  ..., 0.3451, 0.3216, 0.3098],
         [0.3333, 0.3333, 0.3137,  ..., 0.3059, 0.3176, 0.3333],
         ...,
         [0.3294, 0.3333, 0.3216,  ..., 0.3216, 0.3333, 0.3137],
         [0.3255, 0.3294, 0.3333,  ..., 0.3176, 0.3333, 0.3216],
         [0.3333, 0.3216, 0.3255,  ..., 0.3333, 0.3294, 0.3333]]])",0.5315446853637695,0.5186853
"tensor([[[0.4235, 0.4392, 0.4510,  ..., 0.3961, 0.4392, 0.4078],
         [0.4196, 0.4157, 0.4314,  ..., 0.4314, 0.4157, 0.4000],
         [0.4235, 0.4078, 0.3961,  ..., 0.3922, 0.4000, 0.4157],
         ...,
         [0.3961, 0.4196, 0.4157,  ..., 0.4392, 0.4431, 0.4235],
         [0.4431, 0.4118, 0.4235,  ..., 0.4118, 0.4392, 0.4510],
         [0.3608, 0.4196, 0.4196,  ..., 0.4588, 0.3961, 0.4549]]])",0.4224816560745239,0.43024808
"tensor([[[0.3882, 0.3882, 0.3255,  ..., 0.3490, 0.3333, 0.3529],
         [0.3843, 0.4039, 0.3922,  ..., 0.3373, 0.3412, 0.3412],
         [0.3843, 0.3843, 0.4039,  ..., 0.3686, 0.3529, 0.3608],
         ...,
         [0.3569, 0.3725, 0.3255,  ..., 0.3804, 0.3686, 0.3804],
         [0.3882, 0.3569, 0.3373,  ..., 0.3686, 0.3922, 0.3686],
         [0.3529, 0.3647, 0.3412,  ..., 0.3882, 0.3608, 0.3922]]])",0.44332969188690186,0.44432124
"tensor([[[0.3882, 0.3961, 0.4000,  ..., 0.3529, 0.3804, 0.4078],
         [0.4353, 0.3882, 0.4039,  ..., 0.4000, 0.4353, 0.4392],
         [0.4078, 0.4392, 0.3765,  ..., 0.4353, 0.4000, 0.3765],
         ...,
         [0.3961, 0.4039, 0.3882,  ..., 0.4157, 0.4118, 0.4392],
         [0.3843, 0.4118, 0.3765,  ..., 0.4235, 0.4431, 0.3922],
         [0.3765, 0.4078, 0.4039,  ..., 0.3843, 0.4196, 0.4471]]])",0.3936094641685486,0.41967762
"tensor([[[0.3843, 0.3686, 0.3843,  ..., 0.3843, 0.3882, 0.4471],
         [0.4078, 0.3686, 0.3765,  ..., 0.4000, 0.4353, 0.3961],
         [0.4000, 0.4275, 0.3843,  ..., 0.3961, 0.3804, 0.3686],
         ...,
         [0.4157, 0.3961, 0.4157,  ..., 0.4157, 0.4118, 0.4157],
         [0.3961, 0.3804, 0.4353,  ..., 0.3804, 0.4118, 0.3961],
         [0.3843, 0.4196, 0.4353,  ..., 0.4000, 0.4000, 0.4039]]])",0.4567418098449707,0.4323725
"tensor([[[0.3843, 0.4118, 0.4000,  ..., 0.4078, 0.4353, 0.4039],
         [0.3686, 0.4000, 0.3961,  ..., 0.4118, 0.4000, 0.4039],
         [0.4157, 0.3922, 0.4275,  ..., 0.4078, 0.4314, 0.4235],
         ...,
         [0.4235, 0.4431, 0.4196,  ..., 0.4314, 0.4196, 0.4431],
         [0.4392, 0.4235, 0.4392,  ..., 0.4039, 0.4118, 0.3961],
         [0.4353, 0.4235, 0.4510,  ..., 0.4039, 0.4157, 0.4118]]])",0.40854376554489136,0.4066166
"tensor([[[0.3451, 0.3529, 0.3412,  ..., 0.3451, 0.3451, 0.3216],
         [0.3451, 0.3529, 0.3412,  ..., 0.3294, 0.3294, 0.3451],
         [0.3490, 0.3686, 0.3882,  ..., 0.3529, 0.3725, 0.3686],
         ...,
         [0.3373, 0.3608, 0.3569,  ..., 0.3490, 0.3608, 0.3765],
         [0.3412, 0.3529, 0.3373,  ..., 0.3569, 0.3451, 0.3647],
         [0.3529, 0.3569, 0.3373,  ..., 0.3333, 0.3569, 0.3255]]])",0.4421842098236084,0.42569894
"tensor([[[0.2314, 0.2275, 0.2392,  ..., 0.2353, 0.2235, 0.2275],
         [0.2275, 0.2314, 0.2431,  ..., 0.2235, 0.2196, 0.2314],
         [0.2196, 0.2275, 0.2314,  ..., 0.2235, 0.2275, 0.2314],
         ...,
         [0.2235, 0.2353, 0.2196,  ..., 0.2235, 0.2392, 0.2314],
         [0.2353, 0.2157, 0.2275,  ..., 0.2157, 0.2314, 0.2353],
         [0.2275, 0.2157, 0.2275,  ..., 0.2235, 0.2157, 0.2275]]])",0.7758282423019409,0.7581786
"tensor([[[0.3294, 0.3255, 0.3333,  ..., 0.3294, 0.3255, 0.3255],
         [0.3333, 0.3294, 0.3255,  ..., 0.3216, 0.3216, 0.3294],
         [0.3255, 0.3294, 0.3294,  ..., 0.3255, 0.3294, 0.3294],
         ...,
         [0.3255, 0.3255, 0.3333,  ..., 0.3216, 0.3294, 0.3294],
         [0.3216, 0.3333, 0.3176,  ..., 0.3216, 0.3216, 0.3294],
         [0.3294, 0.3216, 0.3294,  ..., 0.3333, 0.3176, 0.3294]]])",0.8518301844596863,0.8618833
"tensor([[[0.2706, 0.2588, 0.2941,  ..., 0.2706, 0.2627, 0.2745],
         [0.2863, 0.2745, 0.2706,  ..., 0.2706, 0.2706, 0.2706],
         [0.2627, 0.2824, 0.2784,  ..., 0.2627, 0.2667, 0.2706],
         ...,
         [0.2627, 0.2667, 0.2784,  ..., 0.2706, 0.2627, 0.2667],
         [0.2824, 0.2588, 0.2863,  ..., 0.2745, 0.2627, 0.2588],
         [0.2667, 0.2549, 0.2784,  ..., 0.2667, 0.2784, 0.2706]]])",0.754184365272522,0.7532308
"tensor([[[0.3294, 0.3569, 0.3647,  ..., 0.3255, 0.3216, 0.3098],
         [0.3647, 0.3412, 0.3451,  ..., 0.3176, 0.3098, 0.3451],
         [0.3294, 0.3608, 0.3804,  ..., 0.3216, 0.3333, 0.3569],
         ...,
         [0.3333, 0.3176, 0.3255,  ..., 0.3176, 0.3216, 0.3294],
         [0.3294, 0.3255, 0.3451,  ..., 0.3490, 0.3255, 0.3412],
         [0.3059, 0.3294, 0.3569,  ..., 0.3490, 0.3529, 0.3451]]])",0.4274691343307495,0.46667624
"tensor([[[0.3255, 0.3176, 0.3216,  ..., 0.3176, 0.3176, 0.3059],
         [0.3255, 0.3137, 0.3020,  ..., 0.3216, 0.2784, 0.3020],
         [0.3216, 0.3255, 0.3294,  ..., 0.2824, 0.2941, 0.3020],
         ...,
         [0.2980, 0.3098, 0.3059,  ..., 0.3176, 0.3020, 0.3059],
         [0.3137, 0.3176, 0.3137,  ..., 0.3137, 0.3059, 0.2902],
         [0.3098, 0.3020, 0.3098,  ..., 0.2980, 0.3137, 0.3373]]])",0.5108255743980408,0.5034347
"tensor([[[0.3333, 0.3294, 0.3098,  ..., 0.3059, 0.3333, 0.3176],
         [0.3098, 0.3176, 0.3216,  ..., 0.3255, 0.3216, 0.3059],
         [0.3059, 0.3490, 0.3059,  ..., 0.3098, 0.2941, 0.2980],
         ...,
         [0.2980, 0.3137, 0.3216,  ..., 0.3137, 0.3216, 0.3020],
         [0.3059, 0.3098, 0.3059,  ..., 0.2941, 0.3176, 0.3294],
         [0.3059, 0.3098, 0.3020,  ..., 0.3059, 0.2902, 0.3059]]])",0.5317543148994446,0.48551428
"tensor([[[0.3098, 0.3020, 0.3020,  ..., 0.3059, 0.2902, 0.2902],
         [0.3098, 0.3059, 0.3020,  ..., 0.3098, 0.2824, 0.3137],
         [0.2902, 0.3137, 0.3059,  ..., 0.2941, 0.3059, 0.2941],
         ...,
         [0.2980, 0.2980, 0.2902,  ..., 0.3176, 0.3216, 0.2980],
         [0.2902, 0.2824, 0.2902,  ..., 0.2745, 0.2902, 0.3137],
         [0.2902, 0.2863, 0.3020,  ..., 0.2941, 0.2667, 0.2824]]])",0.5430701375007629,0.49431854
"tensor([[[0.4078, 0.4314, 0.4196,  ..., 0.4078, 0.4235, 0.4196],
         [0.4235, 0.4078, 0.4314,  ..., 0.4275, 0.4118, 0.4196],
         [0.4078, 0.4118, 0.4275,  ..., 0.4314, 0.4235, 0.4314],
         ...,
         [0.4196, 0.3961, 0.3882,  ..., 0.4078, 0.4549, 0.4471],
         [0.3961, 0.4039, 0.4196,  ..., 0.4118, 0.4314, 0.4627],
         [0.4157, 0.4196, 0.4000,  ..., 0.4196, 0.4118, 0.4275]]])",0.45467886328697205,0.40314645
"tensor([[[0.4235, 0.4000, 0.4039,  ..., 0.3804, 0.3686, 0.3882],
         [0.3725, 0.4196, 0.4000,  ..., 0.3922, 0.3647, 0.4000],
         [0.3529, 0.3804, 0.4078,  ..., 0.3529, 0.3843, 0.4235],
         ...,
         [0.3804, 0.3608, 0.3686,  ..., 0.3882, 0.4078, 0.3922],
         [0.3804, 0.3725, 0.3922,  ..., 0.3882, 0.3843, 0.4235],
         [0.3765, 0.3804, 0.3765,  ..., 0.3922, 0.3922, 0.3961]]])",0.4581751227378845,0.41677096
"tensor([[[0.4784, 0.4902, 0.4824,  ..., 0.4510, 0.4588, 0.4824],
         [0.4706, 0.4745, 0.4863,  ..., 0.4627, 0.4667, 0.4902],
         [0.4627, 0.4706, 0.4824,  ..., 0.4667, 0.4824, 0.5020],
         ...,
         [0.4471, 0.4745, 0.4627,  ..., 0.4745, 0.4824, 0.4588],
         [0.4667, 0.4706, 0.4627,  ..., 0.4784, 0.4980, 0.5137],
         [0.4745, 0.4667, 0.4902,  ..., 0.4745, 0.4627, 0.4824]]])",0.4947272837162018,0.45506087
"tensor([[[0.3961, 0.3922, 0.4353,  ..., 0.3608, 0.4000, 0.3882],
         [0.4039, 0.4118, 0.4039,  ..., 0.3922, 0.3961, 0.4157],
         [0.3569, 0.4078, 0.4235,  ..., 0.4157, 0.4314, 0.4314],
         ...,
         [0.3843, 0.4000, 0.3882,  ..., 0.3843, 0.3961, 0.4314],
         [0.3961, 0.4118, 0.4078,  ..., 0.4078, 0.3765, 0.3922],
         [0.3882, 0.4078, 0.4196,  ..., 0.4196, 0.4078, 0.3765]]])",0.41398322582244873,0.3891877
"tensor([[[0.4196, 0.3961, 0.4353,  ..., 0.3961, 0.4078, 0.3725],
         [0.3882, 0.3922, 0.3961,  ..., 0.3765, 0.3843, 0.4039],
         [0.3804, 0.4000, 0.4078,  ..., 0.4314, 0.4157, 0.4078],
         ...,
         [0.4000, 0.3804, 0.3765,  ..., 0.3569, 0.4078, 0.4353],
         [0.3882, 0.3882, 0.3961,  ..., 0.3686, 0.3725, 0.3843],
         [0.4039, 0.4118, 0.3961,  ..., 0.4078, 0.3843, 0.3529]]])",0.4844306707382202,0.5473654
"tensor([[[0.3961, 0.3765, 0.3765,  ..., 0.3373, 0.3725, 0.3569],
         [0.3529, 0.3804, 0.3804,  ..., 0.3529, 0.3686, 0.3529],
         [0.3412, 0.3451, 0.3529,  ..., 0.3765, 0.3686, 0.4000],
         ...,
         [0.3765, 0.3608, 0.3529,  ..., 0.3529, 0.3725, 0.3647],
         [0.3765, 0.3569, 0.3608,  ..., 0.3412, 0.3608, 0.3647],
         [0.3647, 0.3529, 0.3882,  ..., 0.3647, 0.3686, 0.3529]]])",0.499321848154068,0.569563
"tensor([[[0.3490, 0.3608, 0.3725,  ..., 0.3569, 0.3686, 0.3608],
         [0.3294, 0.3451, 0.3647,  ..., 0.3686, 0.3647, 0.3490],
         [0.3608, 0.3373, 0.3451,  ..., 0.3608, 0.3686, 0.3725],
         ...,
         [0.3569, 0.3686, 0.3490,  ..., 0.3647, 0.3412, 0.3451],
         [0.3725, 0.3686, 0.3451,  ..., 0.3412, 0.3765, 0.3451],
         [0.3608, 0.3569, 0.3569,  ..., 0.3216, 0.3569, 0.3529]]])",0.4975418448448181,0.56903625
"tensor([[[0.3882, 0.4118, 0.3961,  ..., 0.3882, 0.4235, 0.4353],
         [0.3686, 0.3922, 0.4078,  ..., 0.4471, 0.4196, 0.4039],
         [0.3922, 0.3843, 0.4118,  ..., 0.4000, 0.4000, 0.3922],
         ...,
         [0.4314, 0.4039, 0.3961,  ..., 0.4078, 0.4157, 0.4039],
         [0.4471, 0.3882, 0.4000,  ..., 0.3961, 0.4196, 0.3882],
         [0.3725, 0.3961, 0.4157,  ..., 0.3882, 0.4118, 0.4039]]])",0.4658580422401428,0.5350348
"tensor([[[0.3608, 0.3922, 0.4118,  ..., 0.3686, 0.3804, 0.3647],
         [0.3569, 0.3647, 0.4078,  ..., 0.3843, 0.3922, 0.3961],
         [0.3765, 0.3686, 0.3804,  ..., 0.3961, 0.3843, 0.3804],
         ...,
         [0.4078, 0.3608, 0.3765,  ..., 0.3529, 0.4000, 0.3765],
         [0.3569, 0.3765, 0.3961,  ..., 0.3725, 0.3804, 0.3647],
         [0.3647, 0.3765, 0.3843,  ..., 0.3608, 0.3686, 0.4039]]])",0.44634759426116943,0.4634704
"tensor([[[0.3333, 0.3686, 0.3216,  ..., 0.3294, 0.3176, 0.3137],
         [0.3059, 0.3569, 0.3608,  ..., 0.3176, 0.3255, 0.3569],
         [0.3137, 0.3412, 0.3333,  ..., 0.3333, 0.3529, 0.3569],
         ...,
         [0.3412, 0.3294, 0.3294,  ..., 0.3098, 0.3373, 0.3608],
         [0.3294, 0.3176, 0.3333,  ..., 0.3216, 0.3020, 0.3333],
         [0.2980, 0.3294, 0.3216,  ..., 0.3216, 0.3176, 0.3098]]])",0.44758737087249756,0.47194907
"tensor([[[0.3255, 0.3176, 0.3333,  ..., 0.3137, 0.2902, 0.2902],
         [0.3569, 0.3294, 0.3255,  ..., 0.3020, 0.3176, 0.2941],
         [0.3373, 0.3412, 0.3294,  ..., 0.2980, 0.2902, 0.3098],
         ...,
         [0.3216, 0.3059, 0.3333,  ..., 0.2824, 0.2980, 0.3176],
         [0.3020, 0.3216, 0.3098,  ..., 0.3373, 0.2941, 0.3176],
         [0.3176, 0.3137, 0.2980,  ..., 0.3020, 0.3098, 0.2745]]])",0.5184634923934937,0.47895196
"tensor([[[0.3882, 0.4235, 0.4118,  ..., 0.4235, 0.3804, 0.4118],
         [0.3922, 0.4039, 0.4157,  ..., 0.3686, 0.3843, 0.4118],
         [0.3804, 0.4118, 0.4000,  ..., 0.3843, 0.4157, 0.4039],
         ...,
         [0.3922, 0.4039, 0.4078,  ..., 0.3804, 0.3922, 0.3882],
         [0.4118, 0.4118, 0.4118,  ..., 0.3804, 0.4039, 0.3882],
         [0.3961, 0.4157, 0.3922,  ..., 0.3765, 0.3882, 0.4078]]])",0.4989175498485565,0.46184736
"tensor([[[0.2706, 0.2863, 0.2784,  ..., 0.2863, 0.2863, 0.3216],
         [0.2824, 0.2824, 0.2824,  ..., 0.2902, 0.2824, 0.2824],
         [0.2627, 0.2784, 0.2745,  ..., 0.2745, 0.2667, 0.2902],
         ...,
         [0.2784, 0.2902, 0.2941,  ..., 0.2471, 0.2824, 0.2941],
         [0.3020, 0.2863, 0.3020,  ..., 0.2392, 0.2510, 0.2706],
         [0.2902, 0.2980, 0.2784,  ..., 0.2745, 0.2706, 0.2667]]])",0.49132591485977173,0.5483259
"tensor([[[0.4588, 0.4588, 0.4588,  ..., 0.4824, 0.4824, 0.4941],
         [0.4706, 0.4902, 0.4784,  ..., 0.4824, 0.4784, 0.4941],
         [0.4549, 0.4510, 0.4863,  ..., 0.4784, 0.4745, 0.4627],
         ...,
         [0.5020, 0.4745, 0.4824,  ..., 0.4510, 0.4588, 0.4627],
         [0.4824, 0.4863, 0.4902,  ..., 0.4314, 0.4706, 0.4627],
         [0.4902, 0.4824, 0.4824,  ..., 0.4157, 0.4549, 0.4745]]])",0.529353678226471,0.5668669
"tensor([[[0.3451, 0.3294, 0.3451,  ..., 0.3490, 0.3490, 0.3490],
         [0.3373, 0.3098, 0.3529,  ..., 0.3608, 0.3490, 0.3490],
         [0.3490, 0.3294, 0.3176,  ..., 0.3529, 0.3569, 0.3647],
         ...,
         [0.3725, 0.3647, 0.3490,  ..., 0.3333, 0.3569, 0.3765],
         [0.3333, 0.3373, 0.3647,  ..., 0.3098, 0.3216, 0.3333],
         [0.3451, 0.3922, 0.3412,  ..., 0.3216, 0.3216, 0.3529]]])",0.5204103589057922,0.5729849
"tensor([[[0.3294, 0.2588, 0.3412,  ..., 0.3412, 0.3020, 0.3216],
         [0.3059, 0.2863, 0.2667,  ..., 0.3294, 0.3020, 0.3059],
         [0.3137, 0.3098, 0.2941,  ..., 0.3059, 0.3098, 0.3137],
         ...,
         [0.3333, 0.3294, 0.3098,  ..., 0.2941, 0.3216, 0.3255],
         [0.2824, 0.3059, 0.3098,  ..., 0.2471, 0.2745, 0.2902],
         [0.3647, 0.3333, 0.3137,  ..., 0.3137, 0.2980, 0.2745]]])",0.5035534501075745,0.5633122
"tensor([[[0.3059, 0.3059, 0.3529,  ..., 0.3333, 0.3725, 0.3137],
         [0.3294, 0.2941, 0.3020,  ..., 0.3765, 0.3333, 0.3216],
         [0.3490, 0.3216, 0.2980,  ..., 0.3333, 0.2941, 0.3333],
         ...,
         [0.3098, 0.3647, 0.3255,  ..., 0.3294, 0.3216, 0.3020],
         [0.3412, 0.3490, 0.3059,  ..., 0.3098, 0.3137, 0.3059],
         [0.3569, 0.3412, 0.3529,  ..., 0.2941, 0.3216, 0.3020]]])",0.44514036178588867,0.52499646
"tensor([[[0.4078, 0.4078, 0.4471,  ..., 0.4431, 0.4431, 0.4353],
         [0.4235, 0.3961, 0.4314,  ..., 0.4235, 0.4314, 0.4157],
         [0.4275, 0.4039, 0.4000,  ..., 0.4157, 0.4118, 0.4157],
         ...,
         [0.4078, 0.4431, 0.4314,  ..., 0.4039, 0.3922, 0.4157],
         [0.4471, 0.4549, 0.4118,  ..., 0.4235, 0.3961, 0.3725],
         [0.4392, 0.4392, 0.4392,  ..., 0.4275, 0.4235, 0.4039]]])",0.5026267766952515,0.49070704
"tensor([[[0.3569, 0.3529, 0.3882,  ..., 0.3608, 0.3569, 0.3686],
         [0.3451, 0.3569, 0.3608,  ..., 0.3882, 0.3686, 0.3843],
         [0.3373, 0.3412, 0.3725,  ..., 0.3569, 0.3647, 0.3843],
         ...,
         [0.3647, 0.3961, 0.3843,  ..., 0.3412, 0.3412, 0.3333],
         [0.4039, 0.3647, 0.3686,  ..., 0.3608, 0.3373, 0.3529],
         [0.3686, 0.3882, 0.4196,  ..., 0.3725, 0.3412, 0.3647]]])",0.44600167870521545,0.406132
"tensor([[[0.3569, 0.3490, 0.3765,  ..., 0.3529, 0.3725, 0.4118],
         [0.3765, 0.3686, 0.3804,  ..., 0.3843, 0.4157, 0.3843],
         [0.3686, 0.3608, 0.3961,  ..., 0.4078, 0.3686, 0.3529],
         ...,
         [0.3529, 0.3882, 0.4039,  ..., 0.3529, 0.3608, 0.3373],
         [0.3882, 0.4078, 0.3725,  ..., 0.3529, 0.3804, 0.3647],
         [0.4196, 0.3961, 0.4196,  ..., 0.3490, 0.3451, 0.3725]]])",0.417497456073761,0.38373512
"tensor([[[0.3255, 0.2980, 0.3333,  ..., 0.3373, 0.3765, 0.3412],
         [0.3686, 0.3216, 0.3490,  ..., 0.3333, 0.3608, 0.3294],
         [0.3529, 0.3529, 0.3255,  ..., 0.3725, 0.3294, 0.3098],
         ...,
         [0.3294, 0.3647, 0.3725,  ..., 0.3098, 0.3373, 0.3333],
         [0.3373, 0.3765, 0.3137,  ..., 0.3059, 0.3490, 0.3333],
         [0.3490, 0.3608, 0.3647,  ..., 0.3294, 0.3176, 0.3608]]])",0.40982502698898315,0.39703542
"tensor([[[0.3294, 0.3412, 0.3647,  ..., 0.3412, 0.3961, 0.3647],
         [0.3412, 0.3333, 0.3529,  ..., 0.3529, 0.3608, 0.3765],
         [0.3882, 0.3529, 0.3373,  ..., 0.3176, 0.3686, 0.3294],
         ...,
         [0.3922, 0.3882, 0.3451,  ..., 0.3373, 0.3608, 0.3569],
         [0.4000, 0.3569, 0.3725,  ..., 0.3216, 0.3647, 0.3529],
         [0.3608, 0.3333, 0.3608,  ..., 0.3490, 0.3451, 0.3490]]])",0.46925631165504456,0.43955672
"tensor([[[0.3686, 0.3922, 0.3843,  ..., 0.3804, 0.3647, 0.3961],
         [0.3451, 0.3725, 0.3804,  ..., 0.3765, 0.3843, 0.4078],
         [0.3765, 0.3647, 0.3686,  ..., 0.3725, 0.3922, 0.3843],
         ...,
         [0.4275, 0.3765, 0.3569,  ..., 0.3725, 0.3804, 0.4118],
         [0.3882, 0.3804, 0.3882,  ..., 0.3922, 0.3922, 0.3765],
         [0.3529, 0.3569, 0.3686,  ..., 0.3725, 0.3765, 0.3765]]])",0.47157973051071167,0.43513238
"tensor([[[0.3059, 0.3176, 0.3137,  ..., 0.2941, 0.3020, 0.3176],
         [0.2784, 0.2902, 0.2902,  ..., 0.3020, 0.3059, 0.3294],
         [0.2863, 0.2863, 0.2980,  ..., 0.2902, 0.3255, 0.3255],
         ...,
         [0.3216, 0.2902, 0.2824,  ..., 0.3020, 0.3098, 0.3294],
         [0.3020, 0.2706, 0.2745,  ..., 0.2941, 0.2980, 0.3098],
         [0.2863, 0.3020, 0.2902,  ..., 0.2549, 0.3098, 0.3098]]])",0.48405468463897705,0.44611785
"tensor([[[0.4353, 0.4196, 0.4118,  ..., 0.4078, 0.4196, 0.4314],
         [0.4118, 0.4078, 0.4118,  ..., 0.4078, 0.4196, 0.4235],
         [0.4000, 0.4000, 0.4196,  ..., 0.4039, 0.4275, 0.4431],
         ...,
         [0.4196, 0.4039, 0.3882,  ..., 0.4157, 0.4235, 0.4392],
         [0.4000, 0.3922, 0.3725,  ..., 0.4078, 0.4039, 0.4078],
         [0.4078, 0.4000, 0.3882,  ..., 0.3725, 0.4078, 0.4235]]])",0.4994527995586395,0.45806798
"tensor([[[0.3961, 0.3922, 0.3882,  ..., 0.3804, 0.4118, 0.3843],
         [0.4000, 0.3922, 0.3922,  ..., 0.4039, 0.3922, 0.3961],
         [0.3961, 0.3922, 0.3922,  ..., 0.3843, 0.3961, 0.4118],
         ...,
         [0.3725, 0.3882, 0.3765,  ..., 0.3922, 0.3882, 0.4078],
         [0.3765, 0.3882, 0.3569,  ..., 0.3804, 0.3804, 0.3922],
         [0.4000, 0.3725, 0.3882,  ..., 0.3882, 0.3686, 0.3843]]])",0.5277186036109924,0.4838153
"tensor([[[0.4196, 0.4824, 0.4353,  ..., 0.4275, 0.4471, 0.4471],
         [0.4510, 0.4353, 0.4667,  ..., 0.4392, 0.4588, 0.4471],
         [0.4471, 0.4549, 0.4471,  ..., 0.4392, 0.4667, 0.4510],
         ...,
         [0.4353, 0.4314, 0.4510,  ..., 0.4392, 0.4353, 0.4471],
         [0.4353, 0.4510, 0.4353,  ..., 0.4627, 0.4275, 0.4471],
         [0.4471, 0.4235, 0.4235,  ..., 0.4627, 0.4353, 0.4275]]])",0.477716326713562,0.4482484
"tensor([[[0.3412, 0.3294, 0.3608,  ..., 0.3216, 0.3451, 0.3686],
         [0.3686, 0.3451, 0.3373,  ..., 0.3333, 0.3765, 0.3647],
         [0.3569, 0.3725, 0.3647,  ..., 0.3647, 0.3765, 0.3647],
         ...,
         [0.3333, 0.3608, 0.3569,  ..., 0.3765, 0.3412, 0.3333],
         [0.3490, 0.3569, 0.3333,  ..., 0.3608, 0.3765, 0.3647],
         [0.3451, 0.3490, 0.3294,  ..., 0.3608, 0.3569, 0.3686]]])",0.4977743327617645,0.48085722
"tensor([[[0.4431, 0.4588, 0.4353,  ..., 0.4353, 0.4431, 0.4510],
         [0.4392, 0.4431, 0.4667,  ..., 0.4471, 0.4471, 0.4275],
         [0.4314, 0.4314, 0.4431,  ..., 0.4392, 0.4314, 0.4353],
         ...,
         [0.4275, 0.4392, 0.4392,  ..., 0.4627, 0.4431, 0.4549],
         [0.4431, 0.4471, 0.4314,  ..., 0.4392, 0.4549, 0.4510],
         [0.4549, 0.4431, 0.4314,  ..., 0.4157, 0.4471, 0.4588]]])",0.4971683919429779,0.50067616
"tensor([[[0.4392, 0.4510, 0.4275,  ..., 0.3961, 0.4157, 0.4078],
         [0.4039, 0.4235, 0.4549,  ..., 0.4078, 0.4235, 0.4235],
         [0.4196, 0.4039, 0.4235,  ..., 0.4196, 0.4039, 0.4078],
         ...,
         [0.4275, 0.4157, 0.4157,  ..., 0.4510, 0.4275, 0.4235],
         [0.4275, 0.4118, 0.4039,  ..., 0.4078, 0.4353, 0.4392],
         [0.4118, 0.4078, 0.4039,  ..., 0.4000, 0.4000, 0.4314]]])",0.44811317324638367,0.4528725
"tensor([[[0.4000, 0.4078, 0.4196,  ..., 0.3686, 0.3882, 0.3922],
         [0.4000, 0.4039, 0.4078,  ..., 0.3725, 0.3922, 0.3922],
         [0.3686, 0.4039, 0.4000,  ..., 0.3882, 0.4000, 0.3686],
         ...,
         [0.3882, 0.3804, 0.3882,  ..., 0.3922, 0.4000, 0.3804],
         [0.3961, 0.3765, 0.3765,  ..., 0.3922, 0.4000, 0.4039],
         [0.3961, 0.3843, 0.3765,  ..., 0.3686, 0.3804, 0.4078]]])",0.5989224314689636,0.5788141
"tensor([[[0.3569, 0.3725, 0.3569,  ..., 0.3647, 0.3647, 0.3647],
         [0.3647, 0.3529, 0.3569,  ..., 0.3608, 0.3608, 0.3569],
         [0.3804, 0.3686, 0.3569,  ..., 0.3608, 0.3647, 0.3569],
         ...,
         [0.3451, 0.3725, 0.3569,  ..., 0.3569, 0.3608, 0.3529],
         [0.3608, 0.3686, 0.3608,  ..., 0.3686, 0.3608, 0.3569],
         [0.3882, 0.3608, 0.3686,  ..., 0.3569, 0.3725, 0.3804]]])",0.6864940524101257,0.5566065
"tensor([[[0.3686, 0.3608, 0.3765,  ..., 0.3765, 0.3255, 0.3098],
         [0.3686, 0.3216, 0.3529,  ..., 0.3569, 0.3333, 0.3569],
         [0.3843, 0.3569, 0.3255,  ..., 0.3647, 0.3412, 0.3647],
         ...,
         [0.3647, 0.3529, 0.3608,  ..., 0.3569, 0.3529, 0.3608],
         [0.3725, 0.3804, 0.3412,  ..., 0.3608, 0.3490, 0.3569],
         [0.3529, 0.3647, 0.3020,  ..., 0.3373, 0.3686, 0.3569]]])",0.5123751759529114,0.3992041
"tensor([[[0.3569, 0.3529, 0.3373,  ..., 0.3490, 0.3137, 0.3569],
         [0.3412, 0.3294, 0.3373,  ..., 0.3333, 0.3451, 0.3451],
         [0.3647, 0.3333, 0.3373,  ..., 0.3216, 0.3451, 0.3294],
         ...,
         [0.3765, 0.3529, 0.3137,  ..., 0.3725, 0.3451, 0.3608],
         [0.3333, 0.3255, 0.3412,  ..., 0.3412, 0.3569, 0.3529],
         [0.3255, 0.3412, 0.3569,  ..., 0.3255, 0.3412, 0.3529]]])",0.5706450343132019,0.6118726
"tensor([[[0.3373, 0.3451, 0.3608,  ..., 0.3333, 0.3294, 0.3451],
         [0.3373, 0.3333, 0.3490,  ..., 0.3412, 0.3412, 0.3333],
         [0.3373, 0.3490, 0.3608,  ..., 0.3333, 0.3333, 0.3490],
         ...,
         [0.3255, 0.3451, 0.3412,  ..., 0.3451, 0.3529, 0.3373],
         [0.3255, 0.3490, 0.3529,  ..., 0.3255, 0.3451, 0.3333],
         [0.3490, 0.3569, 0.3412,  ..., 0.3608, 0.3333, 0.3490]]])",0.5733554363250732,0.60648805
"tensor([[[0.3255, 0.3059, 0.3255,  ..., 0.3294, 0.3216, 0.3137],
         [0.3255, 0.3216, 0.3137,  ..., 0.2980, 0.2941, 0.3020],
         [0.2941, 0.3294, 0.3137,  ..., 0.2980, 0.3255, 0.3216],
         ...,
         [0.3412, 0.3098, 0.2980,  ..., 0.3137, 0.3137, 0.2902],
         [0.3137, 0.3098, 0.3020,  ..., 0.3098, 0.3137, 0.2980],
         [0.3137, 0.3176, 0.3020,  ..., 0.3294, 0.3098, 0.3059]]])",0.64093017578125,0.6896048
"tensor([[[0.3647, 0.3961, 0.3922,  ..., 0.3765, 0.3725, 0.3725],
         [0.3647, 0.4039, 0.3922,  ..., 0.3725, 0.3843, 0.3922],
         [0.3725, 0.3922, 0.3804,  ..., 0.3647, 0.3843, 0.3922],
         ...,
         [0.4275, 0.4000, 0.3608,  ..., 0.4039, 0.4000, 0.3843],
         [0.3804, 0.3569, 0.3608,  ..., 0.3647, 0.3843, 0.3608],
         [0.3647, 0.3647, 0.4118,  ..., 0.3922, 0.3882, 0.3882]]])",0.5726147294044495,0.7380917
"tensor([[[0.3647, 0.3725, 0.3725,  ..., 0.3412, 0.3529, 0.3569],
         [0.3451, 0.3569, 0.3647,  ..., 0.3529, 0.3686, 0.3725],
         [0.3647, 0.3647, 0.3569,  ..., 0.3765, 0.3765, 0.3686],
         ...,
         [0.3765, 0.3569, 0.3529,  ..., 0.3647, 0.3686, 0.3490],
         [0.3412, 0.3412, 0.3529,  ..., 0.3451, 0.3647, 0.3725],
         [0.3451, 0.3529, 0.3647,  ..., 0.3569, 0.3412, 0.3765]]])",0.6774543523788452,0.74039364
"tensor([[[0.3020, 0.3216, 0.3373,  ..., 0.2980, 0.3020, 0.3255],
         [0.2980, 0.2980, 0.3333,  ..., 0.3098, 0.3333, 0.3373],
         [0.3137, 0.2980, 0.3255,  ..., 0.3294, 0.3412, 0.3176],
         ...,
         [0.3137, 0.3098, 0.3333,  ..., 0.3412, 0.3098, 0.3020],
         [0.2980, 0.2863, 0.3137,  ..., 0.2902, 0.3294, 0.3020],
         [0.2980, 0.3176, 0.3412,  ..., 0.3216, 0.3059, 0.3490]]])",0.6153129935264587,0.7528122
"tensor([[[0.3569, 0.3882, 0.3882,  ..., 0.3765, 0.3961, 0.3804],
         [0.3686, 0.3804, 0.3961,  ..., 0.3843, 0.3686, 0.3765],
         [0.3765, 0.3569, 0.3882,  ..., 0.3647, 0.3765, 0.3922],
         ...,
         [0.3804, 0.3882, 0.4039,  ..., 0.4000, 0.4000, 0.3843],
         [0.3843, 0.3725, 0.3961,  ..., 0.3569, 0.3725, 0.3647],
         [0.3569, 0.3765, 0.3843,  ..., 0.3725, 0.3804, 0.3647]]])",0.6585721969604492,0.74211633
"tensor([[[0.2745, 0.3137, 0.3137,  ..., 0.3059, 0.3098, 0.2980],
         [0.2863, 0.2863, 0.3216,  ..., 0.2980, 0.2902, 0.2941],
         [0.3098, 0.3020, 0.2784,  ..., 0.2902, 0.2941, 0.3176],
         ...,
         [0.2941, 0.3059, 0.2980,  ..., 0.3059, 0.3098, 0.3176],
         [0.3098, 0.3020, 0.3216,  ..., 0.2980, 0.2941, 0.2941],
         [0.3059, 0.3176, 0.2941,  ..., 0.3020, 0.2941, 0.2824]]])",0.62202388048172,0.620363
"tensor([[[0.3922, 0.4039, 0.4078,  ..., 0.3765, 0.3765, 0.3961],
         [0.4039, 0.4000, 0.3843,  ..., 0.3804, 0.3882, 0.3922],
         [0.3922, 0.4078, 0.4118,  ..., 0.4118, 0.4000, 0.4275],
         ...,
         [0.4118, 0.4000, 0.4039,  ..., 0.4000, 0.4078, 0.4157],
         [0.4118, 0.4039, 0.4078,  ..., 0.3804, 0.3882, 0.3961],
         [0.4118, 0.4275, 0.3804,  ..., 0.4039, 0.3922, 0.3882]]])",0.6068839430809021,0.6716412
"tensor([[[0.4667, 0.4588, 0.4392,  ..., 0.4314, 0.4353, 0.4314],
         [0.4588, 0.4510, 0.4353,  ..., 0.4510, 0.4471, 0.4353],
         [0.4431, 0.4588, 0.4510,  ..., 0.4510, 0.4431, 0.4627],
         ...,
         [0.4471, 0.4314, 0.4588,  ..., 0.4471, 0.4314, 0.4471],
         [0.4510, 0.4627, 0.4510,  ..., 0.4275, 0.4471, 0.4392],
         [0.4588, 0.4471, 0.4353,  ..., 0.4275, 0.4275, 0.4392]]])",0.628446102142334,0.65779865
"tensor([[[0.3765, 0.3804, 0.3804,  ..., 0.3686, 0.3490, 0.3608],
         [0.3804, 0.3725, 0.3725,  ..., 0.3725, 0.3686, 0.3686],
         [0.3765, 0.3804, 0.3647,  ..., 0.3765, 0.3569, 0.3686],
         ...,
         [0.3843, 0.3569, 0.3608,  ..., 0.3490, 0.3490, 0.3647],
         [0.3608, 0.3686, 0.3804,  ..., 0.3608, 0.3647, 0.3451],
         [0.3647, 0.3843, 0.3608,  ..., 0.3373, 0.3765, 0.3529]]])",0.686604917049408,0.7439656
"tensor([[[0.3294, 0.3333, 0.3529,  ..., 0.3608, 0.3373, 0.3451],
         [0.3529, 0.3373, 0.3529,  ..., 0.3451, 0.3451, 0.3294],
         [0.3686, 0.3608, 0.3529,  ..., 0.3490, 0.3333, 0.3216],
         ...,
         [0.3373, 0.3451, 0.3176,  ..., 0.3255, 0.3216, 0.3059],
         [0.3451, 0.3412, 0.3255,  ..., 0.3294, 0.3412, 0.3059],
         [0.3294, 0.3137, 0.3373,  ..., 0.3569, 0.3412, 0.3412]]])",0.6179324388504028,0.7331038
"tensor([[[0.2824, 0.2863, 0.3137,  ..., 0.3059, 0.3255, 0.2980],
         [0.3255, 0.3176, 0.2980,  ..., 0.3059, 0.3137, 0.2980],
         [0.2941, 0.3490, 0.3216,  ..., 0.3216, 0.2980, 0.2980],
         ...,
         [0.3020, 0.2941, 0.2588,  ..., 0.2941, 0.2784, 0.2549],
         [0.2980, 0.3137, 0.3137,  ..., 0.3294, 0.3020, 0.2941],
         [0.3294, 0.2941, 0.2824,  ..., 0.3020, 0.2980, 0.3098]]])",0.5976884365081787,0.748685
"tensor([[[0.4157, 0.4078, 0.3961,  ..., 0.4118, 0.4157, 0.4157],
         [0.3922, 0.4235, 0.4118,  ..., 0.4118, 0.4235, 0.3961],
         [0.3961, 0.4039, 0.4196,  ..., 0.4235, 0.3882, 0.4078],
         ...,
         [0.3647, 0.3922, 0.4039,  ..., 0.4118, 0.3804, 0.3843],
         [0.4039, 0.4235, 0.4118,  ..., 0.4039, 0.3882, 0.3882],
         [0.4118, 0.4275, 0.3725,  ..., 0.4039, 0.3882, 0.3686]]])",0.6114833950996399,0.72561824
"tensor([[[0.3608, 0.3804, 0.3608,  ..., 0.3608, 0.3686, 0.4039],
         [0.3647, 0.3647, 0.3882,  ..., 0.3608, 0.3882, 0.3608],
         [0.3529, 0.3333, 0.3647,  ..., 0.3922, 0.3725, 0.3529],
         ...,
         [0.3412, 0.3451, 0.3569,  ..., 0.3373, 0.3255, 0.3647],
         [0.3529, 0.3647, 0.3529,  ..., 0.3490, 0.3490, 0.3137],
         [0.3529, 0.3529, 0.3490,  ..., 0.3412, 0.3647, 0.3569]]])",0.6066356301307678,0.745051
"tensor([[[0.2784, 0.3059, 0.3059,  ..., 0.2941, 0.2902, 0.2824],
         [0.2824, 0.2980, 0.3020,  ..., 0.3020, 0.2980, 0.2745],
         [0.2745, 0.2980, 0.2902,  ..., 0.2941, 0.2745, 0.2941],
         ...,
         [0.2667, 0.2824, 0.2902,  ..., 0.2745, 0.2784, 0.2549],
         [0.2980, 0.2863, 0.2902,  ..., 0.2745, 0.2667, 0.2824],
         [0.2902, 0.2863, 0.2902,  ..., 0.2824, 0.2941, 0.2863]]])",0.6824485659599304,0.74085855
"tensor([[[0.2980, 0.3059, 0.3294,  ..., 0.2784, 0.2863, 0.2941],
         [0.2902, 0.2941, 0.3255,  ..., 0.2902, 0.3098, 0.3137],
         [0.2941, 0.3059, 0.3059,  ..., 0.2980, 0.3059, 0.2745],
         ...,
         [0.2902, 0.2784, 0.2941,  ..., 0.2941, 0.2824, 0.2902],
         [0.2902, 0.3059, 0.3098,  ..., 0.2745, 0.2902, 0.2902],
         [0.3059, 0.3176, 0.3137,  ..., 0.2863, 0.2941, 0.2706]]])",0.6664782762527466,0.6881305
"tensor([[[0.3176, 0.3569, 0.3686,  ..., 0.3216, 0.3255, 0.3569],
         [0.3216, 0.3373, 0.3608,  ..., 0.3294, 0.3373, 0.3647],
         [0.3412, 0.3255, 0.3412,  ..., 0.3451, 0.3333, 0.3333],
         ...,
         [0.3216, 0.3490, 0.3490,  ..., 0.3373, 0.3137, 0.3176],
         [0.3608, 0.3451, 0.3490,  ..., 0.3098, 0.3294, 0.3255],
         [0.3490, 0.3294, 0.3490,  ..., 0.3216, 0.3098, 0.3059]]])",0.6837930083274841,0.74530685
"tensor([[[0.3647, 0.3922, 0.3725,  ..., 0.3373, 0.3569, 0.3529],
         [0.3569, 0.3686, 0.3686,  ..., 0.3451, 0.3451, 0.3765],
         [0.3647, 0.3725, 0.3490,  ..., 0.3412, 0.3529, 0.3647],
         ...,
         [0.3294, 0.3529, 0.3569,  ..., 0.3373, 0.3137, 0.3216],
         [0.3647, 0.3686, 0.3647,  ..., 0.3529, 0.3569, 0.3412],
         [0.3765, 0.3725, 0.3529,  ..., 0.3255, 0.3529, 0.3412]]])",0.7100818157196045,0.7506637
"tensor([[[0.3451, 0.3373, 0.3490,  ..., 0.3216, 0.3294, 0.3333],
         [0.3373, 0.3412, 0.3451,  ..., 0.3176, 0.3216, 0.3255],
         [0.3176, 0.3373, 0.3333,  ..., 0.3176, 0.3255, 0.3333],
         ...,
         [0.3373, 0.3216, 0.3216,  ..., 0.3098, 0.3020, 0.3373],
         [0.3176, 0.3137, 0.3216,  ..., 0.3176, 0.3176, 0.3294],
         [0.3176, 0.3451, 0.3490,  ..., 0.3020, 0.3255, 0.3176]]])",0.7470476031303406,0.7730199
"tensor([[[0.3176, 0.3059, 0.3137,  ..., 0.2941, 0.2980, 0.2980],
         [0.3020, 0.3098, 0.3098,  ..., 0.2863, 0.2863, 0.2824],
         [0.2784, 0.3020, 0.3020,  ..., 0.2824, 0.2824, 0.3020],
         ...,
         [0.2824, 0.2863, 0.2863,  ..., 0.2980, 0.3137, 0.2941],
         [0.2745, 0.2902, 0.2863,  ..., 0.2745, 0.2902, 0.3098],
         [0.2941, 0.2941, 0.3255,  ..., 0.2824, 0.2627, 0.2980]]])",0.7035230994224548,0.6992648
"tensor([[[0.2941, 0.2941, 0.2980,  ..., 0.2588, 0.2667, 0.2824],
         [0.2941, 0.2824, 0.2941,  ..., 0.2745, 0.2667, 0.2784],
         [0.2784, 0.2824, 0.2863,  ..., 0.2745, 0.2667, 0.2784],
         ...,
         [0.2706, 0.2588, 0.2667,  ..., 0.2784, 0.2902, 0.2941],
         [0.2588, 0.2706, 0.2863,  ..., 0.2627, 0.2667, 0.2667],
         [0.2667, 0.2863, 0.2902,  ..., 0.2980, 0.2824, 0.2980]]])",0.7013548016548157,0.75078124
"tensor([[[0.2392, 0.2431, 0.2863,  ..., 0.2431, 0.2471, 0.2471],
         [0.2667, 0.2471, 0.2627,  ..., 0.2471, 0.2431, 0.2706],
         [0.2745, 0.2471, 0.2392,  ..., 0.2275, 0.2627, 0.2510],
         ...,
         [0.2549, 0.2353, 0.2392,  ..., 0.2471, 0.2706, 0.2627],
         [0.2471, 0.2392, 0.2510,  ..., 0.2431, 0.2549, 0.2745],
         [0.2510, 0.2431, 0.2745,  ..., 0.2510, 0.2275, 0.2706]]])",0.6834132075309753,0.7774656
"tensor([[[0.2314, 0.2314, 0.2314,  ..., 0.2000, 0.2157, 0.2431],
         [0.2627, 0.2275, 0.2275,  ..., 0.2275, 0.2392, 0.2353],
         [0.2588, 0.2431, 0.2275,  ..., 0.2275, 0.2196, 0.2353],
         ...,
         [0.2275, 0.2431, 0.2431,  ..., 0.2275, 0.2392, 0.2353],
         [0.2314, 0.2392, 0.2196,  ..., 0.2392, 0.2275, 0.2588],
         [0.2392, 0.2275, 0.2196,  ..., 0.2431, 0.2118, 0.2196]]])",0.696069061756134,0.78415215
"tensor([[[0.3333, 0.3020, 0.3137,  ..., 0.3020, 0.3255, 0.3294],
         [0.3451, 0.3137, 0.3176,  ..., 0.3098, 0.3255, 0.3020],
         [0.3373, 0.3216, 0.3255,  ..., 0.3294, 0.3059, 0.3176],
         ...,
         [0.3098, 0.3176, 0.3137,  ..., 0.3176, 0.3098, 0.3255],
         [0.3137, 0.3294, 0.3137,  ..., 0.3255, 0.3255, 0.3294],
         [0.3216, 0.3137, 0.3059,  ..., 0.3373, 0.3216, 0.3098]]])",0.6795585751533508,0.7721959
"tensor([[[0.2980, 0.3176, 0.3373,  ..., 0.3176, 0.3216, 0.3137],
         [0.3098, 0.3059, 0.3294,  ..., 0.3176, 0.3137, 0.3216],
         [0.3216, 0.3059, 0.3216,  ..., 0.3216, 0.3255, 0.3216],
         ...,
         [0.3216, 0.3020, 0.3098,  ..., 0.3137, 0.3176, 0.3373],
         [0.3216, 0.3098, 0.3059,  ..., 0.3255, 0.3137, 0.3255],
         [0.3373, 0.3137, 0.3176,  ..., 0.3294, 0.3412, 0.3176]]])",0.7175077199935913,0.7751598
"tensor([[[0.2353, 0.2431, 0.2627,  ..., 0.2471, 0.2471, 0.2353],
         [0.2392, 0.2392, 0.2549,  ..., 0.2549, 0.2392, 0.2549],
         [0.2431, 0.2431, 0.2431,  ..., 0.2392, 0.2510, 0.2510],
         ...,
         [0.2549, 0.2314, 0.2392,  ..., 0.2431, 0.2314, 0.2588],
         [0.2392, 0.2353, 0.2353,  ..., 0.2510, 0.2471, 0.2431],
         [0.2667, 0.2431, 0.2549,  ..., 0.2588, 0.2588, 0.2392]]])",0.7621683478355408,0.80612016
"tensor([[[0.3294, 0.3020, 0.3255,  ..., 0.3255, 0.3059, 0.3098],
         [0.3451, 0.3137, 0.3176,  ..., 0.3333, 0.3294, 0.3294],
         [0.3412, 0.3255, 0.3176,  ..., 0.3176, 0.3176, 0.3294],
         ...,
         [0.3373, 0.3333, 0.3059,  ..., 0.3255, 0.3020, 0.2941],
         [0.3412, 0.3216, 0.3255,  ..., 0.3294, 0.3490, 0.3216],
         [0.3294, 0.3216, 0.3294,  ..., 0.3333, 0.3216, 0.3529]]])",0.6570265293121338,0.7753095
"tensor([[[0.3843, 0.3529, 0.3333,  ..., 0.3529, 0.3451, 0.3451],
         [0.3686, 0.3725, 0.3373,  ..., 0.3647, 0.3608, 0.3451],
         [0.3647, 0.3725, 0.3647,  ..., 0.3647, 0.3373, 0.3529],
         ...,
         [0.3529, 0.3529, 0.3490,  ..., 0.3647, 0.3569, 0.3412],
         [0.3725, 0.3608, 0.3608,  ..., 0.3647, 0.3686, 0.3529],
         [0.3608, 0.3608, 0.3529,  ..., 0.3608, 0.3647, 0.3647]]])",0.6706551313400269,0.76985663
"tensor([[[0.3098, 0.2863, 0.2627,  ..., 0.2863, 0.2863, 0.2902],
         [0.2706, 0.3059, 0.2745,  ..., 0.2706, 0.2941, 0.2745],
         [0.2588, 0.3059, 0.2941,  ..., 0.2902, 0.2941, 0.2667],
         ...,
         [0.2667, 0.2510, 0.3020,  ..., 0.2902, 0.2863, 0.2784],
         [0.2706, 0.2980, 0.3059,  ..., 0.2941, 0.2706, 0.2745],
         [0.2941, 0.2902, 0.2667,  ..., 0.3059, 0.2902, 0.2667]]])",0.5867971181869507,0.74895597
"tensor([[[0.2235, 0.2157, 0.2235,  ..., 0.2118, 0.2118, 0.2431],
         [0.2314, 0.2196, 0.2314,  ..., 0.2118, 0.2510, 0.2471],
         [0.2157, 0.2275, 0.2275,  ..., 0.2196, 0.2431, 0.2078],
         ...,
         [0.2196, 0.2196, 0.2196,  ..., 0.2353, 0.2157, 0.2157],
         [0.2157, 0.2078, 0.2235,  ..., 0.2118, 0.2275, 0.2157],
         [0.2196, 0.2275, 0.2275,  ..., 0.2275, 0.2157, 0.2235]]])",0.6964111924171448,0.7480084
"tensor([[[0.3059, 0.2941, 0.3137,  ..., 0.2824, 0.3020, 0.3137],
         [0.3137, 0.2902, 0.3059,  ..., 0.3059, 0.3137, 0.3176],
         [0.3059, 0.3059, 0.2941,  ..., 0.3098, 0.2941, 0.3176],
         ...,
         [0.3020, 0.2980, 0.3020,  ..., 0.3098, 0.2902, 0.2980],
         [0.2902, 0.3020, 0.2980,  ..., 0.2980, 0.2980, 0.2902],
         [0.3098, 0.2941, 0.2980,  ..., 0.2941, 0.3255, 0.2941]]])",0.7099750638008118,0.71881443
"tensor([[[0.2235, 0.2157, 0.2039,  ..., 0.2157, 0.2039, 0.2275],
         [0.2275, 0.2157, 0.2118,  ..., 0.2039, 0.2118, 0.2196],
         [0.2275, 0.2196, 0.2118,  ..., 0.2118, 0.2157, 0.2118],
         ...,
         [0.2118, 0.2118, 0.2275,  ..., 0.2235, 0.2078, 0.2118],
         [0.2157, 0.2235, 0.2196,  ..., 0.2157, 0.2118, 0.2039],
         [0.2235, 0.2000, 0.1922,  ..., 0.2078, 0.2275, 0.2078]]])",0.7215040326118469,0.79106903
"tensor([[[0.4157, 0.4118, 0.4078,  ..., 0.4157, 0.4118, 0.4196],
         [0.4000, 0.4235, 0.3922,  ..., 0.4039, 0.4118, 0.4196],
         [0.3961, 0.4235, 0.4353,  ..., 0.4078, 0.4078, 0.4078],
         ...,
         [0.4157, 0.4078, 0.4314,  ..., 0.4118, 0.4157, 0.4078],
         [0.3843, 0.3961, 0.4039,  ..., 0.4078, 0.4157, 0.3882],
         [0.4157, 0.3922, 0.4235,  ..., 0.4078, 0.4157, 0.4039]]])",0.6172158122062683,0.7511046
"tensor([[[0.3529, 0.3569, 0.3412,  ..., 0.3098, 0.3373, 0.3686],
         [0.3255, 0.3451, 0.3490,  ..., 0.3529, 0.3686, 0.3647],
         [0.3490, 0.3333, 0.3529,  ..., 0.3490, 0.3490, 0.3451],
         ...,
         [0.3608, 0.3451, 0.3412,  ..., 0.3412, 0.3255, 0.3176],
         [0.3412, 0.3294, 0.3412,  ..., 0.3686, 0.3569, 0.3373],
         [0.3137, 0.3333, 0.3451,  ..., 0.3686, 0.3490, 0.3529]]])",0.646327793598175,0.7616123
"tensor([[[0.3216, 0.3333, 0.3529,  ..., 0.3098, 0.3490, 0.3490],
         [0.3333, 0.3176, 0.3373,  ..., 0.3529, 0.3216, 0.3333],
         [0.3412, 0.3255, 0.3176,  ..., 0.3176, 0.3333, 0.3569],
         ...,
         [0.3216, 0.3529, 0.3373,  ..., 0.3216, 0.3020, 0.3137],
         [0.3490, 0.3059, 0.3255,  ..., 0.3255, 0.3255, 0.3255],
         [0.3098, 0.2941, 0.3490,  ..., 0.3569, 0.3294, 0.3216]]])",0.6053006052970886,0.7288368
"tensor([[[0.3882, 0.4078, 0.4392,  ..., 0.4078, 0.3882, 0.4235],
         [0.4000, 0.3804, 0.4078,  ..., 0.4078, 0.4157, 0.3922],
         [0.4196, 0.4078, 0.3725,  ..., 0.3961, 0.3882, 0.3882],
         ...,
         [0.3843, 0.4235, 0.4157,  ..., 0.3804, 0.4118, 0.4118],
         [0.4039, 0.4078, 0.4000,  ..., 0.3882, 0.3843, 0.4078],
         [0.4275, 0.4000, 0.3922,  ..., 0.4196, 0.4000, 0.3882]]])",0.6007624268531799,0.58539444
"tensor([[[0.3059, 0.3059, 0.3294,  ..., 0.3373, 0.3137, 0.3255],
         [0.3255, 0.3020, 0.3137,  ..., 0.3216, 0.3255, 0.3098],
         [0.3216, 0.3373, 0.3020,  ..., 0.3098, 0.3059, 0.2745],
         ...,
         [0.2980, 0.3216, 0.3294,  ..., 0.3137, 0.3373, 0.3255],
         [0.3333, 0.3373, 0.3294,  ..., 0.2941, 0.3098, 0.3333],
         [0.3373, 0.3255, 0.3098,  ..., 0.3059, 0.3059, 0.3176]]])",0.618980884552002,0.64660585
"tensor([[[0.4745, 0.4353, 0.4471,  ..., 0.5569, 0.4824, 0.4196],
         [0.4745, 0.4588, 0.4353,  ..., 0.4980, 0.4235, 0.4431],
         [0.4549, 0.4627, 0.4588,  ..., 0.4078, 0.4314, 0.4157],
         ...,
         [0.3961, 0.4157, 0.4706,  ..., 0.4510, 0.5020, 0.4275],
         [0.4706, 0.5059, 0.4745,  ..., 0.4235, 0.4627, 0.4980],
         [0.4980, 0.4588, 0.4510,  ..., 0.4431, 0.4000, 0.5020]]])",0.5307560563087463,0.58869666
"tensor([[[0.4078, 0.4157, 0.4275,  ..., 0.4078, 0.4588, 0.4275],
         [0.4157, 0.4157, 0.4157,  ..., 0.4471, 0.4275, 0.3922],
         [0.4157, 0.4157, 0.4196,  ..., 0.4078, 0.3922, 0.4196],
         ...,
         [0.4078, 0.4078, 0.4000,  ..., 0.4118, 0.4196, 0.4431],
         [0.4157, 0.4078, 0.4353,  ..., 0.4000, 0.4157, 0.4039],
         [0.4196, 0.4431, 0.4235,  ..., 0.3961, 0.4157, 0.4078]]])",0.598977267742157,0.65417904
"tensor([[[0.2667, 0.2784, 0.2745,  ..., 0.2706, 0.3098, 0.2784],
         [0.2706, 0.2745, 0.2706,  ..., 0.3098, 0.2745, 0.2627],
         [0.2863, 0.2784, 0.2863,  ..., 0.2745, 0.2667, 0.2784],
         ...,
         [0.2667, 0.2667, 0.2784,  ..., 0.2745, 0.2745, 0.2941],
         [0.2706, 0.2941, 0.2784,  ..., 0.2588, 0.2784, 0.2745],
         [0.3020, 0.2745, 0.2667,  ..., 0.2784, 0.2627, 0.2706]]])",0.7404223084449768,0.7246929
"tensor([[[0.3137, 0.3255, 0.3137,  ..., 0.3333, 0.3294, 0.3137],
         [0.3255, 0.3176, 0.3294,  ..., 0.3333, 0.3176, 0.3020],
         [0.3412, 0.3294, 0.3216,  ..., 0.3294, 0.2980, 0.3137],
         ...,
         [0.3098, 0.3176, 0.3137,  ..., 0.3176, 0.3216, 0.3294],
         [0.3294, 0.3294, 0.3333,  ..., 0.3176, 0.3137, 0.3294],
         [0.3294, 0.3216, 0.3137,  ..., 0.3098, 0.3216, 0.3098]]])",0.7447803616523743,0.70441794
"tensor([[[0.3255, 0.3020, 0.3137,  ..., 0.3451, 0.3333, 0.2902],
         [0.3216, 0.3255, 0.3098,  ..., 0.3294, 0.2980, 0.3255],
         [0.3255, 0.3216, 0.3176,  ..., 0.2980, 0.3137, 0.3255],
         ...,
         [0.3059, 0.3059, 0.3176,  ..., 0.3216, 0.3216, 0.3137],
         [0.3059, 0.3176, 0.3216,  ..., 0.3176, 0.3255, 0.3255],
         [0.3216, 0.3216, 0.3216,  ..., 0.3176, 0.3176, 0.3255]]])",0.6616989374160767,0.7081714
"tensor([[[0.3294, 0.3333, 0.3569,  ..., 0.3451, 0.3412, 0.3725],
         [0.3647, 0.3294, 0.3412,  ..., 0.3529, 0.3569, 0.3647],
         [0.3569, 0.3529, 0.3373,  ..., 0.3373, 0.3529, 0.3451],
         ...,
         [0.3412, 0.3451, 0.3451,  ..., 0.3451, 0.3529, 0.3490],
         [0.3608, 0.3333, 0.3294,  ..., 0.3608, 0.3451, 0.3608],
         [0.3137, 0.3294, 0.3686,  ..., 0.3490, 0.3569, 0.3412]]])",0.6593866348266602,0.70434743
"tensor([[[0.3294, 0.3412, 0.3686,  ..., 0.3569, 0.3451, 0.3373],
         [0.3373, 0.3333, 0.3647,  ..., 0.3490, 0.3412, 0.3529],
         [0.3608, 0.3412, 0.3333,  ..., 0.3294, 0.3490, 0.3333],
         ...,
         [0.3294, 0.3373, 0.3490,  ..., 0.3373, 0.3255, 0.3333],
         [0.3451, 0.3451, 0.3333,  ..., 0.3490, 0.3451, 0.3333],
         [0.3294, 0.3373, 0.3216,  ..., 0.3451, 0.3373, 0.3373]]])",0.6241662502288818,0.6510283
"tensor([[[0.4392, 0.4196, 0.4118,  ..., 0.4000, 0.4196, 0.4275],
         [0.4275, 0.4314, 0.4392,  ..., 0.4118, 0.4157, 0.3882],
         [0.3961, 0.4078, 0.4314,  ..., 0.4078, 0.3922, 0.4196],
         ...,
         [0.4196, 0.4353, 0.4235,  ..., 0.4157, 0.4157, 0.4078],
         [0.4235, 0.4157, 0.4196,  ..., 0.4431, 0.4196, 0.4353],
         [0.4196, 0.4039, 0.4078,  ..., 0.4471, 0.4196, 0.4157]]])",0.6073322892189026,0.6536622
"tensor([[[0.4275, 0.4235, 0.4235,  ..., 0.4039, 0.4157, 0.3961],
         [0.4157, 0.4314, 0.4314,  ..., 0.4157, 0.4118, 0.4039],
         [0.4039, 0.4196, 0.4157,  ..., 0.4118, 0.3961, 0.4196],
         ...,
         [0.4039, 0.4275, 0.3961,  ..., 0.4353, 0.4118, 0.4078],
         [0.4196, 0.4078, 0.4039,  ..., 0.4235, 0.4235, 0.4157],
         [0.4314, 0.3882, 0.4235,  ..., 0.4275, 0.4157, 0.4078]]])",0.6092923283576965,0.73519784
"tensor([[[0.3804, 0.3725, 0.3843,  ..., 0.3686, 0.3765, 0.3529],
         [0.3765, 0.4000, 0.3765,  ..., 0.3725, 0.3686, 0.3804],
         [0.3569, 0.3804, 0.3922,  ..., 0.3804, 0.3843, 0.3686],
         ...,
         [0.3804, 0.3294, 0.3725,  ..., 0.3608, 0.3725, 0.3922],
         [0.3373, 0.3804, 0.3765,  ..., 0.3647, 0.3725, 0.3725],
         [0.3451, 0.3725, 0.3804,  ..., 0.3961, 0.3647, 0.3765]]])",0.5543485879898071,0.68853295
"tensor([[[0.3373, 0.3529, 0.3647,  ..., 0.3529, 0.3451, 0.3098],
         [0.3451, 0.3490, 0.3569,  ..., 0.3176, 0.3333, 0.3529],
         [0.3412, 0.3529, 0.3255,  ..., 0.3412, 0.3451, 0.3451],
         ...,
         [0.3255, 0.3529, 0.3529,  ..., 0.3373, 0.3294, 0.3451],
         [0.3490, 0.3333, 0.3686,  ..., 0.3451, 0.3294, 0.3373],
         [0.3333, 0.3451, 0.3608,  ..., 0.3608, 0.3451, 0.3412]]])",0.5830469727516174,0.7287219
"tensor([[[0.3765, 0.3804, 0.3961,  ..., 0.3725, 0.3686, 0.3725],
         [0.3843, 0.3843, 0.3882,  ..., 0.3725, 0.3843, 0.3882],
         [0.3961, 0.3765, 0.3882,  ..., 0.3882, 0.3961, 0.3843],
         ...,
         [0.3882, 0.3843, 0.3843,  ..., 0.3725, 0.3922, 0.4000],
         [0.3843, 0.3765, 0.3922,  ..., 0.3922, 0.3686, 0.3804],
         [0.3725, 0.3882, 0.3765,  ..., 0.3843, 0.3961, 0.3804]]])",0.7494332194328308,0.72829723
"tensor([[[0.3373, 0.3216, 0.3451,  ..., 0.3216, 0.3412, 0.3373],
         [0.3451, 0.3490, 0.3412,  ..., 0.3255, 0.3451, 0.3412],
         [0.3255, 0.3412, 0.3333,  ..., 0.3451, 0.3373, 0.3216],
         ...,
         [0.3412, 0.3373, 0.3333,  ..., 0.3490, 0.3451, 0.3569],
         [0.3373, 0.3294, 0.3529,  ..., 0.3451, 0.3490, 0.3373],
         [0.3216, 0.3255, 0.3490,  ..., 0.3451, 0.3529, 0.3529]]])",0.6304786205291748,0.7396929
"tensor([[[0.3569, 0.3922, 0.3843,  ..., 0.3255, 0.3961, 0.3529],
         [0.3765, 0.3647, 0.4078,  ..., 0.3686, 0.3608, 0.3373],
         [0.3686, 0.3647, 0.3686,  ..., 0.3569, 0.3686, 0.3922],
         ...,
         [0.3725, 0.3451, 0.3686,  ..., 0.3725, 0.3804, 0.3765],
         [0.3569, 0.3804, 0.3490,  ..., 0.3922, 0.3686, 0.3961],
         [0.3765, 0.3529, 0.3647,  ..., 0.4000, 0.3961, 0.3843]]])",0.5420109629631042,0.5252776
"tensor([[[0.2941, 0.2902, 0.2980,  ..., 0.2863, 0.3137, 0.2902],
         [0.3059, 0.2980, 0.2980,  ..., 0.3216, 0.2902, 0.2706],
         [0.3059, 0.3020, 0.3176,  ..., 0.2902, 0.2706, 0.2902],
         ...,
         [0.2980, 0.2863, 0.2863,  ..., 0.2980, 0.2902, 0.3059],
         [0.2902, 0.2902, 0.2902,  ..., 0.3137, 0.2941, 0.2941],
         [0.2941, 0.2902, 0.2980,  ..., 0.2980, 0.3059, 0.3176]]])",0.6652064323425293,0.76327085
"tensor([[[0.3608, 0.3569, 0.3608,  ..., 0.3529, 0.3569, 0.3373],
         [0.3686, 0.3373, 0.3686,  ..., 0.3490, 0.3647, 0.3569],
         [0.3608, 0.3451, 0.3529,  ..., 0.3608, 0.3569, 0.3333],
         ...,
         [0.3647, 0.3647, 0.3412,  ..., 0.3608, 0.3490, 0.3294],
         [0.3725, 0.3490, 0.3490,  ..., 0.3608, 0.3608, 0.3412],
         [0.3333, 0.3451, 0.3490,  ..., 0.3569, 0.3804, 0.3373]]])",0.6126118302345276,0.6957162
"tensor([[[0.3451, 0.3333, 0.3412,  ..., 0.3255, 0.3333, 0.3294],
         [0.3412, 0.3373, 0.3333,  ..., 0.3255, 0.3451, 0.3451],
         [0.3294, 0.3294, 0.3333,  ..., 0.3490, 0.3373, 0.3176],
         ...,
         [0.3373, 0.3451, 0.3451,  ..., 0.3294, 0.3333, 0.3333],
         [0.3569, 0.3529, 0.3333,  ..., 0.3373, 0.3255, 0.3255],
         [0.3529, 0.3137, 0.3294,  ..., 0.3490, 0.3451, 0.3294]]])",0.7768884301185608,0.76371574
"tensor([[[0.4118, 0.4118, 0.4039,  ..., 0.3686, 0.3961, 0.3961],
         [0.4157, 0.4157, 0.4078,  ..., 0.4157, 0.4118, 0.3961],
         [0.4000, 0.4039, 0.3961,  ..., 0.3804, 0.4000, 0.3843],
         ...,
         [0.3961, 0.4039, 0.4471,  ..., 0.3961, 0.4000, 0.3686],
         [0.4235, 0.4627, 0.4353,  ..., 0.3961, 0.3961, 0.3961],
         [0.4275, 0.4196, 0.3686,  ..., 0.4196, 0.4118, 0.4000]]])",0.5569106936454773,0.6421889
"tensor([[[0.3529, 0.3843, 0.3373,  ..., 0.3294, 0.3490, 0.3490],
         [0.3529, 0.3686, 0.3490,  ..., 0.3451, 0.3529, 0.3176],
         [0.3725, 0.3647, 0.3608,  ..., 0.3608, 0.3137, 0.3647],
         ...,
         [0.3373, 0.3529, 0.3686,  ..., 0.3490, 0.3412, 0.3373],
         [0.3647, 0.3725, 0.3804,  ..., 0.3608, 0.3529, 0.3569],
         [0.3569, 0.3725, 0.3569,  ..., 0.3569, 0.3451, 0.3725]]])",0.6070630550384521,0.74970144
"tensor([[[0.3176, 0.3020, 0.3059,  ..., 0.3098, 0.3020, 0.2627],
         [0.3098, 0.3098, 0.3020,  ..., 0.3020, 0.2863, 0.2941],
         [0.3059, 0.3020, 0.2941,  ..., 0.3020, 0.2902, 0.3137],
         ...,
         [0.2745, 0.2941, 0.3059,  ..., 0.2784, 0.2863, 0.3176],
         [0.3098, 0.3255, 0.3294,  ..., 0.3176, 0.2863, 0.2902],
         [0.3137, 0.3137, 0.2980,  ..., 0.3216, 0.3059, 0.2902]]])",0.7164392471313477,0.7823178
"tensor([[[0.3294, 0.3294, 0.3294,  ..., 0.3373, 0.3098, 0.2941],
         [0.3255, 0.3255, 0.3255,  ..., 0.3294, 0.2941, 0.3216],
         [0.3373, 0.3255, 0.3137,  ..., 0.3020, 0.3059, 0.3294],
         ...,
         [0.3059, 0.2980, 0.3098,  ..., 0.3216, 0.3216, 0.2980],
         [0.3098, 0.3098, 0.3373,  ..., 0.3294, 0.3412, 0.3059],
         [0.3176, 0.3216, 0.3451,  ..., 0.2863, 0.3137, 0.3412]]])",0.6739376783370972,0.7686845
"tensor([[[0.6314, 0.6235, 0.6314,  ..., 0.6235, 0.6275, 0.6275],
         [0.6353, 0.6314, 0.6275,  ..., 0.6353, 0.6235, 0.6235],
         [0.6314, 0.6431, 0.6275,  ..., 0.6235, 0.6196, 0.6196],
         ...,
         [0.6196, 0.6235, 0.6196,  ..., 0.6353, 0.6314, 0.6078],
         [0.6235, 0.6196, 0.6275,  ..., 0.6353, 0.6431, 0.6275],
         [0.6235, 0.6235, 0.6235,  ..., 0.6196, 0.6314, 0.6392]]])",0.8102731704711914,0.82979155
"tensor([[[0.2980, 0.3059, 0.3020,  ..., 0.3176, 0.3098, 0.3020],
         [0.3294, 0.3294, 0.3176,  ..., 0.3255, 0.3020, 0.3020],
         [0.2941, 0.3412, 0.3294,  ..., 0.3020, 0.2941, 0.3059],
         ...,
         [0.2863, 0.3059, 0.3020,  ..., 0.3176, 0.3255, 0.2667],
         [0.3176, 0.3255, 0.3176,  ..., 0.3255, 0.3569, 0.3490],
         [0.3098, 0.3020, 0.3059,  ..., 0.2824, 0.2980, 0.3412]]])",0.6252565979957581,0.75034416
"tensor([[[0.3216, 0.3098, 0.2941,  ..., 0.2588, 0.3059, 0.2902],
         [0.2863, 0.3098, 0.3020,  ..., 0.2941, 0.2980, 0.2863],
         [0.2941, 0.2784, 0.3059,  ..., 0.2941, 0.2745, 0.2745],
         ...,
         [0.2784, 0.2706, 0.2784,  ..., 0.2667, 0.2784, 0.2745],
         [0.2745, 0.2863, 0.2824,  ..., 0.2863, 0.2941, 0.2706],
         [0.2980, 0.2941, 0.2902,  ..., 0.2588, 0.2980, 0.3020]]])",0.6334769129753113,0.7652625
"tensor([[[0.2392, 0.2392, 0.2392,  ..., 0.2314, 0.2353, 0.2353],
         [0.2353, 0.2353, 0.2314,  ..., 0.2314, 0.2353, 0.2314],
         [0.2275, 0.2353, 0.2314,  ..., 0.2314, 0.2314, 0.2275],
         ...,
         [0.2353, 0.2353, 0.2353,  ..., 0.2314, 0.2431, 0.2353],
         [0.2431, 0.2235, 0.2314,  ..., 0.2314, 0.2314, 0.2431],
         [0.2314, 0.2275, 0.2431,  ..., 0.2353, 0.2275, 0.2275]]])",0.8744381070137024,0.88907516
"tensor([[[0.2784, 0.2824, 0.2863,  ..., 0.2824, 0.2863, 0.2863],
         [0.2706, 0.2824, 0.2902,  ..., 0.2706, 0.2824, 0.2745],
         [0.2784, 0.2745, 0.2784,  ..., 0.2824, 0.2824, 0.2941],
         ...,
         [0.2745, 0.2745, 0.2824,  ..., 0.2824, 0.2784, 0.2784],
         [0.2824, 0.2902, 0.2824,  ..., 0.2824, 0.2784, 0.2824],
         [0.2941, 0.2824, 0.2745,  ..., 0.2824, 0.2784, 0.2824]]])",0.8381049036979675,0.8612611
"tensor([[[0.2902, 0.3098, 0.3373,  ..., 0.3020, 0.3137, 0.3098],
         [0.3059, 0.2863, 0.3255,  ..., 0.2980, 0.3137, 0.3216],
         [0.3059, 0.2941, 0.3216,  ..., 0.3176, 0.3216, 0.3294],
         ...,
         [0.2980, 0.3098, 0.3020,  ..., 0.3059, 0.3255, 0.3020],
         [0.3333, 0.3137, 0.3020,  ..., 0.3098, 0.2980, 0.3255],
         [0.3098, 0.3020, 0.3294,  ..., 0.3294, 0.3098, 0.2980]]])",0.6972573399543762,0.7735952
"tensor([[[0.2980, 0.3412, 0.3569,  ..., 0.3098, 0.3137, 0.3333],
         [0.3176, 0.3255, 0.3647,  ..., 0.3098, 0.3059, 0.3216],
         [0.2863, 0.3098, 0.3451,  ..., 0.2902, 0.3137, 0.3333],
         ...,
         [0.3373, 0.3176, 0.3412,  ..., 0.3137, 0.3294, 0.3255],
         [0.3255, 0.3412, 0.3333,  ..., 0.3333, 0.3020, 0.3333],
         [0.3490, 0.3412, 0.3098,  ..., 0.3725, 0.3216, 0.3294]]])",0.6241453886032104,0.75058734
"tensor([[[0.2431, 0.2471, 0.2392,  ..., 0.2392, 0.2510, 0.2392],
         [0.2471, 0.2549, 0.2627,  ..., 0.2431, 0.2431, 0.2314],
         [0.2431, 0.2314, 0.2510,  ..., 0.2549, 0.2314, 0.2392],
         ...,
         [0.2431, 0.2353, 0.2392,  ..., 0.2392, 0.2549, 0.2471],
         [0.2471, 0.2510, 0.2627,  ..., 0.2392, 0.2392, 0.2510],
         [0.2431, 0.2471, 0.2353,  ..., 0.2510, 0.2353, 0.2471]]])",0.7620638012886047,0.8125212
"tensor([[[0.3137, 0.3451, 0.3059,  ..., 0.3294, 0.3294, 0.3176],
         [0.3490, 0.3451, 0.3451,  ..., 0.3451, 0.3216, 0.3294],
         [0.3451, 0.3569, 0.3647,  ..., 0.3137, 0.3255, 0.3412],
         ...,
         [0.3529, 0.3490, 0.3333,  ..., 0.3255, 0.3255, 0.3765],
         [0.3451, 0.3294, 0.3412,  ..., 0.3490, 0.3412, 0.3412],
         [0.3255, 0.3412, 0.3529,  ..., 0.3373, 0.3412, 0.3490]]])",0.6142553687095642,0.7144917
"tensor([[[0.3176, 0.2941, 0.2980,  ..., 0.3137, 0.2902, 0.2824],
         [0.3255, 0.3137, 0.3137,  ..., 0.2863, 0.2902, 0.3137],
         [0.3294, 0.3216, 0.3255,  ..., 0.2902, 0.3098, 0.3059],
         ...,
         [0.2941, 0.3373, 0.3098,  ..., 0.3176, 0.2745, 0.3137],
         [0.3490, 0.3137, 0.3216,  ..., 0.3373, 0.2941, 0.2980],
         [0.2902, 0.2863, 0.2941,  ..., 0.3255, 0.3216, 0.3059]]])",0.5956065058708191,0.6425134
"tensor([[[0.4706, 0.4588, 0.4627,  ..., 0.4510, 0.4627, 0.4706],
         [0.4784, 0.4745, 0.4588,  ..., 0.4667, 0.4667, 0.4549],
         [0.4588, 0.4706, 0.4510,  ..., 0.4745, 0.4510, 0.4588],
         ...,
         [0.4784, 0.4745, 0.4667,  ..., 0.4588, 0.4667, 0.4706],
         [0.4627, 0.4667, 0.4431,  ..., 0.4667, 0.4471, 0.4706],
         [0.4510, 0.4667, 0.4392,  ..., 0.4588, 0.4549, 0.4627]]])",0.6800055503845215,0.7643323
"tensor([[[0.3765, 0.3843, 0.3843,  ..., 0.3490, 0.3490, 0.3373],
         [0.3569, 0.3647, 0.3961,  ..., 0.3373, 0.3373, 0.3725],
         [0.3451, 0.3176, 0.3608,  ..., 0.3412, 0.3686, 0.3451],
         ...,
         [0.3451, 0.3255, 0.3373,  ..., 0.3216, 0.3176, 0.3020],
         [0.3216, 0.3412, 0.3412,  ..., 0.3176, 0.3216, 0.3451],
         [0.3255, 0.3686, 0.3020,  ..., 0.3373, 0.3176, 0.3176]]])",0.6089462637901306,0.7530288
"tensor([[[0.3922, 0.4196, 0.4196,  ..., 0.4000, 0.3843, 0.3804],
         [0.3843, 0.3882, 0.4118,  ..., 0.3804, 0.3922, 0.4000],
         [0.4078, 0.3725, 0.4039,  ..., 0.3843, 0.4118, 0.4157],
         ...,
         [0.3765, 0.3882, 0.3725,  ..., 0.3451, 0.3804, 0.3686],
         [0.3922, 0.3922, 0.3843,  ..., 0.3961, 0.3529, 0.3882],
         [0.3961, 0.3608, 0.3647,  ..., 0.3804, 0.3765, 0.3804]]])",0.5861589908599854,0.68027234
"tensor([[[0.2392, 0.2431, 0.2431,  ..., 0.2431, 0.2353, 0.2431],
         [0.2510, 0.2392, 0.2431,  ..., 0.2392, 0.2392, 0.2510],
         [0.2549, 0.2431, 0.2471,  ..., 0.2431, 0.2471, 0.2353],
         ...,
         [0.2314, 0.2471, 0.2392,  ..., 0.2392, 0.2353, 0.2353],
         [0.2431, 0.2471, 0.2353,  ..., 0.2353, 0.2392, 0.2235],
         [0.2431, 0.2353, 0.2353,  ..., 0.2353, 0.2353, 0.2431]]])",0.8597737550735474,0.85170203
"tensor([[[0.3059, 0.3294, 0.3255,  ..., 0.3020, 0.3098, 0.3490],
         [0.3373, 0.3255, 0.3255,  ..., 0.3059, 0.3373, 0.3255],
         [0.3373, 0.3373, 0.3176,  ..., 0.3373, 0.3294, 0.3255],
         ...,
         [0.3373, 0.3451, 0.2980,  ..., 0.3137, 0.2980, 0.2980],
         [0.3490, 0.2941, 0.3216,  ..., 0.3176, 0.3137, 0.2902],
         [0.3137, 0.3059, 0.3255,  ..., 0.3294, 0.3059, 0.3294]]])",0.6353416442871094,0.7112753
"tensor([[[0.4353, 0.4235, 0.4275,  ..., 0.4157, 0.4118, 0.4078],
         [0.4275, 0.4431, 0.4039,  ..., 0.4157, 0.4000, 0.4314],
         [0.4353, 0.4471, 0.4235,  ..., 0.3922, 0.4353, 0.4431],
         ...,
         [0.4157, 0.4196, 0.4353,  ..., 0.4275, 0.4118, 0.4118],
         [0.4275, 0.4235, 0.4471,  ..., 0.4275, 0.4000, 0.4078],
         [0.4275, 0.4314, 0.4118,  ..., 0.4471, 0.4039, 0.3882]]])",0.6394377946853638,0.72548395
"tensor([[[0.3412, 0.3765, 0.3686,  ..., 0.3529, 0.3451, 0.3216],
         [0.3490, 0.3569, 0.3686,  ..., 0.3529, 0.3373, 0.3529],
         [0.3686, 0.3608, 0.3608,  ..., 0.3490, 0.3412, 0.3569],
         ...,
         [0.3490, 0.3451, 0.3608,  ..., 0.3686, 0.3529, 0.3294],
         [0.3451, 0.3608, 0.3765,  ..., 0.3333, 0.3686, 0.3373],
         [0.3569, 0.3647, 0.3608,  ..., 0.3490, 0.3686, 0.3216]]])",0.6116452813148499,0.5993418
"tensor([[[0.3333, 0.3765, 0.3765,  ..., 0.3529, 0.3373, 0.3373],
         [0.3373, 0.3490, 0.3725,  ..., 0.3490, 0.3373, 0.3529],
         [0.3451, 0.3529, 0.3725,  ..., 0.3529, 0.3490, 0.3451],
         ...,
         [0.3412, 0.3490, 0.3765,  ..., 0.3451, 0.3569, 0.3216],
         [0.3686, 0.3686, 0.3569,  ..., 0.3451, 0.3569, 0.3451],
         [0.3608, 0.3294, 0.3725,  ..., 0.3373, 0.3569, 0.3451]]])",0.6455899477005005,0.7267375
"tensor([[[0.4314, 0.4471, 0.4431,  ..., 0.4235, 0.4314, 0.4314],
         [0.4275, 0.4431, 0.4471,  ..., 0.4314, 0.4314, 0.4353],
         [0.4275, 0.4314, 0.4588,  ..., 0.4275, 0.4314, 0.4431],
         ...,
         [0.4392, 0.4196, 0.4392,  ..., 0.4431, 0.4196, 0.4196],
         [0.4196, 0.4431, 0.4510,  ..., 0.4275, 0.4314, 0.4157],
         [0.4510, 0.4392, 0.4314,  ..., 0.4549, 0.4314, 0.4196]]])",0.7558853626251221,0.7878306
"tensor([[[0.2588, 0.2667, 0.2588,  ..., 0.2471, 0.2392, 0.2431],
         [0.2667, 0.2549, 0.2667,  ..., 0.2510, 0.2510, 0.2667],
         [0.2706, 0.2588, 0.2706,  ..., 0.2392, 0.2627, 0.2588],
         ...,
         [0.2588, 0.2588, 0.2549,  ..., 0.2471, 0.2510, 0.2588],
         [0.2510, 0.2431, 0.2471,  ..., 0.2627, 0.2353, 0.2431],
         [0.2510, 0.2431, 0.2549,  ..., 0.2863, 0.2784, 0.2392]]])",0.6999988555908203,0.7820454
"tensor([[[0.4039, 0.3922, 0.3843,  ..., 0.3843, 0.3725, 0.3647],
         [0.4039, 0.3882, 0.4000,  ..., 0.4039, 0.3725, 0.3961],
         [0.4078, 0.4000, 0.3961,  ..., 0.3882, 0.3725, 0.3961],
         ...,
         [0.4000, 0.3725, 0.4039,  ..., 0.4078, 0.3804, 0.3843],
         [0.3922, 0.3882, 0.3804,  ..., 0.4157, 0.4000, 0.3765],
         [0.3882, 0.3765, 0.3647,  ..., 0.4196, 0.4157, 0.3804]]])",0.6442211270332336,0.6921153
"tensor([[[0.4275, 0.4000, 0.4000,  ..., 0.4157, 0.3843, 0.3804],
         [0.4157, 0.4196, 0.4000,  ..., 0.3961, 0.3961, 0.4039],
         [0.4078, 0.4157, 0.4157,  ..., 0.4039, 0.4078, 0.3961],
         ...,
         [0.3922, 0.3843, 0.3882,  ..., 0.4392, 0.4118, 0.4000],
         [0.3961, 0.4000, 0.4196,  ..., 0.4392, 0.4353, 0.4196],
         [0.3882, 0.4039, 0.3804,  ..., 0.4275, 0.4000, 0.4157]]])",0.6514695286750793,0.7457075
"tensor([[[0.3922, 0.3804, 0.3804,  ..., 0.3647, 0.3686, 0.3765],
         [0.3765, 0.3843, 0.3725,  ..., 0.3608, 0.4000, 0.3686],
         [0.3765, 0.3882, 0.3843,  ..., 0.3804, 0.3922, 0.3608],
         ...,
         [0.3608, 0.3765, 0.3843,  ..., 0.4157, 0.4000, 0.3922],
         [0.3686, 0.3882, 0.3725,  ..., 0.3961, 0.4000, 0.4000],
         [0.3765, 0.3686, 0.3725,  ..., 0.3922, 0.3843, 0.3882]]])",0.6777961850166321,0.71077514
"tensor([[[0.3373, 0.3569, 0.4000,  ..., 0.3176, 0.3412, 0.3608],
         [0.3569, 0.3333, 0.3490,  ..., 0.3373, 0.3843, 0.3608],
         [0.3647, 0.3686, 0.3451,  ..., 0.3686, 0.3686, 0.3490],
         ...,
         [0.3686, 0.3373, 0.3608,  ..., 0.3843, 0.3686, 0.3725],
         [0.3451, 0.3373, 0.3686,  ..., 0.3725, 0.3804, 0.3608],
         [0.3529, 0.3608, 0.3569,  ..., 0.3922, 0.3725, 0.3765]]])",0.6800883412361145,0.7642675
"tensor([[[0.4235, 0.4353, 0.4706,  ..., 0.4549, 0.4235, 0.4275],
         [0.4431, 0.4196, 0.4392,  ..., 0.4431, 0.4275, 0.4431],
         [0.4784, 0.4353, 0.4431,  ..., 0.4314, 0.4510, 0.4471],
         ...,
         [0.4510, 0.4431, 0.4392,  ..., 0.4745, 0.4549, 0.4863],
         [0.4471, 0.4118, 0.4431,  ..., 0.4627, 0.4353, 0.4353],
         [0.4078, 0.4353, 0.4431,  ..., 0.5216, 0.4627, 0.4431]]])",0.5829015970230103,0.69387835
"tensor([[[0.3490, 0.3569, 0.3647,  ..., 0.3686, 0.3686, 0.3373],
         [0.3725, 0.3529, 0.3647,  ..., 0.3647, 0.3490, 0.3373],
         [0.3569, 0.3569, 0.3647,  ..., 0.3412, 0.3529, 0.3569],
         ...,
         [0.3412, 0.3569, 0.3647,  ..., 0.3686, 0.3608, 0.3765],
         [0.3569, 0.3686, 0.3490,  ..., 0.3804, 0.3529, 0.3569],
         [0.3765, 0.3490, 0.3294,  ..., 0.3961, 0.3804, 0.3686]]])",0.6622362732887268,0.7209526
"tensor([[[0.3882, 0.3961, 0.3843,  ..., 0.3922, 0.3882, 0.3804],
         [0.3843, 0.3882, 0.3961,  ..., 0.3882, 0.3804, 0.3961],
         [0.3961, 0.3882, 0.3922,  ..., 0.3843, 0.3882, 0.3804],
         ...,
         [0.4000, 0.3922, 0.3922,  ..., 0.4000, 0.3882, 0.3882],
         [0.3843, 0.3922, 0.3922,  ..., 0.3961, 0.4000, 0.3922],
         [0.3922, 0.3882, 0.3922,  ..., 0.3843, 0.3961, 0.4000]]])",0.846506655216217,0.8490892
"tensor([[[0.3725, 0.3804, 0.3647,  ..., 0.3686, 0.3882, 0.3843],
         [0.3725, 0.3725, 0.3882,  ..., 0.3843, 0.3569, 0.3569],
         [0.3725, 0.3686, 0.3647,  ..., 0.3412, 0.3686, 0.3725],
         ...,
         [0.3804, 0.3804, 0.3686,  ..., 0.3882, 0.3725, 0.3647],
         [0.3765, 0.3804, 0.3686,  ..., 0.3843, 0.3804, 0.3804],
         [0.3765, 0.3725, 0.3725,  ..., 0.3569, 0.3882, 0.3804]]])",0.7036527395248413,0.71950054
"tensor([[[0.3647, 0.3490, 0.3686,  ..., 0.3490, 0.3529, 0.3725],
         [0.3765, 0.3647, 0.3569,  ..., 0.3451, 0.3647, 0.3725],
         [0.3725, 0.3686, 0.3490,  ..., 0.3529, 0.3686, 0.3412],
         ...,
         [0.3647, 0.3765, 0.3843,  ..., 0.3647, 0.3804, 0.3451],
         [0.3843, 0.3922, 0.3608,  ..., 0.3412, 0.3686, 0.3843],
         [0.3843, 0.3451, 0.3686,  ..., 0.3765, 0.3412, 0.3608]]])",0.6167640089988708,0.6454479
"tensor([[[0.3961, 0.3843, 0.3529,  ..., 0.3569, 0.3922, 0.4157],
         [0.4000, 0.3922, 0.3804,  ..., 0.3843, 0.4196, 0.4196],
         [0.4039, 0.3882, 0.3961,  ..., 0.4157, 0.4000, 0.3686],
         ...,
         [0.4392, 0.4431, 0.4078,  ..., 0.3804, 0.3922, 0.4157],
         [0.4314, 0.4000, 0.3725,  ..., 0.3569, 0.3922, 0.3843],
         [0.3882, 0.3686, 0.3882,  ..., 0.3882, 0.3686, 0.3882]]])",0.5818890333175659,0.6232455
"tensor([[[0.3137, 0.2941, 0.2980,  ..., 0.3059, 0.3176, 0.3059],
         [0.3098, 0.3098, 0.3020,  ..., 0.3059, 0.3176, 0.3137],
         [0.3059, 0.3098, 0.3098,  ..., 0.3255, 0.3059, 0.2941],
         ...,
         [0.3333, 0.3216, 0.3020,  ..., 0.3059, 0.2980, 0.3098],
         [0.3098, 0.3098, 0.3098,  ..., 0.2980, 0.3059, 0.3059],
         [0.3137, 0.3020, 0.2863,  ..., 0.3098, 0.3059, 0.3020]]])",0.7842526435852051,0.76554036
"tensor([[[0.3804, 0.3843, 0.3843,  ..., 0.3882, 0.3961, 0.3922],
         [0.3922, 0.3765, 0.3843,  ..., 0.3961, 0.3922, 0.3922],
         [0.3843, 0.3922, 0.3804,  ..., 0.3922, 0.3922, 0.3804],
         ...,
         [0.4078, 0.3922, 0.3804,  ..., 0.3882, 0.3765, 0.3843],
         [0.3882, 0.3882, 0.3882,  ..., 0.3882, 0.3922, 0.3765],
         [0.3804, 0.3843, 0.3843,  ..., 0.3882, 0.3882, 0.3961]]])",0.8176153898239136,0.77454704
"tensor([[[0.4863, 0.4824, 0.4902,  ..., 0.4863, 0.5216, 0.5255],
         [0.4902, 0.4863, 0.4824,  ..., 0.5176, 0.5255, 0.4902],
         [0.5020, 0.4902, 0.4863,  ..., 0.5137, 0.4902, 0.4627],
         ...,
         [0.4980, 0.5059, 0.5059,  ..., 0.5137, 0.4745, 0.4902],
         [0.5059, 0.5059, 0.5059,  ..., 0.5098, 0.4941, 0.4784],
         [0.5137, 0.5098, 0.4902,  ..., 0.4902, 0.5216, 0.4902]]])",0.6179083585739136,0.5854801
"tensor([[[0.4510, 0.4549, 0.4549,  ..., 0.4235, 0.4157, 0.4314],
         [0.4510, 0.4471, 0.4627,  ..., 0.4235, 0.4235, 0.4353],
         [0.4510, 0.4549, 0.4549,  ..., 0.4118, 0.4353, 0.4431],
         ...,
         [0.4431, 0.4471, 0.4275,  ..., 0.4627, 0.4627, 0.4431],
         [0.4549, 0.4314, 0.4314,  ..., 0.4392, 0.4745, 0.4745],
         [0.4627, 0.4314, 0.4431,  ..., 0.4510, 0.4471, 0.4706]]])",0.6819801330566406,0.7528048
"tensor([[[0.3843, 0.3804, 0.3804,  ..., 0.3725, 0.3843, 0.3765],
         [0.3961, 0.3882, 0.3804,  ..., 0.3922, 0.4000, 0.3608],
         [0.4000, 0.3961, 0.4000,  ..., 0.3961, 0.3569, 0.3647],
         ...,
         [0.3882, 0.3765, 0.3882,  ..., 0.3922, 0.3882, 0.3765],
         [0.3882, 0.3922, 0.3882,  ..., 0.3961, 0.3882, 0.3922],
         [0.3843, 0.3922, 0.3843,  ..., 0.3843, 0.3843, 0.3804]]])",0.6269837021827698,0.73162746
"tensor([[[0.3333, 0.3176, 0.3255,  ..., 0.3294, 0.3294, 0.3176],
         [0.3333, 0.3294, 0.3216,  ..., 0.3373, 0.3098, 0.3176],
         [0.3412, 0.3255, 0.3294,  ..., 0.3137, 0.3098, 0.3216],
         ...,
         [0.3412, 0.3176, 0.3373,  ..., 0.3255, 0.3137, 0.3176],
         [0.3216, 0.3216, 0.3373,  ..., 0.3373, 0.3216, 0.3176],
         [0.3176, 0.3412, 0.3294,  ..., 0.3294, 0.3333, 0.3216]]])",0.688922107219696,0.74381363
"tensor([[[0.4078, 0.3882, 0.3922,  ..., 0.3765, 0.4039, 0.3922],
         [0.4078, 0.4000, 0.3961,  ..., 0.3922, 0.3882, 0.4039],
         [0.4118, 0.3843, 0.4078,  ..., 0.3922, 0.4157, 0.3882],
         ...,
         [0.3961, 0.3922, 0.4039,  ..., 0.3922, 0.3961, 0.3882],
         [0.3765, 0.4078, 0.4000,  ..., 0.3882, 0.3882, 0.3882],
         [0.4118, 0.4078, 0.3922,  ..., 0.3922, 0.3843, 0.3882]]])",0.6730140447616577,0.73048127
"tensor([[[0.4980, 0.4627, 0.4941,  ..., 0.4902, 0.4745, 0.4784],
         [0.4941, 0.4784, 0.4941,  ..., 0.4745, 0.4863, 0.4824],
         [0.5020, 0.4784, 0.4784,  ..., 0.5020, 0.4941, 0.4980],
         ...,
         [0.4706, 0.4980, 0.5137,  ..., 0.4824, 0.4784, 0.4824],
         [0.5059, 0.5020, 0.4902,  ..., 0.4824, 0.4824, 0.4784],
         [0.4902, 0.4902, 0.4667,  ..., 0.4863, 0.4863, 0.4784]]])",0.6550790667533875,0.760342
"tensor([[[0.3490, 0.3451, 0.3373,  ..., 0.3294, 0.3373, 0.3216],
         [0.3216, 0.3451, 0.3373,  ..., 0.3255, 0.3294, 0.3647],
         [0.3255, 0.3333, 0.3412,  ..., 0.3294, 0.3529, 0.3412],
         ...,
         [0.3373, 0.3569, 0.3412,  ..., 0.3333, 0.3412, 0.3373],
         [0.3490, 0.3451, 0.3333,  ..., 0.3333, 0.3255, 0.3373],
         [0.3529, 0.3490, 0.3412,  ..., 0.3490, 0.3294, 0.3216]]])",0.6594496369361877,0.7242312
"tensor([[[0.4118, 0.4314, 0.4118,  ..., 0.4157, 0.4000, 0.4314],
         [0.4078, 0.4235, 0.4118,  ..., 0.3961, 0.4235, 0.4118],
         [0.4039, 0.4196, 0.4118,  ..., 0.4078, 0.4039, 0.4157],
         ...,
         [0.4314, 0.4235, 0.4000,  ..., 0.4235, 0.4039, 0.4078],
         [0.4078, 0.4118, 0.3882,  ..., 0.4314, 0.4196, 0.4118],
         [0.4353, 0.4078, 0.4235,  ..., 0.4196, 0.4275, 0.4118]]])",0.6571119427680969,0.7646011
"tensor([[[0.3725, 0.3804, 0.3765,  ..., 0.3686, 0.3686, 0.3843],
         [0.3725, 0.3804, 0.3686,  ..., 0.3725, 0.3843, 0.3725],
         [0.3725, 0.3765, 0.3804,  ..., 0.3843, 0.3843, 0.3843],
         ...,
         [0.3725, 0.3765, 0.3725,  ..., 0.3843, 0.3765, 0.3804],
         [0.3686, 0.3725, 0.3765,  ..., 0.3765, 0.3765, 0.3804],
         [0.3686, 0.3725, 0.3804,  ..., 0.3725, 0.3843, 0.3765]]])",0.8043848276138306,0.857656
"tensor([[[0.2941, 0.2980, 0.2941,  ..., 0.2941, 0.2902, 0.2902],
         [0.2980, 0.3020, 0.2980,  ..., 0.2863, 0.2941, 0.3020],
         [0.3020, 0.2980, 0.2980,  ..., 0.2902, 0.2980, 0.2980],
         ...,
         [0.2980, 0.2980, 0.2980,  ..., 0.3059, 0.2941, 0.2941],
         [0.2980, 0.2941, 0.2980,  ..., 0.3020, 0.3020, 0.2980],
         [0.2980, 0.3059, 0.3020,  ..., 0.2980, 0.3059, 0.2941]]])",0.9210083484649658,0.90149534
"tensor([[[0.3176, 0.3176, 0.3216,  ..., 0.3176, 0.3059, 0.3020],
         [0.3176, 0.3137, 0.3176,  ..., 0.3216, 0.2980, 0.3176],
         [0.3216, 0.3176, 0.3176,  ..., 0.3059, 0.3020, 0.3137],
         ...,
         [0.3098, 0.3176, 0.3216,  ..., 0.3137, 0.3333, 0.3137],
         [0.3137, 0.3216, 0.3216,  ..., 0.3098, 0.3216, 0.3255],
         [0.3176, 0.3137, 0.3020,  ..., 0.3176, 0.3098, 0.3255]]])",0.8415632247924805,0.8466911
"tensor([[[0.4000, 0.3882, 0.3922,  ..., 0.3765, 0.3647, 0.3804],
         [0.3961, 0.3843, 0.3843,  ..., 0.3922, 0.3765, 0.3843],
         [0.3843, 0.3961, 0.3882,  ..., 0.3725, 0.3765, 0.3843],
         ...,
         [0.3725, 0.3922, 0.3922,  ..., 0.3882, 0.3882, 0.3843],
         [0.3882, 0.4039, 0.3922,  ..., 0.3765, 0.3922, 0.3804],
         [0.3882, 0.3725, 0.3725,  ..., 0.3922, 0.3843, 0.4000]]])",0.7146036624908447,0.7678622
"tensor([[[0.2784, 0.2627, 0.2510,  ..., 0.2431, 0.2863, 0.2471],
         [0.2627, 0.2824, 0.2510,  ..., 0.2745, 0.2510, 0.2196],
         [0.2824, 0.2863, 0.2667,  ..., 0.2706, 0.2353, 0.2745],
         ...,
         [0.2784, 0.2941, 0.2510,  ..., 0.2706, 0.2588, 0.2667],
         [0.2667, 0.2588, 0.2588,  ..., 0.2549, 0.2706, 0.2941],
         [0.2627, 0.2627, 0.2588,  ..., 0.2667, 0.2471, 0.2627]]])",0.6334092617034912,0.7550133
"tensor([[[0.4078, 0.4196, 0.4275,  ..., 0.4431, 0.4275, 0.4314],
         [0.4196, 0.4118, 0.4039,  ..., 0.3882, 0.4039, 0.4235],
         [0.4314, 0.4314, 0.4039,  ..., 0.4314, 0.4353, 0.4078],
         ...,
         [0.4157, 0.4039, 0.4000,  ..., 0.4275, 0.4235, 0.4196],
         [0.4118, 0.4039, 0.4157,  ..., 0.4275, 0.4235, 0.4510],
         [0.3882, 0.4275, 0.4196,  ..., 0.4078, 0.4039, 0.4157]]])",0.5951917171478271,0.75289273
"tensor([[[0.3216, 0.3255, 0.3333,  ..., 0.3216, 0.3569, 0.3961],
         [0.3333, 0.3294, 0.3333,  ..., 0.3373, 0.3255, 0.3098],
         [0.3255, 0.3255, 0.3137,  ..., 0.3294, 0.3176, 0.3216],
         ...,
         [0.3098, 0.3059, 0.3098,  ..., 0.3373, 0.3333, 0.3373],
         [0.2863, 0.3137, 0.3059,  ..., 0.3451, 0.3176, 0.3373],
         [0.3137, 0.3216, 0.3255,  ..., 0.3490, 0.3569, 0.3333]]])",0.6340414881706238,0.74440664
"tensor([[[0.4000, 0.4078, 0.4118,  ..., 0.3725, 0.4235, 0.4196],
         [0.3843, 0.4039, 0.4118,  ..., 0.4235, 0.4078, 0.4078],
         [0.4078, 0.3804, 0.4078,  ..., 0.3843, 0.4118, 0.4039],
         ...,
         [0.4039, 0.3922, 0.4000,  ..., 0.3843, 0.4000, 0.3961],
         [0.3765, 0.3922, 0.3843,  ..., 0.4510, 0.3882, 0.3922],
         [0.4275, 0.4039, 0.3843,  ..., 0.4118, 0.4392, 0.3765]]])",0.6263659596443176,0.6991067
"tensor([[[0.3647, 0.3725, 0.3725,  ..., 0.3569, 0.3686, 0.3608],
         [0.3294, 0.3412, 0.3608,  ..., 0.3255, 0.3294, 0.3529],
         [0.3333, 0.3451, 0.3333,  ..., 0.3490, 0.3608, 0.3843],
         ...,
         [0.3490, 0.3529, 0.3373,  ..., 0.3333, 0.3647, 0.3373],
         [0.3373, 0.3294, 0.3569,  ..., 0.3529, 0.3294, 0.3569],
         [0.3529, 0.3647, 0.3647,  ..., 0.3647, 0.3725, 0.3569]]])",0.5869259834289551,0.7093879
"tensor([[[0.5216, 0.4863, 0.4784,  ..., 0.5020, 0.4863, 0.4863],
         [0.5020, 0.5176, 0.4941,  ..., 0.4980, 0.4745, 0.4824],
         [0.4549, 0.5020, 0.4863,  ..., 0.4941, 0.4745, 0.4902],
         ...,
         [0.4824, 0.4902, 0.4941,  ..., 0.5216, 0.4588, 0.4902],
         [0.5059, 0.4980, 0.4902,  ..., 0.4824, 0.5098, 0.4706],
         [0.5137, 0.4745, 0.4784,  ..., 0.4627, 0.5059, 0.4980]]])",0.6064060926437378,0.75396913
"tensor([[[0.3020, 0.3294, 0.3294,  ..., 0.3333, 0.3373, 0.3294],
         [0.3098, 0.2980, 0.3176,  ..., 0.3451, 0.3333, 0.3098],
         [0.3373, 0.3176, 0.3176,  ..., 0.3294, 0.3176, 0.2980],
         ...,
         [0.3333, 0.3176, 0.3176,  ..., 0.3176, 0.3333, 0.3216],
         [0.3216, 0.3216, 0.3098,  ..., 0.3176, 0.3216, 0.3255],
         [0.3137, 0.3020, 0.3176,  ..., 0.3059, 0.3098, 0.3255]]])",0.7226998209953308,0.73517925
"tensor([[[0.4784, 0.4863, 0.4784,  ..., 0.4784, 0.4863, 0.4941],
         [0.4627, 0.4784, 0.4745,  ..., 0.4824, 0.4902, 0.4902],
         [0.4902, 0.4784, 0.4863,  ..., 0.4824, 0.4784, 0.4784],
         ...,
         [0.4824, 0.4706, 0.4667,  ..., 0.4627, 0.4784, 0.4824],
         [0.4706, 0.4745, 0.4627,  ..., 0.4745, 0.4784, 0.4627],
         [0.4902, 0.4706, 0.4745,  ..., 0.4941, 0.4510, 0.4863]]])",0.7388041019439697,0.7768594
"tensor([[[0.4275, 0.4235, 0.4314,  ..., 0.4745, 0.4314, 0.4392],
         [0.4353, 0.4314, 0.4431,  ..., 0.4471, 0.4510, 0.4627],
         [0.4392, 0.4392, 0.4275,  ..., 0.4549, 0.4667, 0.4314],
         ...,
         [0.4314, 0.4039, 0.4196,  ..., 0.4510, 0.4784, 0.4314],
         [0.4196, 0.4196, 0.4549,  ..., 0.4353, 0.4471, 0.4784],
         [0.4275, 0.4549, 0.4588,  ..., 0.4431, 0.4627, 0.4314]]])",0.5881889462471008,0.73940825
"tensor([[[0.4157, 0.4588, 0.4471,  ..., 0.4706, 0.4627, 0.4431],
         [0.4627, 0.4275, 0.4510,  ..., 0.4745, 0.4588, 0.4549],
         [0.4471, 0.4471, 0.4235,  ..., 0.4549, 0.4549, 0.4627],
         ...,
         [0.4275, 0.4353, 0.4510,  ..., 0.4784, 0.4667, 0.4588],
         [0.4235, 0.4588, 0.4588,  ..., 0.4627, 0.4784, 0.4392],
         [0.4902, 0.4745, 0.4510,  ..., 0.4353, 0.4941, 0.4706]]])",0.636306881904602,0.7399878
"tensor([[[0.3725, 0.3725, 0.3569,  ..., 0.3843, 0.3922, 0.3804],
         [0.3725, 0.3725, 0.3647,  ..., 0.3765, 0.3804, 0.4196],
         [0.3765, 0.3686, 0.3686,  ..., 0.3922, 0.3843, 0.4039],
         ...,
         [0.3765, 0.3804, 0.3765,  ..., 0.3843, 0.3569, 0.3725],
         [0.3804, 0.3804, 0.3569,  ..., 0.3765, 0.3725, 0.3490],
         [0.3882, 0.3647, 0.3725,  ..., 0.3922, 0.3686, 0.3765]]])",0.6737233400344849,0.6937821
"tensor([[[0.3059, 0.3137, 0.3137,  ..., 0.3020, 0.3373, 0.3608],
         [0.3176, 0.2980, 0.3098,  ..., 0.3255, 0.3490, 0.3569],
         [0.3333, 0.3216, 0.3020,  ..., 0.3373, 0.3412, 0.3373],
         ...,
         [0.3255, 0.3176, 0.3098,  ..., 0.2980, 0.3255, 0.3176],
         [0.3176, 0.3137, 0.3020,  ..., 0.3098, 0.3137, 0.3255],
         [0.3216, 0.3098, 0.3333,  ..., 0.3373, 0.3059, 0.3373]]])",0.6990609765052795,0.7786797
"tensor([[[0.3765, 0.3529, 0.3412,  ..., 0.3451, 0.3843, 0.3725],
         [0.3686, 0.3608, 0.3569,  ..., 0.3608, 0.3765, 0.4000],
         [0.3529, 0.3608, 0.3569,  ..., 0.3765, 0.3882, 0.3961],
         ...,
         [0.3608, 0.3451, 0.3451,  ..., 0.3255, 0.3725, 0.3529],
         [0.3333, 0.3333, 0.3529,  ..., 0.3412, 0.3333, 0.3882],
         [0.3451, 0.3686, 0.3569,  ..., 0.3647, 0.3176, 0.3686]]])",0.664203941822052,0.7558381
"tensor([[[0.3529, 0.3686, 0.3451,  ..., 0.3373, 0.3451, 0.4039],
         [0.3451, 0.3569, 0.3490,  ..., 0.3529, 0.3765, 0.3922],
         [0.3608, 0.3529, 0.3412,  ..., 0.3686, 0.3804, 0.3725],
         ...,
         [0.3412, 0.3333, 0.3216,  ..., 0.3176, 0.3255, 0.3490],
         [0.3333, 0.3216, 0.3412,  ..., 0.3451, 0.3255, 0.3490],
         [0.3569, 0.3529, 0.3490,  ..., 0.3294, 0.3294, 0.3294]]])",0.6358970999717712,0.61555797
"tensor([[[0.5529, 0.5569, 0.5569,  ..., 0.4941, 0.5490, 0.5765],
         [0.5412, 0.5608, 0.5451,  ..., 0.5412, 0.5843, 0.5490],
         [0.5529, 0.5490, 0.5451,  ..., 0.5725, 0.5725, 0.5529],
         ...,
         [0.5255, 0.5333, 0.5098,  ..., 0.5373, 0.5490, 0.5333],
         [0.5686, 0.5294, 0.5647,  ..., 0.5529, 0.5451, 0.5176],
         [0.5569, 0.5529, 0.5725,  ..., 0.5059, 0.5333, 0.5294]]])",0.616461992263794,0.7070906
"tensor([[[0.3843, 0.4627, 0.4588,  ..., 0.4392, 0.4431, 0.4353],
         [0.4549, 0.4431, 0.4667,  ..., 0.4392, 0.4510, 0.4431],
         [0.4118, 0.4471, 0.4627,  ..., 0.4588, 0.4588, 0.4235],
         ...,
         [0.4314, 0.4627, 0.4196,  ..., 0.4235, 0.4471, 0.4157],
         [0.4196, 0.4275, 0.4000,  ..., 0.4353, 0.4706, 0.4510],
         [0.4196, 0.4196, 0.4078,  ..., 0.4431, 0.4000, 0.4118]]])",0.5330163240432739,0.60660785
"tensor([[[0.5529, 0.5412, 0.5686,  ..., 0.5451, 0.5373, 0.5451],
         [0.5529, 0.5569, 0.5451,  ..., 0.5490, 0.5412, 0.5529],
         [0.5451, 0.5569, 0.5569,  ..., 0.5412, 0.5529, 0.5490],
         ...,
         [0.5373, 0.5373, 0.5490,  ..., 0.5451, 0.5216, 0.5176],
         [0.5373, 0.5294, 0.5412,  ..., 0.5412, 0.5294, 0.5176],
         [0.5255, 0.5451, 0.5529,  ..., 0.5373, 0.5294, 0.5216]]])",0.7479375004768372,0.7870045
"tensor([[[0.4863, 0.4510, 0.4588,  ..., 0.4196, 0.4275, 0.4275],
         [0.4941, 0.4902, 0.4471,  ..., 0.4196, 0.4235, 0.4627],
         [0.4275, 0.4745, 0.4706,  ..., 0.4078, 0.4784, 0.4471],
         ...,
         [0.4157, 0.4157, 0.4392,  ..., 0.4196, 0.4118, 0.4314],
         [0.4275, 0.4196, 0.4275,  ..., 0.4353, 0.3804, 0.3843],
         [0.3961, 0.4431, 0.4510,  ..., 0.4196, 0.4431, 0.3843]]])",0.6070245504379272,0.5935998
"tensor([[[0.3333, 0.3412, 0.3608,  ..., 0.3373, 0.3176, 0.3333],
         [0.3804, 0.3412, 0.3569,  ..., 0.3137, 0.3412, 0.3490],
         [0.3647, 0.3647, 0.3255,  ..., 0.3451, 0.3294, 0.3529],
         ...,
         [0.3412, 0.3176, 0.3569,  ..., 0.3098, 0.3255, 0.3176],
         [0.3216, 0.3333, 0.3412,  ..., 0.3294, 0.3294, 0.3098],
         [0.3020, 0.3412, 0.3608,  ..., 0.3333, 0.3216, 0.3176]]])",0.6218088865280151,0.7602583
"tensor([[[0.3843, 0.3686, 0.4078,  ..., 0.3765, 0.3647, 0.3882],
         [0.4118, 0.3843, 0.3725,  ..., 0.3608, 0.3765, 0.3922],
         [0.3804, 0.4078, 0.3608,  ..., 0.3882, 0.3686, 0.3804],
         ...,
         [0.3843, 0.3882, 0.4078,  ..., 0.3686, 0.3686, 0.3725],
         [0.3804, 0.3686, 0.3804,  ..., 0.3725, 0.3647, 0.3647],
         [0.3725, 0.3647, 0.3686,  ..., 0.3804, 0.3686, 0.3412]]])",0.6101503372192383,0.75789297
"tensor([[[0.3765, 0.3882, 0.4039,  ..., 0.3843, 0.4078, 0.4039],
         [0.3961, 0.3843, 0.3804,  ..., 0.3961, 0.4000, 0.3882],
         [0.4039, 0.4157, 0.3922,  ..., 0.3922, 0.3804, 0.3882],
         ...,
         [0.3882, 0.3843, 0.3686,  ..., 0.3647, 0.3451, 0.3529],
         [0.3725, 0.3647, 0.3647,  ..., 0.3529, 0.3373, 0.3373],
         [0.3725, 0.3647, 0.3961,  ..., 0.3804, 0.3569, 0.3490]]])",0.6332595944404602,0.76529455
"tensor([[[0.3647, 0.3686, 0.3373,  ..., 0.3490, 0.3529, 0.3647],
         [0.3490, 0.3843, 0.3490,  ..., 0.3373, 0.3765, 0.3608],
         [0.3294, 0.3608, 0.3686,  ..., 0.3373, 0.3451, 0.3098],
         ...,
         [0.3451, 0.3333, 0.3451,  ..., 0.2980, 0.2980, 0.3373],
         [0.3216, 0.3137, 0.3451,  ..., 0.3294, 0.2745, 0.3020],
         [0.3490, 0.3451, 0.3451,  ..., 0.3333, 0.3176, 0.2902]]])",0.5928351879119873,0.73469317
"tensor([[[0.3020, 0.3137, 0.2706,  ..., 0.2941, 0.2784, 0.2902],
         [0.2784, 0.3098, 0.2980,  ..., 0.2824, 0.2863, 0.2902],
         [0.2902, 0.2863, 0.3098,  ..., 0.2863, 0.2902, 0.2980],
         ...,
         [0.2824, 0.2863, 0.2980,  ..., 0.2784, 0.2510, 0.2510],
         [0.2824, 0.2824, 0.2863,  ..., 0.2824, 0.2706, 0.2667],
         [0.2902, 0.2902, 0.2863,  ..., 0.2745, 0.2745, 0.2784]]])",0.6581302881240845,0.7441528
"tensor([[[0.4118, 0.4118, 0.4471,  ..., 0.4039, 0.4157, 0.4039],
         [0.3804, 0.4039, 0.4157,  ..., 0.4078, 0.4078, 0.3686],
         [0.3961, 0.3922, 0.3961,  ..., 0.4118, 0.3686, 0.4039],
         ...,
         [0.4196, 0.4392, 0.4353,  ..., 0.4000, 0.4118, 0.3725],
         [0.4314, 0.4275, 0.4078,  ..., 0.3843, 0.4275, 0.4157],
         [0.4078, 0.4196, 0.4157,  ..., 0.3765, 0.3725, 0.4000]]])",0.6275578141212463,0.7260467
"tensor([[[0.2941, 0.3137, 0.2980,  ..., 0.2902, 0.2980, 0.2863],
         [0.2627, 0.3059, 0.3020,  ..., 0.2941, 0.2863, 0.2784],
         [0.2824, 0.2824, 0.2980,  ..., 0.2863, 0.2902, 0.2824],
         ...,
         [0.3020, 0.3176, 0.3098,  ..., 0.2745, 0.3216, 0.2863],
         [0.3098, 0.3059, 0.2902,  ..., 0.2745, 0.3020, 0.3137],
         [0.2941, 0.2863, 0.3059,  ..., 0.2784, 0.2824, 0.3020]]])",0.7139493227005005,0.7362095
"tensor([[[0.2549, 0.2471, 0.2627,  ..., 0.2431, 0.2588, 0.2353],
         [0.2588, 0.2627, 0.2510,  ..., 0.2431, 0.2549, 0.2471],
         [0.2471, 0.2627, 0.2392,  ..., 0.2549, 0.2510, 0.2471],
         ...,
         [0.2706, 0.2627, 0.2706,  ..., 0.2549, 0.2706, 0.2667],
         [0.2706, 0.2588, 0.2706,  ..., 0.2431, 0.2588, 0.2549],
         [0.2627, 0.2588, 0.2706,  ..., 0.2549, 0.2588, 0.2549]]])",0.7642229199409485,0.79372907
"tensor([[[0.4471, 0.4431, 0.4471,  ..., 0.4431, 0.4392, 0.4510],
         [0.4471, 0.4392, 0.4431,  ..., 0.4353, 0.4510, 0.4431],
         [0.4588, 0.4431, 0.4431,  ..., 0.4392, 0.4549, 0.4392],
         ...,
         [0.4588, 0.4549, 0.4471,  ..., 0.4431, 0.4667, 0.4510],
         [0.4549, 0.4471, 0.4510,  ..., 0.4392, 0.4471, 0.4549],
         [0.4627, 0.4392, 0.4549,  ..., 0.4471, 0.4471, 0.4431]]])",0.8213566541671753,0.82784814
"tensor([[[0.3922, 0.3765, 0.3608,  ..., 0.3882, 0.3922, 0.3922],
         [0.4039, 0.3765, 0.3529,  ..., 0.3922, 0.3804, 0.3843],
         [0.3882, 0.3961, 0.3922,  ..., 0.4039, 0.3804, 0.3961],
         ...,
         [0.4118, 0.4000, 0.4314,  ..., 0.4157, 0.3804, 0.3804],
         [0.3961, 0.4118, 0.4000,  ..., 0.4118, 0.4196, 0.3765],
         [0.3686, 0.4078, 0.3922,  ..., 0.3882, 0.4196, 0.4118]]])",0.5783345699310303,0.74322534
"tensor([[[0.3412, 0.3333, 0.3490,  ..., 0.3686, 0.3686, 0.3333],
         [0.3686, 0.3490, 0.3333,  ..., 0.3686, 0.3451, 0.3412],
         [0.3647, 0.3686, 0.3412,  ..., 0.3569, 0.3529, 0.3608],
         ...,
         [0.3725, 0.3647, 0.3569,  ..., 0.3882, 0.3333, 0.3647],
         [0.3725, 0.3686, 0.3608,  ..., 0.3961, 0.3922, 0.3451],
         [0.3725, 0.4000, 0.4000,  ..., 0.3569, 0.4118, 0.3608]]])",0.5734801292419434,0.7345155
"tensor([[[0.3294, 0.3216, 0.3216,  ..., 0.3333, 0.3333, 0.3333],
         [0.3373, 0.3176, 0.3373,  ..., 0.3294, 0.3255, 0.3412],
         [0.3294, 0.3333, 0.3333,  ..., 0.3333, 0.3255, 0.3294],
         ...,
         [0.3176, 0.3529, 0.3294,  ..., 0.3529, 0.3216, 0.3098],
         [0.3451, 0.3529, 0.3373,  ..., 0.3608, 0.3647, 0.3569],
         [0.3490, 0.3490, 0.3412,  ..., 0.3569, 0.3373, 0.3216]]])",0.6044581532478333,0.73069584
"tensor([[[0.3843, 0.3804, 0.3882,  ..., 0.4000, 0.4078, 0.3922],
         [0.3922, 0.3804, 0.3804,  ..., 0.3804, 0.4000, 0.4000],
         [0.4157, 0.3922, 0.3922,  ..., 0.3961, 0.4039, 0.3843],
         ...,
         [0.3882, 0.3961, 0.4000,  ..., 0.4275, 0.4118, 0.3922],
         [0.3843, 0.4157, 0.4275,  ..., 0.4039, 0.4118, 0.3922],
         [0.4392, 0.4118, 0.4078,  ..., 0.4275, 0.4078, 0.4000]]])",0.5671994090080261,0.6625211
"tensor([[[0.4627, 0.4784, 0.4784,  ..., 0.4824, 0.4706, 0.4627],
         [0.4549, 0.4627, 0.4706,  ..., 0.4745, 0.4588, 0.4824],
         [0.4667, 0.4667, 0.4588,  ..., 0.4627, 0.4706, 0.4549],
         ...,
         [0.4471, 0.4941, 0.5098,  ..., 0.4706, 0.4863, 0.4824],
         [0.5059, 0.5059, 0.4745,  ..., 0.4902, 0.4588, 0.4745],
         [0.4902, 0.4784, 0.4706,  ..., 0.4784, 0.4784, 0.4667]]])",0.6129934787750244,0.7105727
"tensor([[[0.4157, 0.4157, 0.3882,  ..., 0.4000, 0.4196, 0.3843],
         [0.3922, 0.4078, 0.4118,  ..., 0.4235, 0.3843, 0.3843],
         [0.3843, 0.3843, 0.4078,  ..., 0.3843, 0.3882, 0.3843],
         ...,
         [0.3922, 0.4196, 0.4314,  ..., 0.3804, 0.3961, 0.3961],
         [0.4118, 0.4078, 0.4039,  ..., 0.4118, 0.3765, 0.3882],
         [0.3922, 0.4118, 0.4235,  ..., 0.4039, 0.4196, 0.3765]]])",0.6346346735954285,0.6712681
"tensor([[[0.4078, 0.3882, 0.3765,  ..., 0.3922, 0.3765, 0.3882],
         [0.3843, 0.3922, 0.3804,  ..., 0.4000, 0.3804, 0.3765],
         [0.3569, 0.3922, 0.3804,  ..., 0.3843, 0.3569, 0.3529],
         ...,
         [0.4000, 0.3961, 0.3843,  ..., 0.3765, 0.3529, 0.3843],
         [0.3843, 0.3804, 0.3882,  ..., 0.3961, 0.3765, 0.3529],
         [0.3765, 0.4039, 0.3843,  ..., 0.3765, 0.3961, 0.3922]]])",0.5878100395202637,0.61417353
"tensor([[[0.3373, 0.3294, 0.3255,  ..., 0.3373, 0.3294, 0.2784],
         [0.3333, 0.3333, 0.3373,  ..., 0.3333, 0.3098, 0.3176],
         [0.3294, 0.3373, 0.3333,  ..., 0.3333, 0.3137, 0.3333],
         ...,
         [0.3333, 0.3216, 0.3294,  ..., 0.3255, 0.3490, 0.3176],
         [0.3216, 0.3451, 0.3333,  ..., 0.3333, 0.3373, 0.3529],
         [0.3529, 0.3216, 0.3137,  ..., 0.3137, 0.3255, 0.3490]]])",0.6685833930969238,0.6907566
"tensor([[[0.4314, 0.4314, 0.4196,  ..., 0.4392, 0.4157, 0.4235],
         [0.4431, 0.4314, 0.4314,  ..., 0.4235, 0.4235, 0.4235],
         [0.4471, 0.4353, 0.4392,  ..., 0.4235, 0.4275, 0.4314],
         ...,
         [0.4235, 0.4314, 0.4353,  ..., 0.4392, 0.4510, 0.4196],
         [0.4275, 0.4353, 0.4314,  ..., 0.4235, 0.4431, 0.4392],
         [0.4431, 0.4235, 0.4196,  ..., 0.4314, 0.4392, 0.4471]]])",0.76335608959198,0.7819333
"tensor([[[0.2902, 0.2980, 0.3059,  ..., 0.3176, 0.3137, 0.3176],
         [0.3059, 0.2980, 0.3020,  ..., 0.3216, 0.3098, 0.2980],
         [0.3137, 0.3137, 0.3098,  ..., 0.3059, 0.3020, 0.3059],
         ...,
         [0.3020, 0.2980, 0.3098,  ..., 0.3059, 0.3020, 0.3059],
         [0.2980, 0.3137, 0.3020,  ..., 0.3137, 0.3098, 0.3098],
         [0.3098, 0.3098, 0.3059,  ..., 0.3059, 0.3137, 0.3137]]])",0.8305562734603882,0.8767049
"tensor([[[0.3843, 0.3804, 0.4078,  ..., 0.4039, 0.3882, 0.3882],
         [0.4000, 0.4078, 0.3961,  ..., 0.3843, 0.4118, 0.4039],
         [0.4275, 0.4196, 0.3961,  ..., 0.3922, 0.3843, 0.3882],
         ...,
         [0.4118, 0.3804, 0.3922,  ..., 0.3804, 0.4000, 0.3922],
         [0.3843, 0.3961, 0.4118,  ..., 0.3961, 0.3804, 0.3843],
         [0.3882, 0.4196, 0.4196,  ..., 0.3804, 0.4000, 0.3961]]])",0.6015340685844421,0.7408594
"tensor([[[0.3529, 0.3529, 0.3725,  ..., 0.3451, 0.3569, 0.3765],
         [0.3882, 0.3686, 0.3529,  ..., 0.3608, 0.3608, 0.3373],
         [0.3647, 0.3765, 0.3647,  ..., 0.3333, 0.3373, 0.3608],
         ...,
         [0.3373, 0.3608, 0.3725,  ..., 0.3373, 0.3647, 0.3765],
         [0.3490, 0.3686, 0.3608,  ..., 0.3412, 0.3294, 0.3490],
         [0.3490, 0.3843, 0.3529,  ..., 0.3412, 0.3451, 0.3373]]])",0.6145281195640564,0.7546456
"tensor([[[0.3804, 0.3882, 0.3765,  ..., 0.3804, 0.3686, 0.3608],
         [0.3804, 0.3882, 0.4000,  ..., 0.3725, 0.3569, 0.3608],
         [0.3922, 0.3765, 0.4000,  ..., 0.3608, 0.3647, 0.3843],
         ...,
         [0.3961, 0.3765, 0.3725,  ..., 0.3608, 0.3882, 0.3843],
         [0.3843, 0.3882, 0.3725,  ..., 0.3569, 0.3608, 0.3725],
         [0.4039, 0.3765, 0.3608,  ..., 0.3490, 0.3569, 0.3569]]])",0.6055089831352234,0.7483619
"tensor([[[0.4157, 0.4078, 0.3882,  ..., 0.3882, 0.4118, 0.3843],
         [0.3882, 0.4196, 0.4039,  ..., 0.4118, 0.3804, 0.3647],
         [0.3922, 0.4000, 0.4157,  ..., 0.3765, 0.3490, 0.3922],
         ...,
         [0.3922, 0.4118, 0.3882,  ..., 0.3843, 0.3843, 0.3882],
         [0.4196, 0.4157, 0.3804,  ..., 0.4039, 0.4039, 0.3725],
         [0.4196, 0.3843, 0.3686,  ..., 0.3765, 0.4078, 0.4118]]])",0.6320286989212036,0.75280833
"tensor([[[0.4078, 0.4196, 0.4235,  ..., 0.4510, 0.4353, 0.3843],
         [0.4118, 0.4157, 0.4118,  ..., 0.4314, 0.3961, 0.3961],
         [0.4196, 0.4118, 0.4000,  ..., 0.3882, 0.3843, 0.3882],
         ...,
         [0.4000, 0.4039, 0.4118,  ..., 0.4000, 0.3922, 0.4118],
         [0.4039, 0.4353, 0.4000,  ..., 0.4000, 0.4000, 0.4000],
         [0.4235, 0.4275, 0.4039,  ..., 0.4196, 0.3882, 0.4000]]])",0.6420981884002686,0.7572739
"tensor([[[0.3020, 0.2980, 0.3020,  ..., 0.3059, 0.3294, 0.3216],
         [0.3137, 0.3059, 0.3059,  ..., 0.3255, 0.3098, 0.2941],
         [0.3020, 0.3098, 0.3020,  ..., 0.3020, 0.3059, 0.2941],
         ...,
         [0.2941, 0.2824, 0.2980,  ..., 0.2980, 0.2980, 0.3059],
         [0.2784, 0.3059, 0.3098,  ..., 0.3059, 0.3020, 0.2863],
         [0.2980, 0.3176, 0.3176,  ..., 0.3255, 0.3137, 0.2941]]])",0.7395750284194946,0.7918108
"tensor([[[0.3333, 0.3333, 0.3490,  ..., 0.3686, 0.3686, 0.3373],
         [0.3451, 0.3373, 0.3451,  ..., 0.3412, 0.3333, 0.3216],
         [0.3373, 0.3451, 0.3569,  ..., 0.3451, 0.3255, 0.3294],
         ...,
         [0.3098, 0.3216, 0.3255,  ..., 0.3451, 0.3412, 0.3412],
         [0.3451, 0.3373, 0.3451,  ..., 0.3529, 0.3529, 0.3451],
         [0.3412, 0.3373, 0.3686,  ..., 0.3490, 0.3529, 0.3608]]])",0.6795168519020081,0.7758297
"tensor([[[0.3529, 0.3608, 0.3843,  ..., 0.3529, 0.3529, 0.3529],
         [0.3529, 0.3529, 0.3569,  ..., 0.3647, 0.3529, 0.3569],
         [0.3529, 0.3412, 0.3569,  ..., 0.3529, 0.3490, 0.3490],
         ...,
         [0.3569, 0.3451, 0.3765,  ..., 0.3608, 0.3725, 0.3686],
         [0.3725, 0.3490, 0.3569,  ..., 0.3490, 0.3451, 0.3647],
         [0.3686, 0.3490, 0.3451,  ..., 0.3529, 0.3725, 0.3451]]])",0.6868897080421448,0.7816817
"tensor([[[0.3882, 0.3843, 0.3804,  ..., 0.3608, 0.3882, 0.4039],
         [0.4000, 0.3765, 0.3804,  ..., 0.3882, 0.3882, 0.3686],
         [0.3843, 0.3843, 0.3922,  ..., 0.3765, 0.3804, 0.3843],
         ...,
         [0.3608, 0.3647, 0.3882,  ..., 0.3804, 0.3804, 0.3725],
         [0.3686, 0.3843, 0.3882,  ..., 0.3922, 0.3804, 0.3882],
         [0.3686, 0.4000, 0.3882,  ..., 0.4000, 0.3882, 0.3725]]])",0.7867757081985474,0.7711855
"tensor([[[0.2784, 0.2706, 0.2667,  ..., 0.2706, 0.2745, 0.2824],
         [0.2863, 0.2745, 0.2667,  ..., 0.2667, 0.2784, 0.2745],
         [0.2745, 0.2824, 0.2784,  ..., 0.2784, 0.2667, 0.2588],
         ...,
         [0.2549, 0.2706, 0.2863,  ..., 0.2784, 0.2745, 0.2667],
         [0.2706, 0.2824, 0.2667,  ..., 0.2706, 0.2745, 0.2824],
         [0.2745, 0.2745, 0.2745,  ..., 0.2745, 0.2667, 0.2627]]])",0.8298550248146057,0.86008716
"tensor([[[0.3059, 0.3059, 0.3098,  ..., 0.3216, 0.3059, 0.3137],
         [0.3059, 0.3098, 0.3059,  ..., 0.2980, 0.3020, 0.3059],
         [0.2980, 0.3098, 0.3020,  ..., 0.2980, 0.3098, 0.3020],
         ...,
         [0.3020, 0.3020, 0.3059,  ..., 0.3137, 0.3059, 0.3098],
         [0.3059, 0.3059, 0.3098,  ..., 0.3098, 0.3098, 0.3059],
         [0.3059, 0.3176, 0.3059,  ..., 0.3059, 0.3098, 0.3059]]])",0.8369356989860535,0.86207926
"tensor([[[0.3647, 0.3647, 0.3686,  ..., 0.3608, 0.3725, 0.3725],
         [0.3686, 0.3647, 0.3725,  ..., 0.3647, 0.3647, 0.3686],
         [0.3922, 0.3647, 0.3765,  ..., 0.3686, 0.3686, 0.3725],
         ...,
         [0.3647, 0.3529, 0.3922,  ..., 0.3608, 0.3804, 0.3882],
         [0.3608, 0.3882, 0.3804,  ..., 0.3529, 0.3686, 0.3765],
         [0.4000, 0.3686, 0.3529,  ..., 0.3725, 0.3765, 0.3804]]])",0.721229076385498,0.7820206
"tensor([[[0.4706, 0.4510, 0.4667,  ..., 0.4510, 0.4471, 0.4510],
         [0.4667, 0.4667, 0.4471,  ..., 0.4431, 0.4471, 0.4627],
         [0.4588, 0.4745, 0.4588,  ..., 0.4549, 0.4627, 0.4784],
         ...,
         [0.4549, 0.4706, 0.4706,  ..., 0.4627, 0.4667, 0.4627],
         [0.4706, 0.4824, 0.4706,  ..., 0.4431, 0.4667, 0.4745],
         [0.4824, 0.4706, 0.4549,  ..., 0.4706, 0.4510, 0.4667]]])",0.7037736773490906,0.77677
"tensor([[[0.4039, 0.4078, 0.3961,  ..., 0.4118, 0.4118, 0.4078],
         [0.4235, 0.4078, 0.4039,  ..., 0.4039, 0.4039, 0.4000],
         [0.4118, 0.4039, 0.4235,  ..., 0.4000, 0.4157, 0.4078],
         ...,
         [0.3765, 0.4118, 0.4275,  ..., 0.3961, 0.4000, 0.4157],
         [0.4235, 0.4314, 0.4157,  ..., 0.4118, 0.3961, 0.4196],
         [0.4275, 0.4196, 0.4078,  ..., 0.4392, 0.4118, 0.3961]]])",0.6727411150932312,0.7696132
"tensor([[[0.3373, 0.3412, 0.3529,  ..., 0.3804, 0.3333, 0.3451],
         [0.3451, 0.3490, 0.3529,  ..., 0.3373, 0.3373, 0.3412],
         [0.3569, 0.3412, 0.3569,  ..., 0.3490, 0.3412, 0.3412],
         ...,
         [0.3451, 0.3490, 0.3569,  ..., 0.3373, 0.3373, 0.3569],
         [0.3686, 0.3451, 0.3725,  ..., 0.3647, 0.3412, 0.3412],
         [0.3412, 0.3569, 0.3451,  ..., 0.3843, 0.3686, 0.3608]]])",0.6427996158599854,0.75967
"tensor([[[0.3686, 0.3608, 0.3686,  ..., 0.3569, 0.3686, 0.3725],
         [0.3686, 0.3608, 0.3843,  ..., 0.3490, 0.3569, 0.3647],
         [0.3725, 0.3686, 0.3647,  ..., 0.3490, 0.3686, 0.3647],
         ...,
         [0.3686, 0.3765, 0.3804,  ..., 0.3686, 0.3725, 0.3569],
         [0.3843, 0.3843, 0.3647,  ..., 0.3569, 0.3725, 0.3765],
         [0.3608, 0.3529, 0.3490,  ..., 0.3804, 0.3725, 0.3804]]])",0.7068284749984741,0.7903788
"tensor([[[0.3333, 0.3333, 0.3412,  ..., 0.3333, 0.3490, 0.3176],
         [0.3333, 0.3294, 0.3412,  ..., 0.3490, 0.3216, 0.3294],
         [0.3490, 0.3373, 0.3373,  ..., 0.3137, 0.3333, 0.3294],
         ...,
         [0.3294, 0.3255, 0.3412,  ..., 0.3451, 0.3412, 0.3294],
         [0.3255, 0.3490, 0.3451,  ..., 0.3216, 0.3451, 0.3569],
         [0.3412, 0.3490, 0.3255,  ..., 0.3412, 0.3294, 0.3490]]])",0.7277548909187317,0.8068529
"tensor([[[0.2824, 0.2745, 0.2863,  ..., 0.2824, 0.2941, 0.2824],
         [0.2824, 0.2863, 0.2745,  ..., 0.2863, 0.2902, 0.2627],
         [0.2784, 0.2863, 0.2784,  ..., 0.2941, 0.2706, 0.2706],
         ...,
         [0.2784, 0.2784, 0.2745,  ..., 0.2667, 0.2902, 0.2706],
         [0.2784, 0.2784, 0.2706,  ..., 0.2863, 0.2627, 0.2824],
         [0.2941, 0.2824, 0.2745,  ..., 0.3020, 0.2824, 0.2745]]])",0.7443361282348633,0.81179166
"tensor([[[0.2157, 0.2235, 0.2196,  ..., 0.2196, 0.2235, 0.2196],
         [0.2235, 0.2157, 0.2275,  ..., 0.2235, 0.2196, 0.2196],
         [0.2392, 0.2235, 0.2196,  ..., 0.2235, 0.2196, 0.2235],
         ...,
         [0.2078, 0.2157, 0.2235,  ..., 0.2314, 0.2196, 0.2078],
         [0.2275, 0.2196, 0.2157,  ..., 0.2275, 0.2275, 0.2275],
         [0.2157, 0.2157, 0.2196,  ..., 0.2235, 0.2275, 0.2235]]])",0.8511261940002441,0.87201846
"tensor([[[0.3686, 0.3765, 0.3843,  ..., 0.3451, 0.3725, 0.3647],
         [0.3686, 0.3804, 0.3765,  ..., 0.3686, 0.3686, 0.3843],
         [0.3647, 0.3647, 0.3765,  ..., 0.3843, 0.3804, 0.3725],
         ...,
         [0.3765, 0.3529, 0.3804,  ..., 0.3922, 0.3882, 0.3569],
         [0.3569, 0.3686, 0.3843,  ..., 0.3529, 0.3922, 0.3843],
         [0.3725, 0.3843, 0.3608,  ..., 0.3725, 0.3686, 0.3882]]])",0.7231839299201965,0.78461343
"tensor([[[0.3333, 0.3333, 0.3333,  ..., 0.3137, 0.3255, 0.3137],
         [0.3333, 0.3333, 0.3373,  ..., 0.3216, 0.3176, 0.3255],
         [0.3255, 0.3294, 0.3294,  ..., 0.3294, 0.3255, 0.3490],
         ...,
         [0.3176, 0.3294, 0.3216,  ..., 0.3412, 0.3333, 0.3373],
         [0.3137, 0.3294, 0.3216,  ..., 0.3255, 0.3255, 0.3294],
         [0.3255, 0.3216, 0.3255,  ..., 0.3373, 0.3490, 0.3216]]])",0.6884878277778625,0.7644141
"tensor([[[0.4000, 0.4039, 0.4039,  ..., 0.3843, 0.4000, 0.3804],
         [0.3882, 0.4000, 0.4039,  ..., 0.4000, 0.3843, 0.3686],
         [0.4078, 0.3961, 0.4039,  ..., 0.3843, 0.3686, 0.4000],
         ...,
         [0.3804, 0.3804, 0.4000,  ..., 0.4078, 0.3922, 0.3765],
         [0.3765, 0.3961, 0.3843,  ..., 0.3961, 0.3961, 0.4039],
         [0.3686, 0.3843, 0.3882,  ..., 0.4118, 0.4039, 0.3804]]])",0.6000869870185852,0.7021077
"tensor([[[0.3843, 0.3765, 0.3725,  ..., 0.3686, 0.3804, 0.3176],
         [0.3725, 0.3804, 0.3804,  ..., 0.3725, 0.3451, 0.3647],
         [0.3843, 0.3882, 0.3843,  ..., 0.3608, 0.3725, 0.3804],
         ...,
         [0.3686, 0.3725, 0.3725,  ..., 0.3725, 0.3765, 0.3451],
         [0.3569, 0.3569, 0.3608,  ..., 0.3529, 0.3529, 0.3765],
         [0.3569, 0.3686, 0.3608,  ..., 0.4157, 0.3686, 0.3804]]])",0.673286497592926,0.73819387
"tensor([[[0.5843, 0.5843, 0.6039,  ..., 0.5804, 0.5765, 0.5765],
         [0.5922, 0.5882, 0.5882,  ..., 0.5765, 0.5843, 0.5961],
         [0.6078, 0.5961, 0.5882,  ..., 0.5804, 0.5961, 0.5804],
         ...,
         [0.5765, 0.5765, 0.5725,  ..., 0.5686, 0.5765, 0.5843],
         [0.5686, 0.5765, 0.5804,  ..., 0.5922, 0.5725, 0.5725],
         [0.6157, 0.5961, 0.5882,  ..., 0.6157, 0.6078, 0.6118]]])",0.7723899483680725,0.8070354
"tensor([[[0.5843, 0.5922, 0.6039,  ..., 0.5765, 0.5686, 0.5725],
         [0.5725, 0.5882, 0.5961,  ..., 0.5843, 0.5765, 0.5843],
         [0.5961, 0.5686, 0.5961,  ..., 0.5804, 0.5882, 0.5922],
         ...,
         [0.5647, 0.5725, 0.5804,  ..., 0.5804, 0.5725, 0.5804],
         [0.5725, 0.5725, 0.5804,  ..., 0.5882, 0.5804, 0.5725],
         [0.6118, 0.6078, 0.5961,  ..., 0.6039, 0.6000, 0.5922]]])",0.7672311067581177,0.79435396
"tensor([[[0.4039, 0.4431, 0.4549,  ..., 0.4471, 0.4157, 0.4353],
         [0.4157, 0.4196, 0.4588,  ..., 0.4353, 0.4196, 0.4392],
         [0.4627, 0.4196, 0.4392,  ..., 0.4353, 0.4314, 0.4431],
         ...,
         [0.4000, 0.4235, 0.4275,  ..., 0.4196, 0.4471, 0.4196],
         [0.4314, 0.4510, 0.4471,  ..., 0.4196, 0.4431, 0.4471],
         [0.4275, 0.4275, 0.4353,  ..., 0.4588, 0.4275, 0.4392]]])",0.6567800641059875,0.77679133
"tensor([[[0.5647, 0.5569, 0.5725,  ..., 0.5686, 0.5647, 0.5647],
         [0.5608, 0.5569, 0.5647,  ..., 0.5569, 0.5647, 0.5608],
         [0.5686, 0.5569, 0.5647,  ..., 0.5686, 0.5647, 0.5608],
         ...,
         [0.5608, 0.5569, 0.5725,  ..., 0.5608, 0.5647, 0.5765],
         [0.5569, 0.5725, 0.5686,  ..., 0.5647, 0.5608, 0.5647],
         [0.5529, 0.5569, 0.5529,  ..., 0.5569, 0.5608, 0.5608]]])",0.8370039463043213,0.8539479
"tensor([[[0.3255, 0.3137, 0.3333,  ..., 0.3216, 0.3294, 0.3294],
         [0.3176, 0.3137, 0.3333,  ..., 0.3216, 0.3255, 0.3255],
         [0.3216, 0.3098, 0.3216,  ..., 0.3137, 0.3255, 0.3216],
         ...,
         [0.3294, 0.3176, 0.3216,  ..., 0.3294, 0.3216, 0.3333],
         [0.3137, 0.3176, 0.3216,  ..., 0.3098, 0.3098, 0.3216],
         [0.3176, 0.3216, 0.3294,  ..., 0.3216, 0.3137, 0.3059]]])",0.8231866955757141,0.8615939
"tensor([[[0.4078, 0.3961, 0.3961,  ..., 0.3765, 0.3765, 0.4039],
         [0.3882, 0.3765, 0.4000,  ..., 0.3804, 0.3804, 0.3843],
         [0.3882, 0.3647, 0.4078,  ..., 0.3725, 0.3725, 0.3922],
         ...,
         [0.3961, 0.3725, 0.3686,  ..., 0.3882, 0.3765, 0.3961],
         [0.3725, 0.3882, 0.3765,  ..., 0.3686, 0.3725, 0.3804],
         [0.4000, 0.3961, 0.4196,  ..., 0.3647, 0.3608, 0.3647]]])",0.6481826901435852,0.7768523
"tensor([[[0.3294, 0.3725, 0.3686,  ..., 0.3451, 0.3529, 0.3490],
         [0.3451, 0.3608, 0.3529,  ..., 0.3412, 0.3412, 0.3451],
         [0.3490, 0.3569, 0.3686,  ..., 0.3373, 0.3333, 0.3569],
         ...,
         [0.3255, 0.3529, 0.3647,  ..., 0.3451, 0.3451, 0.3373],
         [0.3765, 0.3882, 0.3451,  ..., 0.3373, 0.3412, 0.3412],
         [0.3686, 0.3529, 0.3569,  ..., 0.3529, 0.3294, 0.3451]]])",0.6445115804672241,0.7721119
"tensor([[[0.2980, 0.3020, 0.2980,  ..., 0.2902, 0.2941, 0.2784],
         [0.2980, 0.2980, 0.3020,  ..., 0.2784, 0.2824, 0.3020],
         [0.3059, 0.2902, 0.2980,  ..., 0.2863, 0.2902, 0.2941],
         ...,
         [0.2980, 0.3020, 0.3216,  ..., 0.2667, 0.2902, 0.2902],
         [0.3098, 0.3255, 0.2980,  ..., 0.2667, 0.2706, 0.2863],
         [0.3020, 0.3020, 0.2706,  ..., 0.2980, 0.2588, 0.2863]]])",0.6990956664085388,0.7942955
"tensor([[[0.3412, 0.3373, 0.3490,  ..., 0.3373, 0.3333, 0.3294],
         [0.3373, 0.3333, 0.3490,  ..., 0.3294, 0.3333, 0.3294],
         [0.3373, 0.3333, 0.3333,  ..., 0.3216, 0.3176, 0.3216],
         ...,
         [0.3333, 0.3490, 0.3412,  ..., 0.3216, 0.3294, 0.3333],
         [0.3373, 0.3529, 0.3333,  ..., 0.3176, 0.3137, 0.3216],
         [0.3569, 0.3333, 0.3176,  ..., 0.3255, 0.3216, 0.3059]]])",0.7261113524436951,0.79442
"tensor([[[0.3216, 0.3059, 0.3529,  ..., 0.3216, 0.3137, 0.2980],
         [0.3451, 0.3059, 0.3373,  ..., 0.3294, 0.3098, 0.3255],
         [0.3529, 0.3294, 0.3255,  ..., 0.3137, 0.3137, 0.3176],
         ...,
         [0.3137, 0.3490, 0.3176,  ..., 0.2706, 0.3176, 0.3098],
         [0.3373, 0.3137, 0.3216,  ..., 0.2941, 0.3020, 0.3137],
         [0.2980, 0.3216, 0.3137,  ..., 0.2980, 0.3020, 0.3216]]])",0.61079341173172,0.7553855
"tensor([[[0.3020, 0.2902, 0.3137,  ..., 0.3373, 0.3137, 0.2706],
         [0.3216, 0.3020, 0.3255,  ..., 0.3255, 0.2902, 0.2706],
         [0.3216, 0.3294, 0.2941,  ..., 0.3137, 0.2784, 0.2863],
         ...,
         [0.3020, 0.3098, 0.2941,  ..., 0.2706, 0.2824, 0.3137],
         [0.3020, 0.2980, 0.2863,  ..., 0.2824, 0.2706, 0.2902],
         [0.2902, 0.2941, 0.2980,  ..., 0.3059, 0.2824, 0.2863]]])",0.661360502243042,0.7634339
"tensor([[[0.3333, 0.3294, 0.3255,  ..., 0.3412, 0.3412, 0.3137],
         [0.3176, 0.3529, 0.3294,  ..., 0.3451, 0.3176, 0.3137],
         [0.3216, 0.3333, 0.3451,  ..., 0.3255, 0.3216, 0.3255],
         ...,
         [0.3412, 0.3216, 0.3294,  ..., 0.3059, 0.3255, 0.3216],
         [0.3255, 0.3216, 0.3137,  ..., 0.3216, 0.3098, 0.3176],
         [0.3490, 0.3373, 0.3255,  ..., 0.3294, 0.3255, 0.3216]]])",0.6708469390869141,0.7542201
"tensor([[[0.3412, 0.3333, 0.3412,  ..., 0.3412, 0.3451, 0.3294],
         [0.3412, 0.3333, 0.3490,  ..., 0.3294, 0.3333, 0.3412],
         [0.3255, 0.3451, 0.3373,  ..., 0.3294, 0.3451, 0.3294],
         ...,
         [0.3294, 0.3412, 0.3451,  ..., 0.3294, 0.3333, 0.3412],
         [0.3294, 0.3529, 0.3294,  ..., 0.3294, 0.3176, 0.3255],
         [0.3647, 0.3490, 0.3255,  ..., 0.3608, 0.3451, 0.3216]]])",0.6669099926948547,0.76987076
"tensor([[[0.2078, 0.2196, 0.2196,  ..., 0.2039, 0.2118, 0.2235],
         [0.2118, 0.2078, 0.2235,  ..., 0.2078, 0.2157, 0.2157],
         [0.2157, 0.2118, 0.2157,  ..., 0.2078, 0.2196, 0.2118],
         ...,
         [0.2078, 0.2235, 0.2157,  ..., 0.2118, 0.2078, 0.2157],
         [0.2157, 0.2196, 0.2118,  ..., 0.2196, 0.2078, 0.2196],
         [0.2235, 0.2118, 0.2157,  ..., 0.2353, 0.2157, 0.2157]]])",0.8480203747749329,0.88289106
"tensor([[[0.3412, 0.3255, 0.3216,  ..., 0.2980, 0.3176, 0.3294],
         [0.3216, 0.3333, 0.3255,  ..., 0.3294, 0.3255, 0.3020],
         [0.3059, 0.3333, 0.3294,  ..., 0.3137, 0.2863, 0.3098],
         ...,
         [0.3059, 0.3176, 0.3255,  ..., 0.3373, 0.2980, 0.3176],
         [0.3294, 0.3255, 0.3098,  ..., 0.3412, 0.3216, 0.3255],
         [0.3255, 0.2980, 0.3059,  ..., 0.3412, 0.3373, 0.3412]]])",0.6021677851676941,0.67088616
"tensor([[[0.3373, 0.3373, 0.3255,  ..., 0.3451, 0.3294, 0.3412],
         [0.3373, 0.3373, 0.3412,  ..., 0.3451, 0.3333, 0.3137],
         [0.3333, 0.3333, 0.3333,  ..., 0.3137, 0.3098, 0.3176],
         ...,
         [0.3294, 0.3373, 0.3333,  ..., 0.3333, 0.3216, 0.3216],
         [0.3294, 0.3333, 0.3098,  ..., 0.3333, 0.3412, 0.3333],
         [0.3216, 0.3216, 0.3294,  ..., 0.3255, 0.3373, 0.3255]]])",0.7255558371543884,0.72823155
"tensor([[[0.3647, 0.3686, 0.3608,  ..., 0.3686, 0.3569, 0.3529],
         [0.3529, 0.3569, 0.3725,  ..., 0.3843, 0.3490, 0.3725],
         [0.3608, 0.3529, 0.3529,  ..., 0.3451, 0.3725, 0.3412],
         ...,
         [0.3608, 0.3765, 0.3529,  ..., 0.3569, 0.3333, 0.3725],
         [0.3647, 0.3569, 0.3490,  ..., 0.3804, 0.3608, 0.3255],
         [0.3686, 0.3451, 0.3608,  ..., 0.3569, 0.3843, 0.3529]]])",0.6227128505706787,0.72588605
"tensor([[[0.3686, 0.3294, 0.3294,  ..., 0.3216, 0.3137, 0.3216],
         [0.3255, 0.3490, 0.3373,  ..., 0.3255, 0.3490, 0.3176],
         [0.3255, 0.3098, 0.3451,  ..., 0.3686, 0.3137, 0.3608],
         ...,
         [0.3216, 0.3216, 0.3451,  ..., 0.3529, 0.3059, 0.3294],
         [0.3255, 0.3373, 0.3451,  ..., 0.3569, 0.3569, 0.3098],
         [0.3176, 0.3294, 0.3255,  ..., 0.3451, 0.3608, 0.3451]]])",0.5594690442085266,0.69224656
"tensor([[[0.4824, 0.4863, 0.4902,  ..., 0.5333, 0.4784, 0.5059],
         [0.5333, 0.4902, 0.4902,  ..., 0.4745, 0.5098, 0.4980],
         [0.5020, 0.5176, 0.5098,  ..., 0.4784, 0.5020, 0.4784],
         ...,
         [0.4902, 0.4824, 0.4784,  ..., 0.5059, 0.5020, 0.5255],
         [0.4784, 0.4706, 0.4863,  ..., 0.4980, 0.4824, 0.5059],
         [0.4667, 0.4745, 0.5059,  ..., 0.4784, 0.5059, 0.4588]]])",0.5114715099334717,0.6884454
"tensor([[[0.4157, 0.3882, 0.3882,  ..., 0.4196, 0.4118, 0.4039],
         [0.4039, 0.4078, 0.3882,  ..., 0.4000, 0.4196, 0.4078],
         [0.4039, 0.4118, 0.3961,  ..., 0.4157, 0.4157, 0.3843],
         ...,
         [0.4000, 0.4118, 0.3961,  ..., 0.3961, 0.4196, 0.4039],
         [0.4078, 0.3882, 0.3804,  ..., 0.4000, 0.3804, 0.4314],
         [0.3843, 0.3765, 0.3922,  ..., 0.3804, 0.4078, 0.3843]]])",0.5771064162254333,0.71409965
"tensor([[[0.4627, 0.4314, 0.4431,  ..., 0.4118, 0.4902, 0.4471],
         [0.4275, 0.4510, 0.4353,  ..., 0.4784, 0.4392, 0.4471],
         [0.4549, 0.4431, 0.4392,  ..., 0.4510, 0.4588, 0.4706],
         ...,
         [0.4510, 0.4392, 0.4353,  ..., 0.4353, 0.4549, 0.4549],
         [0.4392, 0.4549, 0.4392,  ..., 0.4157, 0.4471, 0.4431],
         [0.4745, 0.4196, 0.4196,  ..., 0.4588, 0.4235, 0.4588]]])",0.5816781520843506,0.69373083
"tensor([[[0.4431, 0.4392, 0.4275,  ..., 0.4078, 0.4588, 0.4235],
         [0.4275, 0.4431, 0.4392,  ..., 0.4353, 0.4275, 0.4431],
         [0.4471, 0.4235, 0.4471,  ..., 0.4431, 0.4471, 0.4510],
         ...,
         [0.4314, 0.4510, 0.4353,  ..., 0.4078, 0.4667, 0.4549],
         [0.4471, 0.4353, 0.4235,  ..., 0.4275, 0.4039, 0.4706],
         [0.4431, 0.4235, 0.4314,  ..., 0.4471, 0.4431, 0.4078]]])",0.5556506514549255,0.6278051
"tensor([[[0.3098, 0.2941, 0.2980,  ..., 0.3098, 0.2980, 0.3020],
         [0.2824, 0.3216, 0.2863,  ..., 0.3020, 0.3137, 0.2863],
         [0.2941, 0.3020, 0.3216,  ..., 0.3255, 0.3098, 0.3333],
         ...,
         [0.2824, 0.2941, 0.2980,  ..., 0.2784, 0.3176, 0.3294],
         [0.3137, 0.2980, 0.3020,  ..., 0.2745, 0.2824, 0.3059],
         [0.3098, 0.2980, 0.3216,  ..., 0.2980, 0.2784, 0.2784]]])",0.5730578899383545,0.7437989
"tensor([[[0.3569, 0.3451, 0.3294,  ..., 0.3412, 0.3647, 0.3804],
         [0.3608, 0.3216, 0.3529,  ..., 0.3608, 0.3843, 0.3647],
         [0.3765, 0.3451, 0.3294,  ..., 0.3843, 0.3686, 0.3569],
         ...,
         [0.3490, 0.3490, 0.3765,  ..., 0.3255, 0.3765, 0.3608],
         [0.3451, 0.3529, 0.3569,  ..., 0.3333, 0.3451, 0.3686],
         [0.3294, 0.3922, 0.3490,  ..., 0.3412, 0.3216, 0.3451]]])",0.561122477054596,0.71311134
"tensor([[[0.3373, 0.3569, 0.3137,  ..., 0.3373, 0.3490, 0.3255],
         [0.3333, 0.3529, 0.3569,  ..., 0.3373, 0.3412, 0.3333],
         [0.3373, 0.3333, 0.3373,  ..., 0.3451, 0.3412, 0.3412],
         ...,
         [0.3373, 0.3451, 0.3373,  ..., 0.3255, 0.3412, 0.3294],
         [0.3451, 0.3412, 0.3255,  ..., 0.3412, 0.3294, 0.3373],
         [0.3490, 0.3373, 0.3294,  ..., 0.3255, 0.3255, 0.3373]]])",0.6898161172866821,0.7484343
"tensor([[[0.3529, 0.2980, 0.3137,  ..., 0.3451, 0.3098, 0.3373],
         [0.3765, 0.3529, 0.3176,  ..., 0.3137, 0.3490, 0.3529],
         [0.3373, 0.3569, 0.3490,  ..., 0.3529, 0.3608, 0.3569],
         ...,
         [0.3608, 0.3647, 0.3373,  ..., 0.3490, 0.3333, 0.3373],
         [0.3725, 0.3412, 0.3294,  ..., 0.3647, 0.3647, 0.3412],
         [0.3451, 0.3373, 0.3137,  ..., 0.3059, 0.3608, 0.3529]]])",0.6129765510559082,0.72515076
"tensor([[[0.2627, 0.2510, 0.2902,  ..., 0.2667, 0.2784, 0.2706],
         [0.2941, 0.2510, 0.2706,  ..., 0.2706, 0.2784, 0.2863],
         [0.2863, 0.2784, 0.2667,  ..., 0.2902, 0.2941, 0.3020],
         ...,
         [0.2824, 0.2784, 0.2588,  ..., 0.2902, 0.2706, 0.2706],
         [0.2824, 0.2784, 0.2510,  ..., 0.2941, 0.2902, 0.2745],
         [0.2667, 0.2549, 0.2510,  ..., 0.2667, 0.3020, 0.2902]]])",0.7213385105133057,0.7710352
"tensor([[[0.4157, 0.3882, 0.4431,  ..., 0.4196, 0.4235, 0.4353],
         [0.4196, 0.3961, 0.4275,  ..., 0.4078, 0.4431, 0.4392],
         [0.4392, 0.4196, 0.4000,  ..., 0.4392, 0.4588, 0.4510],
         ...,
         [0.4392, 0.4196, 0.4157,  ..., 0.4471, 0.4510, 0.4196],
         [0.4118, 0.4314, 0.4157,  ..., 0.4314, 0.4471, 0.4510],
         [0.4314, 0.4235, 0.4314,  ..., 0.4431, 0.4353, 0.4392]]])",0.6008335947990417,0.73465043
"tensor([[[0.3490, 0.3333, 0.3765,  ..., 0.3490, 0.3725, 0.3608],
         [0.3608, 0.3529, 0.3569,  ..., 0.3765, 0.3608, 0.3608],
         [0.3608, 0.3529, 0.3529,  ..., 0.3529, 0.3569, 0.3725],
         ...,
         [0.3490, 0.3412, 0.3608,  ..., 0.3725, 0.3686, 0.3725],
         [0.3451, 0.3608, 0.3843,  ..., 0.3608, 0.3686, 0.3608],
         [0.3569, 0.3725, 0.3725,  ..., 0.3490, 0.3647, 0.3804]]])",0.6365475058555603,0.7410525
"tensor([[[0.2627, 0.2510, 0.2941,  ..., 0.2706, 0.2824, 0.2706],
         [0.2745, 0.2431, 0.2667,  ..., 0.2667, 0.2667, 0.2627],
         [0.2784, 0.2549, 0.2510,  ..., 0.2784, 0.2667, 0.2784],
         ...,
         [0.2471, 0.2588, 0.2745,  ..., 0.2627, 0.2706, 0.2902],
         [0.2549, 0.2824, 0.2627,  ..., 0.2627, 0.2745, 0.2706],
         [0.2784, 0.2745, 0.2627,  ..., 0.2392, 0.2627, 0.2824]]])",0.6399825811386108,0.7361146
"tensor([[[0.3490, 0.3333, 0.3412,  ..., 0.3569, 0.3686, 0.3412],
         [0.3529, 0.3451, 0.3569,  ..., 0.3608, 0.3647, 0.3451],
         [0.3451, 0.3294, 0.3490,  ..., 0.3725, 0.3529, 0.3569],
         ...,
         [0.3569, 0.3529, 0.3412,  ..., 0.3569, 0.3686, 0.3569],
         [0.3451, 0.3412, 0.3569,  ..., 0.3294, 0.3569, 0.3725],
         [0.3490, 0.3608, 0.3608,  ..., 0.3451, 0.3412, 0.3529]]])",0.6965884566307068,0.7487753
"tensor([[[0.3098, 0.3098, 0.3333,  ..., 0.3373, 0.3216, 0.3373],
         [0.3137, 0.3137, 0.3137,  ..., 0.3255, 0.3333, 0.3333],
         [0.3216, 0.3020, 0.3255,  ..., 0.3294, 0.3294, 0.3294],
         ...,
         [0.3255, 0.3294, 0.3098,  ..., 0.3137, 0.3216, 0.3294],
         [0.3059, 0.3176, 0.3137,  ..., 0.3294, 0.3098, 0.3020],
         [0.3176, 0.3137, 0.3216,  ..., 0.3294, 0.3490, 0.3098]]])",0.6971686482429504,0.7405914
"tensor([[[0.3922, 0.3529, 0.3686,  ..., 0.3843, 0.3725, 0.3725],
         [0.4000, 0.3961, 0.3608,  ..., 0.3725, 0.3804, 0.3765],
         [0.3647, 0.3882, 0.3725,  ..., 0.3843, 0.3804, 0.3843],
         ...,
         [0.3882, 0.3725, 0.3686,  ..., 0.3647, 0.3686, 0.3686],
         [0.3765, 0.3529, 0.3608,  ..., 0.3647, 0.3725, 0.3529],
         [0.3608, 0.3569, 0.3529,  ..., 0.3725, 0.3843, 0.3686]]])",0.6546428799629211,0.6676146
"tensor([[[0.3843, 0.3451, 0.3412,  ..., 0.3412, 0.3255, 0.3412],
         [0.3922, 0.3765, 0.3294,  ..., 0.3333, 0.3686, 0.3529],
         [0.3451, 0.3843, 0.3333,  ..., 0.3725, 0.3569, 0.3686],
         ...,
         [0.3569, 0.3412, 0.3451,  ..., 0.3529, 0.3373, 0.3216],
         [0.3647, 0.3451, 0.3294,  ..., 0.3294, 0.3451, 0.3333],
         [0.3451, 0.3020, 0.3059,  ..., 0.3569, 0.3412, 0.3529]]])",0.6098097562789917,0.71409047
"tensor([[[0.3059, 0.3098, 0.2941,  ..., 0.2824, 0.2706, 0.2941],
         [0.3059, 0.2980, 0.2941,  ..., 0.2784, 0.2941, 0.2941],
         [0.2902, 0.2902, 0.2863,  ..., 0.2941, 0.3059, 0.2980],
         ...,
         [0.2824, 0.2863, 0.2902,  ..., 0.2745, 0.2941, 0.2863],
         [0.2902, 0.2980, 0.2824,  ..., 0.2745, 0.2667, 0.3059],
         [0.3020, 0.2667, 0.2902,  ..., 0.3098, 0.2706, 0.2667]]])",0.726227879524231,0.7837707
"tensor([[[0.2314, 0.2196, 0.2235,  ..., 0.2235, 0.2196, 0.2235],
         [0.2275, 0.2235, 0.2235,  ..., 0.2235, 0.2157, 0.2157],
         [0.2196, 0.2275, 0.2157,  ..., 0.2157, 0.2157, 0.2275],
         ...,
         [0.2196, 0.2275, 0.2157,  ..., 0.2157, 0.2235, 0.2157],
         [0.2235, 0.2196, 0.2157,  ..., 0.2118, 0.2118, 0.2196],
         [0.2118, 0.2235, 0.2275,  ..., 0.2157, 0.2118, 0.2196]]])",0.836762547492981,0.8621033
"tensor([[[0.2392, 0.2431, 0.2275,  ..., 0.2510, 0.2392, 0.2392],
         [0.2588, 0.2510, 0.2314,  ..., 0.2275, 0.2431, 0.2471],
         [0.2392, 0.2471, 0.2510,  ..., 0.2314, 0.2510, 0.2353],
         ...,
         [0.2471, 0.2275, 0.2235,  ..., 0.2353, 0.2314, 0.2510],
         [0.2314, 0.2392, 0.2510,  ..., 0.2118, 0.2235, 0.2392],
         [0.2314, 0.2510, 0.2431,  ..., 0.2431, 0.2314, 0.2392]]])",0.7085015177726746,0.76574683
"tensor([[[0.3059, 0.3059, 0.2980,  ..., 0.3020, 0.3294, 0.3176],
         [0.3255, 0.2941, 0.3059,  ..., 0.3216, 0.3216, 0.3020],
         [0.3216, 0.3216, 0.3020,  ..., 0.3176, 0.3059, 0.2902],
         ...,
         [0.3059, 0.2863, 0.2941,  ..., 0.2784, 0.2863, 0.3294],
         [0.2980, 0.3059, 0.3137,  ..., 0.3137, 0.2824, 0.2824],
         [0.2902, 0.2980, 0.3137,  ..., 0.3333, 0.2980, 0.2941]]])",0.6855900883674622,0.7731043
"tensor([[[0.4235, 0.4118, 0.3922,  ..., 0.3882, 0.4353, 0.4118],
         [0.3922, 0.4078, 0.4078,  ..., 0.4118, 0.4118, 0.4000],
         [0.4118, 0.4000, 0.4078,  ..., 0.4196, 0.4078, 0.4039],
         ...,
         [0.4000, 0.4000, 0.4000,  ..., 0.3961, 0.3725, 0.4157],
         [0.4078, 0.4000, 0.4078,  ..., 0.4235, 0.4078, 0.3647],
         [0.3882, 0.3961, 0.4039,  ..., 0.4196, 0.4235, 0.4275]]])",0.6900604963302612,0.7810146
"tensor([[[0.3647, 0.3647, 0.3373,  ..., 0.3647, 0.3608, 0.3725],
         [0.3686, 0.3725, 0.3569,  ..., 0.3647, 0.3608, 0.3529],
         [0.3725, 0.3686, 0.3804,  ..., 0.3608, 0.3686, 0.3647],
         ...,
         [0.3608, 0.3412, 0.3686,  ..., 0.3725, 0.3569, 0.3373],
         [0.3451, 0.3569, 0.3569,  ..., 0.3765, 0.3725, 0.3569],
         [0.3490, 0.3569, 0.3647,  ..., 0.3608, 0.3882, 0.3725]]])",0.6519433259963989,0.74374735
"tensor([[[0.3373, 0.3333, 0.3529,  ..., 0.3333, 0.3255, 0.3529],
         [0.3490, 0.3451, 0.3412,  ..., 0.3333, 0.3451, 0.3490],
         [0.3373, 0.3647, 0.3490,  ..., 0.3490, 0.3490, 0.3529],
         ...,
         [0.3490, 0.3294, 0.3294,  ..., 0.3490, 0.3333, 0.3569],
         [0.3216, 0.3294, 0.3333,  ..., 0.3569, 0.3490, 0.3255],
         [0.3373, 0.3412, 0.3529,  ..., 0.3373, 0.3725, 0.3333]]])",0.6583320498466492,0.7665746
"tensor([[[0.3725, 0.3922, 0.3647,  ..., 0.3451, 0.3647, 0.3922],
         [0.3608, 0.3843, 0.3804,  ..., 0.3608, 0.3804, 0.3765],
         [0.3412, 0.3647, 0.3804,  ..., 0.3647, 0.3804, 0.3961],
         ...,
         [0.3765, 0.3333, 0.3412,  ..., 0.3686, 0.3647, 0.3882],
         [0.3490, 0.3255, 0.3765,  ..., 0.3686, 0.3804, 0.3686],
         [0.3333, 0.3725, 0.3922,  ..., 0.3608, 0.3765, 0.3647]]])",0.585299015045166,0.6595422
"tensor([[[0.3686, 0.3843, 0.3804,  ..., 0.3490, 0.3647, 0.3686],
         [0.3451, 0.3608, 0.3725,  ..., 0.3529, 0.3608, 0.3647],
         [0.3412, 0.3451, 0.3686,  ..., 0.3529, 0.3804, 0.3725],
         ...,
         [0.3490, 0.3569, 0.3373,  ..., 0.3490, 0.3569, 0.3608],
         [0.3529, 0.3451, 0.3373,  ..., 0.3451, 0.3686, 0.3765],
         [0.3137, 0.3373, 0.3725,  ..., 0.3647, 0.3647, 0.3686]]])",0.6278755068778992,0.75356984
"tensor([[[0.3020, 0.2941, 0.3020,  ..., 0.2784, 0.2902, 0.2902],
         [0.2784, 0.2863, 0.2980,  ..., 0.2745, 0.2980, 0.3020],
         [0.3137, 0.2824, 0.2863,  ..., 0.3098, 0.2941, 0.2902],
         ...,
         [0.2784, 0.2863, 0.2980,  ..., 0.2706, 0.2863, 0.3020],
         [0.2902, 0.2863, 0.2941,  ..., 0.2980, 0.2745, 0.2863],
         [0.3020, 0.2863, 0.2863,  ..., 0.2941, 0.3098, 0.3137]]])",0.764574408531189,0.8128778
"tensor([[[0.2784, 0.2706, 0.2667,  ..., 0.2667, 0.2745, 0.2745],
         [0.2706, 0.2706, 0.2706,  ..., 0.2667, 0.2784, 0.2784],
         [0.2784, 0.2784, 0.2824,  ..., 0.2784, 0.2706, 0.2784],
         ...,
         [0.2667, 0.2745, 0.2784,  ..., 0.2706, 0.2706, 0.2745],
         [0.2745, 0.2784, 0.2706,  ..., 0.2706, 0.2667, 0.2667],
         [0.2784, 0.2706, 0.2706,  ..., 0.2784, 0.2824, 0.2745]]])",0.8820616006851196,0.8683895
"tensor([[[0.2392, 0.2392, 0.2510,  ..., 0.2471, 0.2353, 0.2431],
         [0.2392, 0.2510, 0.2392,  ..., 0.2392, 0.2431, 0.2588],
         [0.2471, 0.2588, 0.2471,  ..., 0.2431, 0.2510, 0.2667],
         ...,
         [0.2314, 0.2471, 0.2549,  ..., 0.2471, 0.2549, 0.2431],
         [0.2392, 0.2510, 0.2353,  ..., 0.2196, 0.2510, 0.2431],
         [0.2510, 0.2627, 0.2510,  ..., 0.2353, 0.2353, 0.2627]]])",0.729364275932312,0.7950333
"tensor([[[0.2510, 0.2510, 0.2706,  ..., 0.2588, 0.2431, 0.2510],
         [0.2549, 0.2549, 0.2510,  ..., 0.2549, 0.2431, 0.2745],
         [0.2471, 0.2588, 0.2588,  ..., 0.2314, 0.2784, 0.2471],
         ...,
         [0.2510, 0.2471, 0.2510,  ..., 0.2353, 0.2588, 0.2549],
         [0.2392, 0.2588, 0.2549,  ..., 0.2471, 0.2431, 0.2549],
         [0.2549, 0.2627, 0.2549,  ..., 0.2549, 0.2471, 0.2667]]])",0.7426023483276367,0.7797098
"tensor([[[0.3804, 0.3608, 0.3686,  ..., 0.3608, 0.3725, 0.3608],
         [0.3608, 0.3725, 0.3882,  ..., 0.3686, 0.3765, 0.3529],
         [0.3725, 0.3647, 0.3765,  ..., 0.3804, 0.3686, 0.3686],
         ...,
         [0.3647, 0.3686, 0.3608,  ..., 0.3804, 0.3529, 0.3451],
         [0.3608, 0.3608, 0.3686,  ..., 0.3608, 0.3804, 0.3686],
         [0.3608, 0.3765, 0.3647,  ..., 0.3490, 0.3647, 0.3843]]])",0.7254396080970764,0.7571904
"tensor([[[0.2980, 0.2902, 0.2863,  ..., 0.2863, 0.2863, 0.2706],
         [0.2863, 0.2980, 0.2980,  ..., 0.2863, 0.2863, 0.2980],
         [0.2941, 0.2863, 0.2902,  ..., 0.2902, 0.2902, 0.2902],
         ...,
         [0.2941, 0.2941, 0.2824,  ..., 0.2902, 0.2863, 0.2784],
         [0.2706, 0.2784, 0.2784,  ..., 0.2863, 0.2902, 0.2902],
         [0.2902, 0.2941, 0.2980,  ..., 0.2784, 0.2824, 0.3020]]])",0.7553491592407227,0.79963833
"tensor([[[0.2667, 0.2667, 0.2706,  ..., 0.2627, 0.2667, 0.2549],
         [0.2549, 0.2706, 0.2784,  ..., 0.2667, 0.2667, 0.2706],
         [0.2863, 0.2745, 0.2706,  ..., 0.2627, 0.2627, 0.2745],
         ...,
         [0.2588, 0.2824, 0.2706,  ..., 0.2667, 0.2706, 0.2667],
         [0.2627, 0.2627, 0.2588,  ..., 0.2510, 0.2471, 0.2824],
         [0.2784, 0.2627, 0.2863,  ..., 0.2549, 0.2314, 0.2549]]])",0.6465663313865662,0.75927466
"tensor([[[0.3098, 0.3176, 0.3412,  ..., 0.3059, 0.3137, 0.3373],
         [0.3333, 0.3098, 0.3294,  ..., 0.3216, 0.3333, 0.3176],
         [0.3333, 0.3255, 0.3294,  ..., 0.3216, 0.3098, 0.2863],
         ...,
         [0.3255, 0.3020, 0.3098,  ..., 0.2980, 0.3255, 0.3176],
         [0.3255, 0.3333, 0.3255,  ..., 0.3059, 0.2980, 0.3020],
         [0.3255, 0.3137, 0.3373,  ..., 0.3137, 0.2941, 0.2863]]])",0.6205759048461914,0.7598113
"tensor([[[0.2588, 0.2627, 0.2667,  ..., 0.2549, 0.2471, 0.2667],
         [0.2588, 0.2588, 0.2667,  ..., 0.2510, 0.2745, 0.2667],
         [0.2745, 0.2627, 0.2667,  ..., 0.2549, 0.2549, 0.2471],
         ...,
         [0.2824, 0.2706, 0.2588,  ..., 0.2588, 0.2549, 0.2745],
         [0.2549, 0.2549, 0.2667,  ..., 0.2627, 0.2353, 0.2431],
         [0.2588, 0.2627, 0.2588,  ..., 0.2353, 0.2667, 0.2549]]])",0.7361996173858643,0.80412704
"tensor([[[0.3569, 0.3569, 0.3647,  ..., 0.3490, 0.3529, 0.3412],
         [0.3569, 0.3490, 0.3569,  ..., 0.3412, 0.3490, 0.3529],
         [0.3608, 0.3451, 0.3608,  ..., 0.3569, 0.3412, 0.3490],
         ...,
         [0.3569, 0.3412, 0.3490,  ..., 0.3490, 0.3490, 0.3529],
         [0.3333, 0.3569, 0.3451,  ..., 0.3294, 0.3451, 0.3529],
         [0.3490, 0.3529, 0.3490,  ..., 0.3176, 0.3451, 0.3412]]])",0.6985561847686768,0.8014436
"tensor([[[0.2784, 0.2745, 0.2902,  ..., 0.2784, 0.2784, 0.2706],
         [0.2784, 0.2824, 0.2824,  ..., 0.2784, 0.2745, 0.2588],
         [0.2627, 0.2667, 0.2824,  ..., 0.2784, 0.2627, 0.2706],
         ...,
         [0.2745, 0.2706, 0.2706,  ..., 0.2667, 0.2784, 0.2824],
         [0.2824, 0.2784, 0.2784,  ..., 0.2667, 0.2627, 0.2824],
         [0.2667, 0.2667, 0.2588,  ..., 0.2784, 0.2627, 0.2824]]])",0.7477747201919556,0.7868259
"tensor([[[0.3882, 0.3843, 0.3882,  ..., 0.3882, 0.3725, 0.3765],
         [0.3765, 0.4000, 0.3882,  ..., 0.3804, 0.3843, 0.3804],
         [0.3686, 0.3765, 0.3882,  ..., 0.3765, 0.3804, 0.3765],
         ...,
         [0.3529, 0.3804, 0.3961,  ..., 0.3765, 0.3882, 0.3765],
         [0.3961, 0.4000, 0.3765,  ..., 0.3804, 0.3804, 0.3686],
         [0.3961, 0.3608, 0.3765,  ..., 0.3843, 0.3804, 0.3882]]])",0.5996199250221252,0.7540954
"tensor([[[0.3451, 0.3373, 0.3333,  ..., 0.3569, 0.3529, 0.3451],
         [0.3529, 0.3529, 0.3608,  ..., 0.3647, 0.3373, 0.3569],
         [0.3451, 0.3412, 0.3451,  ..., 0.3490, 0.3529, 0.3490],
         ...,
         [0.3529, 0.3451, 0.3765,  ..., 0.3490, 0.3490, 0.3569],
         [0.3608, 0.3333, 0.3569,  ..., 0.3451, 0.3686, 0.3490],
         [0.3176, 0.3490, 0.3608,  ..., 0.3451, 0.3725, 0.3451]]])",0.6141319870948792,0.73733026
"tensor([[[0.4353, 0.4235, 0.4157,  ..., 0.4392, 0.4235, 0.4627],
         [0.4353, 0.4431, 0.4471,  ..., 0.4549, 0.4627, 0.4588],
         [0.4392, 0.4196, 0.4471,  ..., 0.4510, 0.4275, 0.4275],
         ...,
         [0.4275, 0.4314, 0.4510,  ..., 0.4431, 0.4549, 0.4392],
         [0.4196, 0.4118, 0.4431,  ..., 0.4392, 0.4510, 0.4353],
         [0.4118, 0.4392, 0.4588,  ..., 0.4549, 0.4627, 0.4902]]])",0.6108765006065369,0.72508955
"tensor([[[0.4275, 0.4235, 0.4000,  ..., 0.4196, 0.4275, 0.4392],
         [0.4196, 0.4392, 0.4157,  ..., 0.4353, 0.4353, 0.4353],
         [0.4157, 0.4078, 0.4314,  ..., 0.4314, 0.4235, 0.4235],
         ...,
         [0.4039, 0.4000, 0.4196,  ..., 0.4392, 0.4431, 0.4235],
         [0.4157, 0.4196, 0.4314,  ..., 0.4196, 0.4510, 0.4314],
         [0.4118, 0.4275, 0.4196,  ..., 0.4235, 0.4353, 0.4588]]])",0.6904147267341614,0.76017165
"tensor([[[0.3569, 0.3569, 0.3569,  ..., 0.3647, 0.3882, 0.3686],
         [0.3686, 0.3647, 0.3569,  ..., 0.3765, 0.3686, 0.3804],
         [0.3647, 0.3686, 0.3608,  ..., 0.3725, 0.3725, 0.3765],
         ...,
         [0.3333, 0.3451, 0.3608,  ..., 0.3804, 0.3882, 0.3882],
         [0.3608, 0.3804, 0.3725,  ..., 0.3608, 0.3882, 0.3765],
         [0.3843, 0.3686, 0.3569,  ..., 0.3647, 0.3804, 0.3647]]])",0.6295405626296997,0.72428334
"tensor([[[0.2706, 0.2667, 0.2784,  ..., 0.2824, 0.2745, 0.2824],
         [0.2863, 0.2588, 0.2667,  ..., 0.2706, 0.2824, 0.2667],
         [0.2784, 0.2824, 0.2784,  ..., 0.2784, 0.2745, 0.2667],
         ...,
         [0.2667, 0.2627, 0.2824,  ..., 0.2745, 0.2863, 0.2902],
         [0.2667, 0.2784, 0.2824,  ..., 0.2706, 0.2863, 0.2745],
         [0.2745, 0.2745, 0.2824,  ..., 0.2588, 0.2745, 0.2745]]])",0.6717172265052795,0.7693205
"tensor([[[0.2314, 0.2784, 0.2627,  ..., 0.2667, 0.2627, 0.2510],
         [0.2510, 0.2392, 0.2706,  ..., 0.2706, 0.2510, 0.2588],
         [0.2627, 0.2471, 0.2431,  ..., 0.2549, 0.2510, 0.2627],
         ...,
         [0.2627, 0.2471, 0.2392,  ..., 0.2627, 0.2745, 0.2824],
         [0.2392, 0.2510, 0.2510,  ..., 0.2627, 0.2667, 0.2745],
         [0.2667, 0.2510, 0.2706,  ..., 0.2706, 0.2745, 0.2627]]])",0.6820181012153625,0.6733968
"tensor([[[0.3608, 0.3216, 0.3451,  ..., 0.3490, 0.3490, 0.3490],
         [0.3451, 0.3373, 0.3294,  ..., 0.3529, 0.3333, 0.3529],
         [0.3490, 0.3373, 0.3490,  ..., 0.3294, 0.3647, 0.3529],
         ...,
         [0.3569, 0.3490, 0.3490,  ..., 0.3333, 0.3529, 0.3294],
         [0.3608, 0.3529, 0.3451,  ..., 0.3373, 0.3373, 0.3686],
         [0.3412, 0.3373, 0.3412,  ..., 0.3961, 0.3294, 0.3490]]])",0.6000986695289612,0.6196729
"tensor([[[0.3255, 0.3490, 0.3255,  ..., 0.3529, 0.3255, 0.3373],
         [0.3255, 0.3137, 0.3451,  ..., 0.3255, 0.3333, 0.3176],
         [0.3333, 0.3255, 0.3098,  ..., 0.3373, 0.3255, 0.3176],
         ...,
         [0.3373, 0.3412, 0.3294,  ..., 0.3294, 0.3216, 0.3176],
         [0.3490, 0.3255, 0.3216,  ..., 0.3333, 0.3255, 0.3255],
         [0.3216, 0.3255, 0.3412,  ..., 0.3451, 0.3412, 0.3216]]])",0.6118208765983582,0.6728317
"tensor([[[0.3686, 0.3686, 0.3373,  ..., 0.3529, 0.3686, 0.3765],
         [0.3294, 0.3608, 0.3608,  ..., 0.3608, 0.3451, 0.3373],
         [0.3569, 0.3412, 0.3529,  ..., 0.3333, 0.3529, 0.3647],
         ...,
         [0.3569, 0.3608, 0.3569,  ..., 0.3490, 0.3412, 0.3451],
         [0.3686, 0.3569, 0.3490,  ..., 0.3686, 0.3569, 0.3529],
         [0.3569, 0.3529, 0.3529,  ..., 0.3608, 0.3647, 0.3608]]])",0.6480552554130554,0.67458534
"tensor([[[0.3255, 0.3137, 0.2902,  ..., 0.3059, 0.3176, 0.3255],
         [0.3098, 0.3176, 0.3137,  ..., 0.3294, 0.3098, 0.2941],
         [0.3098, 0.3098, 0.3216,  ..., 0.2980, 0.2980, 0.3020],
         ...,
         [0.3059, 0.3137, 0.3137,  ..., 0.3059, 0.3137, 0.2902],
         [0.3176, 0.3176, 0.3059,  ..., 0.3137, 0.3176, 0.3137],
         [0.3176, 0.3020, 0.2941,  ..., 0.3216, 0.3098, 0.3216]]])",0.719002902507782,0.7256589
"tensor([[[0.3922, 0.4078, 0.4118,  ..., 0.3725, 0.3882, 0.3882],
         [0.3882, 0.3804, 0.4157,  ..., 0.3922, 0.3882, 0.3961],
         [0.3922, 0.3804, 0.3765,  ..., 0.3765, 0.3843, 0.3882],
         ...,
         [0.3608, 0.3843, 0.4078,  ..., 0.3882, 0.4078, 0.4000],
         [0.3804, 0.4039, 0.3961,  ..., 0.3922, 0.3922, 0.4157],
         [0.3725, 0.4000, 0.3961,  ..., 0.4235, 0.3804, 0.4039]]])",0.6432507634162903,0.63182044
"tensor([[[0.3608, 0.3843, 0.3373,  ..., 0.3451, 0.3490, 0.3373],
         [0.3569, 0.3804, 0.3725,  ..., 0.3333, 0.3255, 0.3451],
         [0.3725, 0.3608, 0.3843,  ..., 0.3569, 0.3647, 0.3608],
         ...,
         [0.3569, 0.3765, 0.3137,  ..., 0.3529, 0.3647, 0.3725],
         [0.3804, 0.3608, 0.3216,  ..., 0.3608, 0.3529, 0.3608],
         [0.3804, 0.3412, 0.3490,  ..., 0.3882, 0.3647, 0.3686]]])",0.5971623659133911,0.6576457
"tensor([[[0.3451, 0.3451, 0.3529,  ..., 0.3059, 0.3255, 0.3490],
         [0.3569, 0.3451, 0.3373,  ..., 0.3373, 0.3647, 0.3725],
         [0.3176, 0.3529, 0.3216,  ..., 0.3725, 0.3451, 0.3255],
         ...,
         [0.3255, 0.3176, 0.3373,  ..., 0.3569, 0.3490, 0.3765],
         [0.3294, 0.3490, 0.3490,  ..., 0.3412, 0.3608, 0.3373],
         [0.3098, 0.3490, 0.3490,  ..., 0.3294, 0.3412, 0.3686]]])",0.5898870825767517,0.6460824
"tensor([[[0.4431, 0.4314, 0.4392,  ..., 0.4353, 0.4275, 0.4510],
         [0.4353, 0.4078, 0.4275,  ..., 0.4392, 0.4471, 0.4196],
         [0.4314, 0.4314, 0.4235,  ..., 0.4314, 0.4196, 0.4235],
         ...,
         [0.4471, 0.4275, 0.4353,  ..., 0.4588, 0.4431, 0.4549],
         [0.4235, 0.4235, 0.4549,  ..., 0.4275, 0.4392, 0.4235],
         [0.4078, 0.4549, 0.4588,  ..., 0.4353, 0.4314, 0.4353]]])",0.6111748814582825,0.6640306
"tensor([[[0.3176, 0.3373, 0.3647,  ..., 0.3490, 0.3333, 0.3216],
         [0.3098, 0.2980, 0.3373,  ..., 0.3137, 0.3216, 0.3333],
         [0.3451, 0.3020, 0.3176,  ..., 0.3294, 0.3529, 0.3529],
         ...,
         [0.3451, 0.3294, 0.3373,  ..., 0.3373, 0.3412, 0.3647],
         [0.3412, 0.3412, 0.3569,  ..., 0.3451, 0.3255, 0.3176],
         [0.3333, 0.3373, 0.3686,  ..., 0.3451, 0.3451, 0.3333]]])",0.5732916593551636,0.6678855
"tensor([[[0.2902, 0.3176, 0.3059,  ..., 0.2941, 0.3020, 0.3176],
         [0.3059, 0.3059, 0.3137,  ..., 0.2980, 0.3098, 0.3216],
         [0.3176, 0.3137, 0.3294,  ..., 0.3176, 0.3294, 0.3059],
         ...,
         [0.3294, 0.3255, 0.3176,  ..., 0.3176, 0.3255, 0.3373],
         [0.3137, 0.3137, 0.3059,  ..., 0.3451, 0.3137, 0.3255],
         [0.3216, 0.3176, 0.3059,  ..., 0.3059, 0.3294, 0.2902]]])",0.6222459673881531,0.6817475
"tensor([[[0.2118, 0.2078, 0.2118,  ..., 0.2196, 0.2078, 0.2078],
         [0.2118, 0.2118, 0.2157,  ..., 0.2039, 0.2000, 0.2157],
         [0.2039, 0.2118, 0.2078,  ..., 0.2000, 0.2196, 0.2157],
         ...,
         [0.2000, 0.2196, 0.2078,  ..., 0.2118, 0.2157, 0.2157],
         [0.2118, 0.2118, 0.2118,  ..., 0.2078, 0.2118, 0.2157],
         [0.2157, 0.2039, 0.2039,  ..., 0.2118, 0.2039, 0.2078]]])",0.883783221244812,0.86059266
"tensor([[[0.3176, 0.3137, 0.3176,  ..., 0.3176, 0.3137, 0.3098],
         [0.3255, 0.3137, 0.3176,  ..., 0.3098, 0.3137, 0.3216],
         [0.3176, 0.3137, 0.3137,  ..., 0.3098, 0.3216, 0.3137],
         ...,
         [0.3137, 0.3137, 0.3176,  ..., 0.3137, 0.3176, 0.3176],
         [0.3137, 0.3216, 0.3098,  ..., 0.3137, 0.3137, 0.3176],
         [0.3216, 0.3137, 0.3176,  ..., 0.3176, 0.3137, 0.3176]]])",0.9230071306228638,0.91540325
"tensor([[[0.2706, 0.2667, 0.2863,  ..., 0.2706, 0.2706, 0.2824],
         [0.2784, 0.2745, 0.2706,  ..., 0.2706, 0.2745, 0.2706],
         [0.2706, 0.2745, 0.2784,  ..., 0.2627, 0.2667, 0.2745],
         ...,
         [0.2706, 0.2706, 0.2784,  ..., 0.2745, 0.2667, 0.2706],
         [0.2784, 0.2706, 0.2824,  ..., 0.2784, 0.2745, 0.2667],
         [0.2745, 0.2706, 0.2784,  ..., 0.2706, 0.2784, 0.2745]]])",0.8788015246391296,0.8663188
"tensor([[[0.3412, 0.3490, 0.3686,  ..., 0.3294, 0.3294, 0.3412],
         [0.3569, 0.3255, 0.3490,  ..., 0.3333, 0.3294, 0.3529],
         [0.3412, 0.3608, 0.3373,  ..., 0.3294, 0.3333, 0.3412],
         ...,
         [0.3373, 0.3373, 0.3333,  ..., 0.3373, 0.3216, 0.3333],
         [0.3255, 0.3373, 0.3451,  ..., 0.3647, 0.3333, 0.3451],
         [0.3137, 0.3451, 0.3569,  ..., 0.3529, 0.3490, 0.3451]]])",0.624120831489563,0.7474014
"tensor([[[0.2706, 0.2745, 0.2706,  ..., 0.2902, 0.2824, 0.2706],
         [0.2824, 0.2667, 0.2706,  ..., 0.2745, 0.2510, 0.2588],
         [0.2824, 0.2706, 0.2784,  ..., 0.2588, 0.2588, 0.2745],
         ...,
         [0.2588, 0.2667, 0.2706,  ..., 0.2784, 0.2549, 0.2706],
         [0.2627, 0.2745, 0.2667,  ..., 0.2824, 0.2745, 0.2549],
         [0.2667, 0.2784, 0.2706,  ..., 0.2627, 0.2784, 0.2824]]])",0.6871644258499146,0.6773385
"tensor([[[0.3176, 0.3137, 0.3176,  ..., 0.3020, 0.3294, 0.3137],
         [0.3059, 0.3059, 0.3216,  ..., 0.3176, 0.3216, 0.2980],
         [0.3059, 0.3176, 0.3020,  ..., 0.3059, 0.2980, 0.3020],
         ...,
         [0.2980, 0.3216, 0.3098,  ..., 0.3137, 0.3137, 0.2941],
         [0.3137, 0.3059, 0.3059,  ..., 0.3020, 0.3176, 0.3255],
         [0.3059, 0.3059, 0.3098,  ..., 0.3137, 0.2941, 0.3059]]])",0.7208901643753052,0.72095513
"tensor([[[0.2824, 0.2863, 0.2902,  ..., 0.2824, 0.2863, 0.2745],
         [0.2824, 0.2863, 0.2824,  ..., 0.2980, 0.2784, 0.2941],
         [0.2784, 0.2902, 0.2863,  ..., 0.2863, 0.2863, 0.2902],
         ...,
         [0.2941, 0.2863, 0.2745,  ..., 0.2980, 0.3098, 0.2784],
         [0.2784, 0.2706, 0.2863,  ..., 0.2706, 0.2824, 0.2824],
         [0.2784, 0.2784, 0.2941,  ..., 0.2902, 0.2745, 0.2745]]])",0.7239437103271484,0.7020345
"tensor([[[0.4000, 0.4157, 0.3882,  ..., 0.4157, 0.4000, 0.4118],
         [0.4078, 0.4078, 0.4118,  ..., 0.4118, 0.4039, 0.4118],
         [0.3961, 0.4196, 0.4157,  ..., 0.4157, 0.4118, 0.4235],
         ...,
         [0.4039, 0.4000, 0.4000,  ..., 0.4039, 0.4392, 0.4353],
         [0.3882, 0.4078, 0.4157,  ..., 0.4039, 0.4157, 0.4353],
         [0.4157, 0.4157, 0.4000,  ..., 0.4235, 0.4078, 0.4118]]])",0.6547144651412964,0.5124821
"tensor([[[0.3373, 0.3137, 0.3333,  ..., 0.3373, 0.3137, 0.3255],
         [0.3020, 0.3255, 0.3137,  ..., 0.3333, 0.3098, 0.3216],
         [0.2902, 0.3020, 0.3098,  ..., 0.3020, 0.3216, 0.3294],
         ...,
         [0.3216, 0.3098, 0.2980,  ..., 0.3176, 0.3294, 0.3294],
         [0.3137, 0.3020, 0.3137,  ..., 0.3294, 0.3255, 0.3451],
         [0.3098, 0.3098, 0.3137,  ..., 0.3098, 0.3294, 0.3294]]])",0.6529995799064636,0.68325037
"tensor([[[0.4588, 0.4667, 0.4824,  ..., 0.4588, 0.4784, 0.4863],
         [0.4627, 0.4510, 0.4667,  ..., 0.4863, 0.4824, 0.4706],
         [0.4667, 0.4549, 0.4627,  ..., 0.4863, 0.4627, 0.4745],
         ...,
         [0.4706, 0.4745, 0.4549,  ..., 0.4706, 0.4784, 0.4588],
         [0.4510, 0.4549, 0.4627,  ..., 0.4706, 0.4902, 0.4902],
         [0.4510, 0.4784, 0.4667,  ..., 0.4745, 0.4510, 0.4667]]])",0.6681208610534668,0.62779045
"tensor([[[0.3765, 0.3765, 0.4235,  ..., 0.3882, 0.3961, 0.4196],
         [0.3961, 0.3804, 0.3922,  ..., 0.4000, 0.4078, 0.4275],
         [0.3961, 0.3882, 0.3922,  ..., 0.4157, 0.4157, 0.3922],
         ...,
         [0.3843, 0.4078, 0.3804,  ..., 0.4000, 0.3961, 0.4157],
         [0.4000, 0.4000, 0.3765,  ..., 0.4157, 0.3765, 0.4157],
         [0.3922, 0.4078, 0.3961,  ..., 0.3804, 0.3961, 0.3529]]])",0.5900108814239502,0.5653804
"tensor([[[0.3529, 0.3529, 0.3686,  ..., 0.3529, 0.3490, 0.3686],
         [0.3255, 0.3412, 0.3451,  ..., 0.3333, 0.3608, 0.3529],
         [0.3294, 0.3451, 0.3490,  ..., 0.3804, 0.3686, 0.3412],
         ...,
         [0.3529, 0.3373, 0.3373,  ..., 0.3333, 0.3412, 0.3725],
         [0.3333, 0.3451, 0.3412,  ..., 0.3333, 0.3373, 0.3333],
         [0.3529, 0.3490, 0.3412,  ..., 0.3608, 0.3373, 0.3255]]])",0.6386841535568237,0.6834884
"tensor([[[0.3686, 0.3569, 0.3608,  ..., 0.3412, 0.3529, 0.3725],
         [0.3490, 0.3608, 0.3686,  ..., 0.3490, 0.3725, 0.3647],
         [0.3373, 0.3451, 0.3608,  ..., 0.3608, 0.3686, 0.3647],
         ...,
         [0.3529, 0.3608, 0.3490,  ..., 0.3529, 0.3569, 0.3569],
         [0.3608, 0.3569, 0.3490,  ..., 0.3569, 0.3451, 0.3412],
         [0.3608, 0.3490, 0.3608,  ..., 0.3529, 0.3686, 0.3451]]])",0.7266445755958557,0.71216184
"tensor([[[0.3059, 0.3098, 0.3255,  ..., 0.3176, 0.3255, 0.3255],
         [0.2980, 0.3020, 0.3216,  ..., 0.3255, 0.3176, 0.3137],
         [0.3176, 0.2941, 0.3176,  ..., 0.3176, 0.3176, 0.3255],
         ...,
         [0.2980, 0.3176, 0.3098,  ..., 0.3216, 0.2941, 0.3020],
         [0.3255, 0.3176, 0.2980,  ..., 0.3059, 0.3216, 0.3020],
         [0.3137, 0.3059, 0.3059,  ..., 0.2902, 0.3137, 0.3098]]])",0.7028467059135437,0.7566178
"tensor([[[0.3804, 0.4000, 0.4000,  ..., 0.3961, 0.4039, 0.4275],
         [0.3765, 0.3843, 0.4039,  ..., 0.4196, 0.4078, 0.3765],
         [0.3961, 0.3882, 0.4000,  ..., 0.3961, 0.3882, 0.3843],
         ...,
         [0.4118, 0.3882, 0.3922,  ..., 0.3882, 0.4000, 0.3608],
         [0.4078, 0.3843, 0.3804,  ..., 0.3882, 0.3961, 0.3804],
         [0.3647, 0.3843, 0.3922,  ..., 0.3882, 0.3922, 0.3882]]])",0.6633540391921997,0.7598267
"tensor([[[0.4000, 0.4471, 0.4275,  ..., 0.3961, 0.4353, 0.3922],
         [0.3804, 0.4078, 0.4314,  ..., 0.4275, 0.4235, 0.4118],
         [0.4078, 0.4118, 0.4235,  ..., 0.4275, 0.4000, 0.3961],
         ...,
         [0.4235, 0.4039, 0.4000,  ..., 0.3922, 0.4039, 0.4039],
         [0.3961, 0.4118, 0.4000,  ..., 0.4078, 0.4039, 0.3686],
         [0.4000, 0.4078, 0.4000,  ..., 0.3922, 0.4078, 0.4078]]])",0.6045148968696594,0.68449014
"tensor([[[0.3176, 0.3529, 0.3137,  ..., 0.3216, 0.3176, 0.3216],
         [0.3059, 0.3373, 0.3373,  ..., 0.3176, 0.3255, 0.3216],
         [0.3059, 0.3294, 0.3176,  ..., 0.3216, 0.3294, 0.3176],
         ...,
         [0.3137, 0.3137, 0.3255,  ..., 0.3059, 0.3098, 0.3216],
         [0.3176, 0.3255, 0.3059,  ..., 0.3176, 0.2980, 0.2941],
         [0.3176, 0.3059, 0.3059,  ..., 0.3020, 0.3176, 0.3059]]])",0.6537517309188843,0.72915703
"tensor([[[0.2980, 0.2980, 0.3098,  ..., 0.3098, 0.2863, 0.2941],
         [0.3176, 0.2941, 0.2941,  ..., 0.2980, 0.3059, 0.2980],
         [0.3176, 0.3020, 0.2902,  ..., 0.3020, 0.3020, 0.2980],
         ...,
         [0.2941, 0.2784, 0.2980,  ..., 0.2784, 0.2784, 0.2745],
         [0.2824, 0.2980, 0.2863,  ..., 0.3137, 0.2980, 0.2902],
         [0.2941, 0.3020, 0.2784,  ..., 0.2824, 0.3020, 0.2784]]])",0.6835864186286926,0.73337346
"tensor([[[0.3843, 0.3804, 0.3647,  ..., 0.3725, 0.3412, 0.3725],
         [0.3569, 0.3843, 0.3882,  ..., 0.3333, 0.3529, 0.3686],
         [0.3333, 0.3765, 0.3686,  ..., 0.3647, 0.3843, 0.3529],
         ...,
         [0.3569, 0.3529, 0.3608,  ..., 0.3569, 0.3569, 0.3373],
         [0.3529, 0.3608, 0.3765,  ..., 0.3451, 0.3725, 0.3529],
         [0.3529, 0.3843, 0.3608,  ..., 0.3529, 0.3490, 0.3765]]])",0.6808485984802246,0.7476629
"tensor([[[0.2824, 0.2745, 0.2627,  ..., 0.2549, 0.2667, 0.3020],
         [0.2784, 0.2863, 0.2863,  ..., 0.2667, 0.2824, 0.2784],
         [0.2627, 0.2667, 0.2706,  ..., 0.2824, 0.2627, 0.2627],
         ...,
         [0.2627, 0.2627, 0.2667,  ..., 0.2549, 0.2706, 0.2627],
         [0.2667, 0.2706, 0.2745,  ..., 0.2392, 0.2510, 0.2588],
         [0.2667, 0.2784, 0.2706,  ..., 0.2667, 0.2706, 0.2549]]])",0.6811873316764832,0.7742597
"tensor([[[0.4745, 0.4627, 0.4667,  ..., 0.4627, 0.4745, 0.4863],
         [0.4824, 0.4941, 0.4824,  ..., 0.4706, 0.4745, 0.4824],
         [0.4510, 0.4667, 0.4902,  ..., 0.4784, 0.4745, 0.4588],
         ...,
         [0.4667, 0.4549, 0.4667,  ..., 0.4667, 0.4745, 0.4627],
         [0.4667, 0.4784, 0.4863,  ..., 0.4392, 0.4706, 0.4588],
         [0.4667, 0.4706, 0.4745,  ..., 0.4392, 0.4627, 0.4745]]])",0.6895142793655396,0.7789162
"tensor([[[0.2745, 0.2706, 0.2824,  ..., 0.2941, 0.2824, 0.2706],
         [0.2745, 0.2627, 0.2902,  ..., 0.2941, 0.2627, 0.2745],
         [0.2784, 0.2667, 0.2667,  ..., 0.2706, 0.2706, 0.2902],
         ...,
         [0.2980, 0.2941, 0.2824,  ..., 0.2588, 0.2824, 0.2706],
         [0.2784, 0.2784, 0.2745,  ..., 0.2510, 0.2549, 0.2706],
         [0.2667, 0.2824, 0.2471,  ..., 0.2863, 0.2706, 0.2824]]])",0.7173430323600769,0.78971076
"tensor([[[0.3412, 0.3059, 0.3490,  ..., 0.3608, 0.3373, 0.3569],
         [0.3412, 0.3255, 0.3216,  ..., 0.3490, 0.3216, 0.3098],
         [0.3255, 0.3333, 0.3373,  ..., 0.3176, 0.3176, 0.3255],
         ...,
         [0.3529, 0.3529, 0.3373,  ..., 0.3255, 0.3529, 0.3255],
         [0.3333, 0.3255, 0.3294,  ..., 0.2902, 0.3059, 0.3373],
         [0.3529, 0.3294, 0.3098,  ..., 0.3608, 0.3137, 0.3294]]])",0.6591241955757141,0.776455
"tensor([[[0.2824, 0.2784, 0.3020,  ..., 0.2863, 0.3176, 0.2941],
         [0.2784, 0.2863, 0.2863,  ..., 0.3216, 0.2902, 0.2784],
         [0.3098, 0.2706, 0.2745,  ..., 0.2824, 0.2588, 0.2667],
         ...,
         [0.2902, 0.2941, 0.2784,  ..., 0.2980, 0.2784, 0.2627],
         [0.3020, 0.2980, 0.2863,  ..., 0.2863, 0.2863, 0.2941],
         [0.3098, 0.2824, 0.3020,  ..., 0.2745, 0.2824, 0.2549]]])",0.6513978242874146,0.7692371
"tensor([[[0.4196, 0.4275, 0.4353,  ..., 0.4314, 0.4275, 0.4314],
         [0.4275, 0.4078, 0.4392,  ..., 0.4235, 0.4235, 0.4314],
         [0.4392, 0.4235, 0.4157,  ..., 0.4235, 0.4196, 0.4196],
         ...,
         [0.4235, 0.4314, 0.4235,  ..., 0.4235, 0.3961, 0.4235],
         [0.4431, 0.4353, 0.4275,  ..., 0.4353, 0.4118, 0.3882],
         [0.4314, 0.4353, 0.4471,  ..., 0.4314, 0.4314, 0.3961]]])",0.701568067073822,0.6904662
"tensor([[[0.3804, 0.3569, 0.3765,  ..., 0.3608, 0.3569, 0.3725],
         [0.3686, 0.3843, 0.3608,  ..., 0.3804, 0.3647, 0.3804],
         [0.3608, 0.3647, 0.3882,  ..., 0.3647, 0.3686, 0.3804],
         ...,
         [0.3843, 0.3882, 0.3882,  ..., 0.3569, 0.3686, 0.3412],
         [0.4000, 0.3608, 0.3804,  ..., 0.3569, 0.3529, 0.3529],
         [0.3765, 0.3882, 0.4078,  ..., 0.3804, 0.3608, 0.3804]]])",0.642075777053833,0.608284
"tensor([[[0.3569, 0.3490, 0.3529,  ..., 0.3451, 0.3569, 0.3882],
         [0.3647, 0.3686, 0.3608,  ..., 0.3608, 0.3922, 0.3608],
         [0.3686, 0.3686, 0.3843,  ..., 0.3765, 0.3569, 0.3373],
         ...,
         [0.3804, 0.3765, 0.3725,  ..., 0.3569, 0.3608, 0.3294],
         [0.3804, 0.3882, 0.3686,  ..., 0.3529, 0.3647, 0.3725],
         [0.3882, 0.3686, 0.3882,  ..., 0.3569, 0.3412, 0.3765]]])",0.569153904914856,0.4626339
"tensor([[[0.3098, 0.2980, 0.3137,  ..., 0.3333, 0.3451, 0.3216],
         [0.3569, 0.3137, 0.3255,  ..., 0.3255, 0.3412, 0.3255],
         [0.3412, 0.3333, 0.3020,  ..., 0.3373, 0.3255, 0.2941],
         ...,
         [0.3216, 0.3451, 0.3373,  ..., 0.3137, 0.3216, 0.3059],
         [0.3490, 0.3569, 0.3216,  ..., 0.3137, 0.3451, 0.3176],
         [0.3294, 0.3294, 0.3373,  ..., 0.3176, 0.3176, 0.3529]]])",0.6044278144836426,0.66930455
"tensor([[[0.3020, 0.3137, 0.3255,  ..., 0.3098, 0.3608, 0.3137],
         [0.3176, 0.3137, 0.3020,  ..., 0.3216, 0.3216, 0.3176],
         [0.3412, 0.3137, 0.2980,  ..., 0.2980, 0.3373, 0.3176],
         ...,
         [0.3608, 0.3373, 0.3255,  ..., 0.3255, 0.3255, 0.3137],
         [0.3412, 0.3216, 0.3451,  ..., 0.3137, 0.3255, 0.3216],
         [0.3216, 0.3216, 0.3176,  ..., 0.3098, 0.3137, 0.3216]]])",0.6397553086280823,0.7200149
"tensor([[[0.3725, 0.4078, 0.3922,  ..., 0.3843, 0.3922, 0.3961],
         [0.3725, 0.3882, 0.3961,  ..., 0.3922, 0.3882, 0.4118],
         [0.3882, 0.3882, 0.3843,  ..., 0.3961, 0.4078, 0.4118],
         ...,
         [0.4314, 0.3961, 0.3843,  ..., 0.3843, 0.3922, 0.4078],
         [0.4000, 0.3922, 0.3961,  ..., 0.4039, 0.3961, 0.3882],
         [0.3843, 0.3843, 0.3922,  ..., 0.4039, 0.3961, 0.3961]]])",0.6758293509483337,0.6741496
"tensor([[[0.3176, 0.3255, 0.3255,  ..., 0.3098, 0.3098, 0.3137],
         [0.3059, 0.3059, 0.3137,  ..., 0.3098, 0.3176, 0.3294],
         [0.2980, 0.3059, 0.3137,  ..., 0.3059, 0.3373, 0.3137],
         ...,
         [0.3216, 0.3137, 0.3020,  ..., 0.3098, 0.3137, 0.3333],
         [0.3137, 0.3020, 0.3020,  ..., 0.3137, 0.3098, 0.3137],
         [0.3137, 0.3098, 0.3020,  ..., 0.3059, 0.3255, 0.3176]]])",0.6883950233459473,0.7721377
"tensor([[[0.4078, 0.4078, 0.3922,  ..., 0.3961, 0.3882, 0.3961],
         [0.3922, 0.3922, 0.3961,  ..., 0.3843, 0.3961, 0.3922],
         [0.3882, 0.3843, 0.3961,  ..., 0.3882, 0.4000, 0.4000],
         ...,
         [0.4000, 0.3882, 0.3765,  ..., 0.3922, 0.4000, 0.4118],
         [0.3882, 0.3843, 0.3725,  ..., 0.3922, 0.3804, 0.3922],
         [0.3922, 0.3843, 0.3765,  ..., 0.3922, 0.3961, 0.3922]]])",0.6987972259521484,0.7680266
"tensor([[[0.3725, 0.3804, 0.3686,  ..., 0.3843, 0.3804, 0.3608],
         [0.3725, 0.3804, 0.3765,  ..., 0.3804, 0.3725, 0.3686],
         [0.3765, 0.3686, 0.3725,  ..., 0.3725, 0.3647, 0.3804],
         ...,
         [0.3647, 0.3725, 0.3647,  ..., 0.3765, 0.3725, 0.3843],
         [0.3686, 0.3686, 0.3647,  ..., 0.3725, 0.3686, 0.3725],
         [0.3725, 0.3608, 0.3765,  ..., 0.3765, 0.3608, 0.3686]]])",0.7127151489257812,0.7698349
"tensor([[[0.4157, 0.4431, 0.4353,  ..., 0.4314, 0.4235, 0.4314],
         [0.4314, 0.4157, 0.4431,  ..., 0.4157, 0.4392, 0.4157],
         [0.4275, 0.4314, 0.4235,  ..., 0.4275, 0.4353, 0.4235],
         ...,
         [0.4157, 0.4157, 0.4275,  ..., 0.4235, 0.4235, 0.4196],
         [0.4314, 0.4314, 0.4431,  ..., 0.4471, 0.4196, 0.4431],
         [0.4235, 0.4196, 0.4118,  ..., 0.4510, 0.4196, 0.4275]]])",0.6534450650215149,0.70220053
"tensor([[[0.3569, 0.3608, 0.3804,  ..., 0.3569, 0.3569, 0.3961],
         [0.3765, 0.3569, 0.3647,  ..., 0.3490, 0.3882, 0.3765],
         [0.3843, 0.3725, 0.3804,  ..., 0.3765, 0.3843, 0.3765],
         ...,
         [0.3647, 0.3843, 0.3843,  ..., 0.3882, 0.3686, 0.3569],
         [0.3843, 0.3804, 0.3569,  ..., 0.3961, 0.3882, 0.3843],
         [0.3647, 0.3608, 0.3608,  ..., 0.3882, 0.3961, 0.3961]]])",0.6751487851142883,0.674216
"tensor([[[0.3686, 0.4000, 0.3765,  ..., 0.3686, 0.4039, 0.3647],
         [0.3686, 0.3725, 0.4039,  ..., 0.3843, 0.3725, 0.3765],
         [0.3647, 0.3647, 0.3647,  ..., 0.3686, 0.3882, 0.3608],
         ...,
         [0.3529, 0.3608, 0.3686,  ..., 0.4118, 0.4039, 0.3961],
         [0.3608, 0.3922, 0.3804,  ..., 0.3804, 0.4000, 0.4039],
         [0.4039, 0.3882, 0.3608,  ..., 0.3490, 0.3843, 0.3961]]])",0.6193036437034607,0.60683775
"tensor([[[0.3843, 0.4039, 0.3765,  ..., 0.3569, 0.3882, 0.3765],
         [0.3608, 0.3765, 0.4000,  ..., 0.3804, 0.3922, 0.3647],
         [0.3608, 0.3529, 0.3804,  ..., 0.3843, 0.3725, 0.3569],
         ...,
         [0.3765, 0.3569, 0.3647,  ..., 0.3961, 0.3961, 0.3843],
         [0.3569, 0.3765, 0.3882,  ..., 0.3647, 0.3882, 0.4000],
         [0.3882, 0.3922, 0.3608,  ..., 0.3647, 0.3490, 0.3882]]])",0.6064047813415527,0.65890044
"tensor([[[0.3922, 0.4039, 0.4118,  ..., 0.3922, 0.3843, 0.3922],
         [0.4000, 0.3961, 0.4078,  ..., 0.3843, 0.3922, 0.3922],
         [0.3922, 0.4078, 0.3882,  ..., 0.3882, 0.3961, 0.3843],
         ...,
         [0.3961, 0.3804, 0.3922,  ..., 0.4078, 0.3882, 0.3882],
         [0.3922, 0.3882, 0.3922,  ..., 0.4000, 0.4039, 0.3882],
         [0.4039, 0.4000, 0.3843,  ..., 0.3843, 0.4000, 0.4118]]])",0.8476707935333252,0.76759493
"tensor([[[0.3765, 0.3882, 0.3843,  ..., 0.3843, 0.3765, 0.3804],
         [0.3765, 0.3765, 0.3843,  ..., 0.3725, 0.3765, 0.3804],
         [0.3922, 0.3843, 0.3804,  ..., 0.3804, 0.3843, 0.3725],
         ...,
         [0.3686, 0.3922, 0.3804,  ..., 0.3725, 0.3882, 0.3725],
         [0.3843, 0.3843, 0.3686,  ..., 0.3804, 0.3765, 0.3922],
         [0.3922, 0.3725, 0.3882,  ..., 0.3765, 0.3804, 0.3804]]])",0.8819312453269958,0.7441941
"tensor([[[0.3647, 0.3569, 0.3843,  ..., 0.3608, 0.3451, 0.3333],
         [0.3647, 0.3412, 0.3647,  ..., 0.3569, 0.3529, 0.3686],
         [0.3843, 0.3569, 0.3529,  ..., 0.3608, 0.3451, 0.3608],
         ...,
         [0.3490, 0.3529, 0.3647,  ..., 0.3569, 0.3569, 0.3569],
         [0.3608, 0.3608, 0.3529,  ..., 0.3451, 0.3451, 0.3686],
         [0.3490, 0.3725, 0.3333,  ..., 0.3490, 0.3647, 0.3412]]])",0.7789145112037659,0.75457346
"tensor([[[0.3216, 0.3059, 0.2902,  ..., 0.3059, 0.3098, 0.3294],
         [0.3216, 0.2980, 0.2980,  ..., 0.3020, 0.3137, 0.2863],
         [0.3098, 0.3098, 0.3137,  ..., 0.3020, 0.3059, 0.2863],
         ...,
         [0.3137, 0.3216, 0.2863,  ..., 0.3176, 0.2941, 0.3020],
         [0.3020, 0.2980, 0.3059,  ..., 0.3059, 0.3176, 0.3137],
         [0.3137, 0.3098, 0.3216,  ..., 0.2902, 0.2980, 0.3137]]])",0.8158827424049377,0.77545273
"tensor([[[0.3529, 0.3647, 0.3686,  ..., 0.3686, 0.3608, 0.3647],
         [0.3647, 0.3608, 0.3686,  ..., 0.3647, 0.3569, 0.3647],
         [0.3686, 0.3725, 0.3765,  ..., 0.3686, 0.3647, 0.3608],
         ...,
         [0.3608, 0.3608, 0.3725,  ..., 0.3608, 0.3647, 0.3569],
         [0.3569, 0.3725, 0.3725,  ..., 0.3569, 0.3647, 0.3725],
         [0.3804, 0.3765, 0.3608,  ..., 0.3529, 0.3529, 0.3686]]])",0.8397194147109985,0.7966039
"tensor([[[0.2980, 0.2980, 0.2980,  ..., 0.3020, 0.2863, 0.2980],
         [0.3059, 0.3059, 0.2941,  ..., 0.2902, 0.2941, 0.3059],
         [0.2824, 0.3059, 0.2941,  ..., 0.2824, 0.2980, 0.2902],
         ...,
         [0.3020, 0.3020, 0.2824,  ..., 0.2980, 0.3059, 0.2706],
         [0.3098, 0.2863, 0.2980,  ..., 0.2824, 0.2980, 0.2980],
         [0.2980, 0.2902, 0.2980,  ..., 0.2980, 0.2784, 0.2980]]])",0.8544817566871643,0.8010866
"tensor([[[0.3569, 0.3686, 0.3569,  ..., 0.3686, 0.3647, 0.3725],
         [0.3490, 0.3804, 0.3647,  ..., 0.3490, 0.3647, 0.3686],
         [0.3529, 0.3647, 0.3529,  ..., 0.3451, 0.3529, 0.3608],
         ...,
         [0.3961, 0.3608, 0.3529,  ..., 0.3608, 0.3608, 0.3529],
         [0.3529, 0.3373, 0.3490,  ..., 0.3529, 0.3608, 0.3451],
         [0.3333, 0.3608, 0.3765,  ..., 0.3490, 0.3569, 0.3647]]])",0.8001195192337036,0.7714673
"tensor([[[0.3529, 0.3608, 0.3529,  ..., 0.3490, 0.3569, 0.3569],
         [0.3412, 0.3569, 0.3569,  ..., 0.3529, 0.3529, 0.3529],
         [0.3490, 0.3608, 0.3490,  ..., 0.3647, 0.3569, 0.3569],
         ...,
         [0.3686, 0.3451, 0.3490,  ..., 0.3569, 0.3451, 0.3333],
         [0.3490, 0.3412, 0.3451,  ..., 0.3451, 0.3529, 0.3569],
         [0.3333, 0.3451, 0.3608,  ..., 0.3529, 0.3412, 0.3569]]])",0.8719255924224854,0.8229505
"tensor([[[0.3020, 0.3216, 0.3137,  ..., 0.3059, 0.3098, 0.3176],
         [0.2941, 0.3098, 0.3373,  ..., 0.3098, 0.3098, 0.3216],
         [0.3098, 0.3020, 0.3216,  ..., 0.3098, 0.3255, 0.3176],
         ...,
         [0.3059, 0.3020, 0.3137,  ..., 0.3137, 0.2902, 0.2863],
         [0.2941, 0.2902, 0.3176,  ..., 0.3059, 0.3176, 0.3020],
         [0.2863, 0.3176, 0.3216,  ..., 0.3294, 0.3098, 0.3176]]])",0.8317126035690308,0.79914135
"tensor([[[0.3608, 0.3686, 0.3647,  ..., 0.3608, 0.3765, 0.3647],
         [0.3686, 0.3765, 0.3765,  ..., 0.3725, 0.3608, 0.3686],
         [0.3647, 0.3608, 0.3765,  ..., 0.3686, 0.3725, 0.3686],
         ...,
         [0.3686, 0.3608, 0.3647,  ..., 0.3843, 0.3686, 0.3608],
         [0.3569, 0.3608, 0.3725,  ..., 0.3569, 0.3569, 0.3569],
         [0.3608, 0.3686, 0.3686,  ..., 0.3725, 0.3686, 0.3608]]])",0.868665874004364,0.8289684
"tensor([[[0.3098, 0.3255, 0.3216,  ..., 0.3176, 0.3255, 0.3098],
         [0.3176, 0.3137, 0.3373,  ..., 0.3216, 0.3216, 0.3255],
         [0.3216, 0.3137, 0.3216,  ..., 0.3216, 0.3176, 0.3098],
         ...,
         [0.3176, 0.3137, 0.3137,  ..., 0.3216, 0.3294, 0.3176],
         [0.3059, 0.3216, 0.3255,  ..., 0.3098, 0.3098, 0.3216],
         [0.3216, 0.3294, 0.3059,  ..., 0.3216, 0.3020, 0.3020]]])",0.850496768951416,0.81471884
"tensor([[[0.3725, 0.3882, 0.3882,  ..., 0.3608, 0.3804, 0.4039],
         [0.3725, 0.3804, 0.3843,  ..., 0.3882, 0.3922, 0.3686],
         [0.3765, 0.3765, 0.3843,  ..., 0.4000, 0.3569, 0.3686],
         ...,
         [0.3725, 0.3765, 0.3843,  ..., 0.3882, 0.3765, 0.3843],
         [0.3804, 0.3843, 0.3843,  ..., 0.3647, 0.3765, 0.3843],
         [0.3765, 0.3922, 0.3647,  ..., 0.3804, 0.3608, 0.3765]]])",0.8310682773590088,0.7849498
"tensor([[[0.4392, 0.4471, 0.4314,  ..., 0.4157, 0.4510, 0.4510],
         [0.4275, 0.4314, 0.4392,  ..., 0.4471, 0.4471, 0.4235],
         [0.4275, 0.4275, 0.4431,  ..., 0.4431, 0.4275, 0.4157],
         ...,
         [0.4353, 0.4235, 0.4431,  ..., 0.4314, 0.4275, 0.4314],
         [0.4196, 0.4431, 0.4392,  ..., 0.4314, 0.4353, 0.4392],
         [0.4314, 0.4431, 0.4314,  ..., 0.4314, 0.4235, 0.4235]]])",0.8530008792877197,0.8111469
"tensor([[[0.3725, 0.3804, 0.3804,  ..., 0.3608, 0.3725, 0.3804],
         [0.3647, 0.3686, 0.3765,  ..., 0.3725, 0.3765, 0.3686],
         [0.3725, 0.3725, 0.3647,  ..., 0.3725, 0.3686, 0.3647],
         ...,
         [0.3804, 0.3608, 0.3647,  ..., 0.3686, 0.3608, 0.3725],
         [0.3569, 0.3608, 0.3765,  ..., 0.3765, 0.3725, 0.3647],
         [0.3608, 0.3843, 0.3725,  ..., 0.3451, 0.3765, 0.3647]]])",0.8836964964866638,0.8355272
"tensor([[[0.3176, 0.3333, 0.3451,  ..., 0.3373, 0.3294, 0.3490],
         [0.3333, 0.3216, 0.3412,  ..., 0.3255, 0.3412, 0.3255],
         [0.3529, 0.3373, 0.3255,  ..., 0.3412, 0.3255, 0.3294],
         ...,
         [0.3255, 0.3294, 0.3255,  ..., 0.3216, 0.3412, 0.3216],
         [0.3333, 0.3333, 0.3216,  ..., 0.3137, 0.3294, 0.3255],
         [0.3255, 0.3255, 0.3294,  ..., 0.3451, 0.3137, 0.3373]]])",0.8459972143173218,0.8022286
"tensor([[[0.3333, 0.3333, 0.3333,  ..., 0.3255, 0.3412, 0.3216],
         [0.3333, 0.3412, 0.3294,  ..., 0.3255, 0.3333, 0.3412],
         [0.3216, 0.3529, 0.3373,  ..., 0.3412, 0.3333, 0.3373],
         ...,
         [0.3333, 0.3255, 0.3059,  ..., 0.3176, 0.3490, 0.2980],
         [0.3255, 0.3255, 0.3333,  ..., 0.3294, 0.3255, 0.3490],
         [0.3451, 0.3255, 0.3294,  ..., 0.3373, 0.3059, 0.3451]]])",0.8298003673553467,0.78748286
"tensor([[[0.4078, 0.4039, 0.3882,  ..., 0.3922, 0.3961, 0.4078],
         [0.3961, 0.4078, 0.4118,  ..., 0.3922, 0.4157, 0.4078],
         [0.4000, 0.4000, 0.4078,  ..., 0.4039, 0.3961, 0.3961],
         ...,
         [0.3765, 0.3843, 0.3922,  ..., 0.3843, 0.3765, 0.3882],
         [0.3765, 0.4000, 0.3882,  ..., 0.4000, 0.3922, 0.3922],
         [0.3961, 0.3961, 0.3765,  ..., 0.3882, 0.3843, 0.3882]]])",0.8442836999893188,0.79793996
"tensor([[[0.3490, 0.3882, 0.3725,  ..., 0.3647, 0.3804, 0.3804],
         [0.3608, 0.3647, 0.3922,  ..., 0.3686, 0.3765, 0.3647],
         [0.3765, 0.3608, 0.3725,  ..., 0.3725, 0.3765, 0.3647],
         ...,
         [0.3608, 0.3490, 0.3608,  ..., 0.3569, 0.3529, 0.3608],
         [0.3529, 0.3686, 0.3647,  ..., 0.3569, 0.3686, 0.3451],
         [0.3725, 0.3569, 0.3412,  ..., 0.3529, 0.3647, 0.3569]]])",0.8562902808189392,0.8037092
"tensor([[[0.2902, 0.3059, 0.2980,  ..., 0.2902, 0.2902, 0.2745],
         [0.2824, 0.2941, 0.2980,  ..., 0.2863, 0.2902, 0.2863],
         [0.2863, 0.2941, 0.2941,  ..., 0.2784, 0.2902, 0.2824],
         ...,
         [0.2745, 0.2784, 0.2863,  ..., 0.2706, 0.2667, 0.2667],
         [0.2941, 0.2863, 0.2745,  ..., 0.2588, 0.2549, 0.2667],
         [0.2824, 0.2745, 0.2745,  ..., 0.2667, 0.2667, 0.2667]]])",0.8871864080429077,0.8175936
"tensor([[[0.3098, 0.2941, 0.3098,  ..., 0.2745, 0.2863, 0.2863],
         [0.3098, 0.2980, 0.3098,  ..., 0.2745, 0.3098, 0.2980],
         [0.3137, 0.3176, 0.2902,  ..., 0.2902, 0.2941, 0.2706],
         ...,
         [0.2941, 0.2863, 0.2980,  ..., 0.2745, 0.2667, 0.2824],
         [0.2863, 0.2941, 0.2902,  ..., 0.2627, 0.2706, 0.2745],
         [0.2941, 0.2941, 0.2941,  ..., 0.2902, 0.2784, 0.2706]]])",0.8828234672546387,0.8077875
"tensor([[[0.3490, 0.3647, 0.3608,  ..., 0.3373, 0.3294, 0.3451],
         [0.3451, 0.3569, 0.3529,  ..., 0.3294, 0.3412, 0.3529],
         [0.3569, 0.3451, 0.3412,  ..., 0.3373, 0.3412, 0.3294],
         ...,
         [0.3373, 0.3529, 0.3412,  ..., 0.3137, 0.3216, 0.3333],
         [0.3529, 0.3373, 0.3333,  ..., 0.3294, 0.3216, 0.3333],
         [0.3529, 0.3333, 0.3451,  ..., 0.3255, 0.3176, 0.3255]]])",0.8923475742340088,0.8116895
"tensor([[[0.3333, 0.3647, 0.3373,  ..., 0.3255, 0.3216, 0.3176],
         [0.3216, 0.3490, 0.3412,  ..., 0.3137, 0.3137, 0.3333],
         [0.3294, 0.3451, 0.3216,  ..., 0.3098, 0.3255, 0.3216],
         ...,
         [0.3216, 0.3255, 0.3294,  ..., 0.3137, 0.3059, 0.3137],
         [0.3333, 0.3333, 0.3255,  ..., 0.3216, 0.3216, 0.3176],
         [0.3255, 0.3294, 0.3176,  ..., 0.3020, 0.3137, 0.3176]]])",0.8958500623703003,0.81540334
"tensor([[[0.3098, 0.3059, 0.3059,  ..., 0.3020, 0.2980, 0.2980],
         [0.3098, 0.3137, 0.3059,  ..., 0.2902, 0.2941, 0.3059],
         [0.3059, 0.3137, 0.3059,  ..., 0.2902, 0.3020, 0.2980],
         ...,
         [0.3059, 0.2941, 0.2980,  ..., 0.2980, 0.2824, 0.2902],
         [0.3020, 0.2941, 0.3020,  ..., 0.2902, 0.2902, 0.2902],
         [0.2980, 0.3059, 0.3059,  ..., 0.2902, 0.2941, 0.2941]]])",0.9227873086929321,0.84770095
"tensor([[[0.3294, 0.3059, 0.3137,  ..., 0.3020, 0.2941, 0.2980],
         [0.3098, 0.3176, 0.3137,  ..., 0.2941, 0.2902, 0.2980],
         [0.3020, 0.3059, 0.3059,  ..., 0.2902, 0.2941, 0.3020],
         ...,
         [0.3020, 0.3098, 0.3059,  ..., 0.3020, 0.2941, 0.2941],
         [0.3020, 0.3059, 0.2902,  ..., 0.2980, 0.2980, 0.2941],
         [0.3020, 0.2941, 0.3059,  ..., 0.3059, 0.2941, 0.3059]]])",0.9016270637512207,0.8366836
"tensor([[[0.3020, 0.3020, 0.2980,  ..., 0.2745, 0.2745, 0.2902],
         [0.3098, 0.2980, 0.2980,  ..., 0.2784, 0.2824, 0.2824],
         [0.2980, 0.2863, 0.2980,  ..., 0.2902, 0.2784, 0.2745],
         ...,
         [0.2941, 0.2902, 0.2824,  ..., 0.2902, 0.2863, 0.2902],
         [0.2824, 0.2902, 0.2941,  ..., 0.2941, 0.2902, 0.2863],
         [0.2824, 0.2863, 0.2824,  ..., 0.2902, 0.2902, 0.2980]]])",0.8996745944023132,0.8381204
"tensor([[[0.2627, 0.2471, 0.2706,  ..., 0.2392, 0.2471, 0.2549],
         [0.2667, 0.2549, 0.2588,  ..., 0.2431, 0.2549, 0.2510],
         [0.2706, 0.2431, 0.2471,  ..., 0.2392, 0.2510, 0.2353],
         ...,
         [0.2510, 0.2431, 0.2471,  ..., 0.2471, 0.2588, 0.2588],
         [0.2471, 0.2471, 0.2510,  ..., 0.2588, 0.2471, 0.2627],
         [0.2588, 0.2510, 0.2549,  ..., 0.2510, 0.2392, 0.2588]]])",0.8857568502426147,0.8347568
"tensor([[[0.2431, 0.2627, 0.2588,  ..., 0.2392, 0.2471, 0.2627],
         [0.2588, 0.2510, 0.2588,  ..., 0.2471, 0.2549, 0.2510],
         [0.2588, 0.2510, 0.2549,  ..., 0.2431, 0.2431, 0.2471],
         ...,
         [0.2471, 0.2471, 0.2510,  ..., 0.2549, 0.2627, 0.2588],
         [0.2510, 0.2510, 0.2510,  ..., 0.2588, 0.2510, 0.2627],
         [0.2588, 0.2510, 0.2549,  ..., 0.2667, 0.2510, 0.2549]]])",0.888694167137146,0.83831346
"tensor([[[0.3176, 0.3098, 0.3255,  ..., 0.3176, 0.3255, 0.3216],
         [0.3333, 0.3020, 0.3255,  ..., 0.3176, 0.3176, 0.3059],
         [0.3333, 0.3176, 0.3176,  ..., 0.3176, 0.3098, 0.3176],
         ...,
         [0.3098, 0.3098, 0.3098,  ..., 0.3294, 0.3255, 0.3294],
         [0.3176, 0.3294, 0.3137,  ..., 0.3294, 0.3255, 0.3176],
         [0.3176, 0.3137, 0.3059,  ..., 0.3176, 0.3255, 0.3294]]])",0.8799067139625549,0.8409579
"tensor([[[0.3098, 0.3176, 0.3176,  ..., 0.3137, 0.3137, 0.3059],
         [0.3098, 0.3020, 0.3255,  ..., 0.3176, 0.3137, 0.3137],
         [0.3176, 0.3059, 0.3137,  ..., 0.3216, 0.3059, 0.3059],
         ...,
         [0.3059, 0.2980, 0.3176,  ..., 0.3216, 0.3176, 0.3137],
         [0.3176, 0.3176, 0.3020,  ..., 0.3059, 0.3176, 0.3098],
         [0.3294, 0.3059, 0.3059,  ..., 0.3176, 0.3216, 0.3137]]])",0.9015864729881287,0.84938145
"tensor([[[0.2706, 0.2706, 0.2784,  ..., 0.2745, 0.2706, 0.2667],
         [0.2745, 0.2706, 0.2745,  ..., 0.2745, 0.2706, 0.2745],
         [0.2667, 0.2745, 0.2706,  ..., 0.2706, 0.2706, 0.2706],
         ...,
         [0.2706, 0.2706, 0.2745,  ..., 0.2745, 0.2706, 0.2745],
         [0.2745, 0.2706, 0.2667,  ..., 0.2706, 0.2784, 0.2667],
         [0.2863, 0.2667, 0.2745,  ..., 0.2784, 0.2784, 0.2667]]])",0.9299121499061584,0.8634045
"tensor([[[0.3686, 0.3412, 0.3569,  ..., 0.3529, 0.3412, 0.3569],
         [0.3686, 0.3608, 0.3490,  ..., 0.3569, 0.3529, 0.3608],
         [0.3569, 0.3647, 0.3529,  ..., 0.3490, 0.3529, 0.3529],
         ...,
         [0.3686, 0.3647, 0.3529,  ..., 0.3529, 0.3490, 0.3451],
         [0.3725, 0.3529, 0.3647,  ..., 0.3529, 0.3647, 0.3451],
         [0.3569, 0.3529, 0.3569,  ..., 0.3529, 0.3451, 0.3569]]])",0.8800112009048462,0.83944833
"tensor([[[0.3686, 0.3647, 0.3490,  ..., 0.3529, 0.3451, 0.3529],
         [0.3529, 0.3608, 0.3529,  ..., 0.3569, 0.3608, 0.3529],
         [0.3608, 0.3569, 0.3647,  ..., 0.3569, 0.3490, 0.3529],
         ...,
         [0.3529, 0.3569, 0.3529,  ..., 0.3608, 0.3608, 0.3529],
         [0.3686, 0.3608, 0.3569,  ..., 0.3451, 0.3569, 0.3569],
         [0.3569, 0.3569, 0.3647,  ..., 0.3451, 0.3490, 0.3569]]])",0.8830945491790771,0.83258396
"tensor([[[0.3137, 0.3020, 0.2824,  ..., 0.2902, 0.2941, 0.2863],
         [0.2784, 0.3020, 0.2980,  ..., 0.2941, 0.2941, 0.2980],
         [0.2824, 0.3020, 0.3020,  ..., 0.3020, 0.2941, 0.2824],
         ...,
         [0.2902, 0.2706, 0.3098,  ..., 0.2863, 0.2980, 0.2902],
         [0.2902, 0.2980, 0.3059,  ..., 0.2863, 0.2902, 0.2941],
         [0.2902, 0.2980, 0.2824,  ..., 0.2941, 0.2824, 0.2902]]])",0.8479555249214172,0.80189216
"tensor([[[0.2353, 0.2157, 0.2196,  ..., 0.2196, 0.2118, 0.2157],
         [0.2235, 0.2235, 0.2314,  ..., 0.2157, 0.2235, 0.2275],
         [0.2196, 0.2196, 0.2235,  ..., 0.2235, 0.2314, 0.2157],
         ...,
         [0.2157, 0.2196, 0.2196,  ..., 0.2235, 0.2196, 0.2157],
         [0.2078, 0.2235, 0.2157,  ..., 0.2157, 0.2314, 0.2196],
         [0.2275, 0.2235, 0.2196,  ..., 0.2157, 0.2118, 0.2275]]])",0.9034762978553772,0.830793
"tensor([[[0.3059, 0.2980, 0.3059,  ..., 0.3020, 0.2902, 0.2980],
         [0.3098, 0.2980, 0.3137,  ..., 0.2980, 0.3059, 0.3098],
         [0.3020, 0.2980, 0.2980,  ..., 0.3059, 0.2980, 0.2980],
         ...,
         [0.2941, 0.3059, 0.2941,  ..., 0.3059, 0.2980, 0.2980],
         [0.2902, 0.3137, 0.2902,  ..., 0.2941, 0.2980, 0.2980],
         [0.3098, 0.2980, 0.2941,  ..., 0.2980, 0.3137, 0.2980]]])",0.9007582664489746,0.8423401
"tensor([[[0.2275, 0.2353, 0.2353,  ..., 0.2353, 0.2275, 0.2392],
         [0.2392, 0.2275, 0.2392,  ..., 0.2314, 0.2353, 0.2353],
         [0.2431, 0.2314, 0.2314,  ..., 0.2275, 0.2353, 0.2314],
         ...,
         [0.2275, 0.2275, 0.2392,  ..., 0.2431, 0.2314, 0.2392],
         [0.2314, 0.2431, 0.2353,  ..., 0.2314, 0.2314, 0.2353],
         [0.2431, 0.2275, 0.2196,  ..., 0.2353, 0.2392, 0.2353]]])",0.9224113821983337,0.86348575
"tensor([[[0.3843, 0.3804, 0.3961,  ..., 0.3961, 0.3843, 0.3922],
         [0.3961, 0.3843, 0.3765,  ..., 0.3922, 0.3843, 0.3882],
         [0.4000, 0.4078, 0.3922,  ..., 0.3882, 0.3843, 0.3961],
         ...,
         [0.4039, 0.3922, 0.4039,  ..., 0.3882, 0.3843, 0.3882],
         [0.3922, 0.3765, 0.3961,  ..., 0.4000, 0.4078, 0.3961],
         [0.3843, 0.3804, 0.4000,  ..., 0.3765, 0.3843, 0.4039]]])",0.84256911277771,0.80200595
"tensor([[[0.3490, 0.3451, 0.3451,  ..., 0.3255, 0.3412, 0.3451],
         [0.3412, 0.3451, 0.3412,  ..., 0.3412, 0.3529, 0.3490],
         [0.3451, 0.3490, 0.3569,  ..., 0.3490, 0.3529, 0.3412],
         ...,
         [0.3529, 0.3529, 0.3333,  ..., 0.3451, 0.3412, 0.3412],
         [0.3529, 0.3216, 0.3373,  ..., 0.3529, 0.3490, 0.3451],
         [0.3216, 0.3373, 0.3451,  ..., 0.3529, 0.3412, 0.3529]]])",0.8716826438903809,0.8263223
"tensor([[[0.2784, 0.2863, 0.3098,  ..., 0.2980, 0.3137, 0.2980],
         [0.3059, 0.2824, 0.2980,  ..., 0.3098, 0.2824, 0.2824],
         [0.3059, 0.3020, 0.3059,  ..., 0.2824, 0.2980, 0.3216],
         ...,
         [0.2980, 0.3137, 0.2824,  ..., 0.3020, 0.2941, 0.2941],
         [0.3137, 0.2745, 0.2863,  ..., 0.2980, 0.3098, 0.3137],
         [0.2941, 0.2745, 0.3020,  ..., 0.2902, 0.2902, 0.3020]]])",0.8417367935180664,0.79734325
"tensor([[[0.3725, 0.3765, 0.3961,  ..., 0.3843, 0.3608, 0.3922],
         [0.3725, 0.3647, 0.3765,  ..., 0.3765, 0.3765, 0.3725],
         [0.3843, 0.3725, 0.3686,  ..., 0.3608, 0.3686, 0.3804],
         ...,
         [0.3765, 0.3882, 0.3647,  ..., 0.3529, 0.3843, 0.3843],
         [0.3804, 0.3686, 0.3569,  ..., 0.3765, 0.3569, 0.3882],
         [0.3961, 0.3686, 0.3725,  ..., 0.3922, 0.3725, 0.3569]]])",0.8370512127876282,0.8148767
"tensor([[[0.3059, 0.2941, 0.2980,  ..., 0.3098, 0.2941, 0.3020],
         [0.2980, 0.2980, 0.3020,  ..., 0.2902, 0.2941, 0.2980],
         [0.2980, 0.3098, 0.2902,  ..., 0.2941, 0.2980, 0.2824],
         ...,
         [0.2980, 0.2941, 0.2941,  ..., 0.2902, 0.3020, 0.3020],
         [0.3098, 0.3020, 0.2902,  ..., 0.2902, 0.2863, 0.2980],
         [0.3098, 0.2863, 0.2863,  ..., 0.2902, 0.2980, 0.2941]]])",0.8454869985580444,0.82753813
"tensor([[[0.4902, 0.4471, 0.4667,  ..., 0.5333, 0.4706, 0.4353],
         [0.4863, 0.4745, 0.4588,  ..., 0.4784, 0.4588, 0.4588],
         [0.4784, 0.4706, 0.4745,  ..., 0.4667, 0.4588, 0.4510],
         ...,
         [0.4588, 0.4627, 0.4588,  ..., 0.4510, 0.4863, 0.4392],
         [0.4824, 0.4863, 0.4510,  ..., 0.4510, 0.4667, 0.4824],
         [0.4902, 0.4235, 0.4471,  ..., 0.4941, 0.4314, 0.4863]]])",0.7171511054039001,0.7349123
"tensor([[[0.3922, 0.3843, 0.3961,  ..., 0.3804, 0.4157, 0.3922],
         [0.3961, 0.3961, 0.3882,  ..., 0.4039, 0.3922, 0.3647],
         [0.3922, 0.3961, 0.4000,  ..., 0.3765, 0.3765, 0.4000],
         ...,
         [0.3843, 0.3922, 0.3725,  ..., 0.3765, 0.3843, 0.4000],
         [0.3922, 0.3765, 0.3922,  ..., 0.3882, 0.3843, 0.3765],
         [0.3843, 0.4000, 0.4000,  ..., 0.3804, 0.3922, 0.3922]]])",0.8229953646659851,0.8114824
"tensor([[[0.2627, 0.2745, 0.2745,  ..., 0.2627, 0.2863, 0.2667],
         [0.2667, 0.2667, 0.2745,  ..., 0.2824, 0.2627, 0.2627],
         [0.2784, 0.2667, 0.2745,  ..., 0.2588, 0.2706, 0.2824],
         ...,
         [0.2667, 0.2588, 0.2667,  ..., 0.2706, 0.2627, 0.2706],
         [0.2627, 0.2745, 0.2706,  ..., 0.2627, 0.2706, 0.2667],
         [0.2824, 0.2667, 0.2627,  ..., 0.2745, 0.2627, 0.2667]]])",0.9130210280418396,0.872645
"tensor([[[0.3098, 0.3294, 0.3255,  ..., 0.3176, 0.3216, 0.3176],
         [0.3176, 0.3098, 0.3294,  ..., 0.3176, 0.3255, 0.3098],
         [0.3255, 0.3216, 0.3137,  ..., 0.3255, 0.3059, 0.3216],
         ...,
         [0.3137, 0.3137, 0.3098,  ..., 0.3176, 0.3137, 0.3255],
         [0.3216, 0.3216, 0.3216,  ..., 0.3255, 0.3098, 0.3176],
         [0.3176, 0.3137, 0.3137,  ..., 0.3137, 0.3255, 0.3059]]])",0.9045608639717102,0.88208807
"tensor([[[0.3333, 0.3216, 0.3255,  ..., 0.3333, 0.3412, 0.3137],
         [0.3176, 0.3294, 0.3294,  ..., 0.3333, 0.3176, 0.3216],
         [0.3255, 0.3216, 0.3294,  ..., 0.3176, 0.3255, 0.3373],
         ...,
         [0.3137, 0.3137, 0.3255,  ..., 0.3216, 0.3255, 0.3216],
         [0.3216, 0.3294, 0.3255,  ..., 0.3294, 0.3216, 0.3333],
         [0.3255, 0.3216, 0.3137,  ..., 0.3373, 0.3176, 0.3255]]])",0.8689806461334229,0.8490963
"tensor([[[0.3608, 0.3647, 0.3686,  ..., 0.3647, 0.3647, 0.3882],
         [0.3725, 0.3608, 0.3647,  ..., 0.3647, 0.3725, 0.3686],
         [0.3647, 0.3725, 0.3725,  ..., 0.3647, 0.3647, 0.3569],
         ...,
         [0.3529, 0.3647, 0.3608,  ..., 0.3608, 0.3725, 0.3608],
         [0.3804, 0.3569, 0.3529,  ..., 0.3686, 0.3608, 0.3804],
         [0.3451, 0.3490, 0.3804,  ..., 0.3725, 0.3569, 0.3569]]])",0.858546257019043,0.83608603
"tensor([[[0.3725, 0.3608, 0.3804,  ..., 0.3725, 0.3569, 0.3569],
         [0.3608, 0.3686, 0.3765,  ..., 0.3569, 0.3569, 0.3765],
         [0.3765, 0.3608, 0.3608,  ..., 0.3569, 0.3725, 0.3647],
         ...,
         [0.3529, 0.3490, 0.3765,  ..., 0.3608, 0.3647, 0.3647],
         [0.3569, 0.3647, 0.3608,  ..., 0.3529, 0.3647, 0.3608],
         [0.3529, 0.3647, 0.3569,  ..., 0.3725, 0.3529, 0.3686]]])",0.862309992313385,0.84576225
"tensor([[[0.3882, 0.3765, 0.3686,  ..., 0.3647, 0.3725, 0.3765],
         [0.3843, 0.3804, 0.3882,  ..., 0.3647, 0.3647, 0.3608],
         [0.3843, 0.3765, 0.3843,  ..., 0.3569, 0.3647, 0.3765],
         ...,
         [0.3765, 0.3882, 0.3765,  ..., 0.3843, 0.3922, 0.3882],
         [0.3765, 0.3765, 0.3804,  ..., 0.3804, 0.3765, 0.4000],
         [0.3804, 0.3686, 0.3725,  ..., 0.3922, 0.3686, 0.3725]]])",0.8517028093338013,0.82162976
"tensor([[[0.4039, 0.4039, 0.4078,  ..., 0.3882, 0.4000, 0.3804],
         [0.4078, 0.4000, 0.4157,  ..., 0.4000, 0.3922, 0.3961],
         [0.4157, 0.4118, 0.3961,  ..., 0.4039, 0.3843, 0.4118],
         ...,
         [0.3882, 0.4118, 0.3922,  ..., 0.4196, 0.4039, 0.4000],
         [0.4118, 0.3882, 0.4000,  ..., 0.4157, 0.4118, 0.4118],
         [0.3961, 0.3843, 0.4118,  ..., 0.4039, 0.4078, 0.3922]]])",0.8300521373748779,0.8004909
"tensor([[[0.3569, 0.3647, 0.3647,  ..., 0.3451, 0.3569, 0.3451],
         [0.3569, 0.3686, 0.3569,  ..., 0.3647, 0.3647, 0.3569],
         [0.3647, 0.3608, 0.3647,  ..., 0.3569, 0.3569, 0.3412],
         ...,
         [0.3647, 0.3451, 0.3569,  ..., 0.3569, 0.3647, 0.3765],
         [0.3333, 0.3647, 0.3569,  ..., 0.3608, 0.3647, 0.3608],
         [0.3529, 0.3647, 0.3529,  ..., 0.3647, 0.3569, 0.3804]]])",0.8193495273590088,0.7940269
"tensor([[[0.3373, 0.3294, 0.3608,  ..., 0.3490, 0.3373, 0.3216],
         [0.3529, 0.3451, 0.3490,  ..., 0.3255, 0.3294, 0.3333],
         [0.3412, 0.3608, 0.3294,  ..., 0.3412, 0.3333, 0.3412],
         ...,
         [0.3333, 0.3490, 0.3216,  ..., 0.3451, 0.3333, 0.3333],
         [0.3569, 0.3176, 0.3412,  ..., 0.3529, 0.3451, 0.3451],
         [0.3255, 0.3176, 0.3608,  ..., 0.3451, 0.3412, 0.3529]]])",0.8129346966743469,0.7723817
"tensor([[[0.3686, 0.3765, 0.3922,  ..., 0.3804, 0.3725, 0.3804],
         [0.3804, 0.3765, 0.3882,  ..., 0.3725, 0.3725, 0.3686],
         [0.3882, 0.3765, 0.3804,  ..., 0.3725, 0.3725, 0.3765],
         ...,
         [0.3882, 0.3725, 0.3804,  ..., 0.3725, 0.3804, 0.3843],
         [0.3725, 0.3686, 0.3804,  ..., 0.3922, 0.3725, 0.3765],
         [0.3686, 0.3804, 0.3765,  ..., 0.3804, 0.3882, 0.3843]]])",0.9126446843147278,0.8499427
"tensor([[[0.3098, 0.2980, 0.3137,  ..., 0.2980, 0.3020, 0.2941],
         [0.3098, 0.3137, 0.3098,  ..., 0.2824, 0.2941, 0.2941],
         [0.3059, 0.3098, 0.2980,  ..., 0.3098, 0.3020, 0.2902],
         ...,
         [0.3216, 0.2863, 0.3020,  ..., 0.2980, 0.3098, 0.3216],
         [0.2980, 0.3059, 0.3137,  ..., 0.3098, 0.3020, 0.2902],
         [0.2863, 0.3020, 0.2980,  ..., 0.3255, 0.3216, 0.3176]]])",0.8418399691581726,0.7888161
"tensor([[[0.4078, 0.4353, 0.4314,  ..., 0.3765, 0.4196, 0.3882],
         [0.4196, 0.4078, 0.4314,  ..., 0.4078, 0.3961, 0.3882],
         [0.4235, 0.4157, 0.4157,  ..., 0.4078, 0.4000, 0.4196],
         ...,
         [0.4157, 0.4078, 0.4157,  ..., 0.4118, 0.4275, 0.4157],
         [0.4039, 0.4314, 0.4039,  ..., 0.4157, 0.4196, 0.4314],
         [0.4078, 0.4157, 0.3922,  ..., 0.4353, 0.4196, 0.4275]]])",0.8118183016777039,0.7700565
"tensor([[[0.3059, 0.2980, 0.3098,  ..., 0.2941, 0.2980, 0.2863],
         [0.2980, 0.3098, 0.3137,  ..., 0.3020, 0.2902, 0.2902],
         [0.3137, 0.2980, 0.3176,  ..., 0.2902, 0.2863, 0.3020],
         ...,
         [0.3059, 0.3059, 0.2980,  ..., 0.2941, 0.3020, 0.3176],
         [0.3098, 0.3020, 0.3020,  ..., 0.3176, 0.2980, 0.3059],
         [0.2980, 0.3020, 0.3020,  ..., 0.3020, 0.3059, 0.3176]]])",0.8578833937644958,0.8203287
"tensor([[[0.3569, 0.3529, 0.3451,  ..., 0.3373, 0.3451, 0.3373],
         [0.3569, 0.3490, 0.3529,  ..., 0.3294, 0.3529, 0.3451],
         [0.3490, 0.3451, 0.3569,  ..., 0.3529, 0.3490, 0.3294],
         ...,
         [0.3373, 0.3647, 0.3451,  ..., 0.3451, 0.3412, 0.3294],
         [0.3647, 0.3569, 0.3490,  ..., 0.3412, 0.3529, 0.3373],
         [0.3412, 0.3529, 0.3490,  ..., 0.3333, 0.3569, 0.3333]]])",0.8395348787307739,0.8138249
"tensor([[[0.3490, 0.3373, 0.3373,  ..., 0.3294, 0.3412, 0.3333],
         [0.3451, 0.3451, 0.3333,  ..., 0.3294, 0.3373, 0.3373],
         [0.3333, 0.3333, 0.3451,  ..., 0.3412, 0.3333, 0.3294],
         ...,
         [0.3294, 0.3412, 0.3412,  ..., 0.3373, 0.3373, 0.3373],
         [0.3451, 0.3490, 0.3373,  ..., 0.3333, 0.3333, 0.3333],
         [0.3412, 0.3294, 0.3333,  ..., 0.3412, 0.3333, 0.3373]]])",0.9354475736618042,0.8791897
"tensor([[[0.3647, 0.3686, 0.3569,  ..., 0.3490, 0.3569, 0.3529],
         [0.3608, 0.3686, 0.3608,  ..., 0.3529, 0.3490, 0.3412],
         [0.3529, 0.3608, 0.3765,  ..., 0.3294, 0.3451, 0.3490],
         ...,
         [0.3412, 0.3255, 0.3804,  ..., 0.3490, 0.3490, 0.3412],
         [0.3373, 0.3804, 0.3804,  ..., 0.3451, 0.3569, 0.3529],
         [0.3412, 0.3725, 0.3451,  ..., 0.3529, 0.3529, 0.3569]]])",0.8249225616455078,0.77285075
"tensor([[[0.3686, 0.3843, 0.3569,  ..., 0.3490, 0.3647, 0.3569],
         [0.3569, 0.3725, 0.3647,  ..., 0.3569, 0.3608, 0.3451],
         [0.3725, 0.3686, 0.3804,  ..., 0.3608, 0.3451, 0.3647],
         ...,
         [0.3569, 0.3490, 0.3647,  ..., 0.3529, 0.3647, 0.3529],
         [0.3608, 0.3608, 0.3843,  ..., 0.3608, 0.3529, 0.3725],
         [0.3569, 0.3647, 0.3804,  ..., 0.3647, 0.3608, 0.3686]]])",0.8455106019973755,0.814651
"tensor([[[0.2941, 0.2863, 0.2902,  ..., 0.2745, 0.2784, 0.2588],
         [0.2902, 0.2863, 0.2863,  ..., 0.2784, 0.2706, 0.2745],
         [0.2784, 0.2824, 0.2824,  ..., 0.2784, 0.2745, 0.2863],
         ...,
         [0.2588, 0.2667, 0.2824,  ..., 0.2627, 0.2824, 0.2941],
         [0.2745, 0.2863, 0.2941,  ..., 0.2784, 0.2667, 0.2784],
         [0.2863, 0.2863, 0.2863,  ..., 0.2902, 0.2745, 0.2745]]])",0.9009608030319214,0.8433633
"tensor([[[0.3373, 0.3373, 0.3412,  ..., 0.3333, 0.3412, 0.3176],
         [0.3373, 0.3373, 0.3373,  ..., 0.3412, 0.3216, 0.3294],
         [0.3451, 0.3373, 0.3294,  ..., 0.3255, 0.3333, 0.3451],
         ...,
         [0.3216, 0.3216, 0.3216,  ..., 0.3255, 0.3373, 0.3216],
         [0.3294, 0.3333, 0.3412,  ..., 0.3255, 0.3255, 0.3294],
         [0.3373, 0.3373, 0.3412,  ..., 0.3176, 0.3216, 0.3333]]])",0.8822405338287354,0.8353719
"tensor([[[0.6235, 0.6235, 0.6275,  ..., 0.6196, 0.6235, 0.6314],
         [0.6235, 0.6235, 0.6235,  ..., 0.6235, 0.6235, 0.6235],
         [0.6196, 0.6314, 0.6196,  ..., 0.6157, 0.6275, 0.6196],
         ...,
         [0.6078, 0.6235, 0.6196,  ..., 0.6196, 0.6196, 0.6196],
         [0.6157, 0.6235, 0.6157,  ..., 0.6157, 0.6157, 0.6157],
         [0.6196, 0.6196, 0.6235,  ..., 0.6157, 0.6157, 0.6157]]])",0.9424475431442261,0.85877603
"tensor([[[0.2784, 0.2863, 0.2902,  ..., 0.2824, 0.2863, 0.2784],
         [0.2980, 0.2941, 0.2902,  ..., 0.2863, 0.2902, 0.2902],
         [0.2863, 0.3020, 0.2941,  ..., 0.2941, 0.2863, 0.2784],
         ...,
         [0.2667, 0.2863, 0.2745,  ..., 0.2745, 0.2784, 0.2667],
         [0.2824, 0.2941, 0.2902,  ..., 0.2784, 0.2863, 0.2824],
         [0.2745, 0.2824, 0.2824,  ..., 0.2824, 0.2510, 0.2902]]])",0.8497356176376343,0.8073086
"tensor([[[0.3294, 0.3294, 0.3176,  ..., 0.2941, 0.3216, 0.3137],
         [0.3098, 0.3216, 0.3255,  ..., 0.3137, 0.3137, 0.3020],
         [0.3098, 0.3020, 0.3255,  ..., 0.3137, 0.2980, 0.3020],
         ...,
         [0.2980, 0.2980, 0.3098,  ..., 0.3059, 0.2941, 0.3098],
         [0.2980, 0.3137, 0.3059,  ..., 0.3098, 0.3098, 0.2902],
         [0.3216, 0.3098, 0.2980,  ..., 0.2980, 0.3176, 0.3020]]])",0.8640413284301758,0.82882845
"tensor([[[0.2196, 0.2235, 0.2235,  ..., 0.2157, 0.2157, 0.2196],
         [0.2196, 0.2196, 0.2196,  ..., 0.2157, 0.2196, 0.2196],
         [0.2196, 0.2196, 0.2196,  ..., 0.2157, 0.2157, 0.2118],
         ...,
         [0.2196, 0.2157, 0.2235,  ..., 0.2196, 0.2235, 0.2157],
         [0.2235, 0.2196, 0.2235,  ..., 0.2196, 0.2196, 0.2196],
         [0.2235, 0.2196, 0.2235,  ..., 0.2196, 0.2157, 0.2157]]])",0.9636469483375549,0.91716576
"tensor([[[0.2824, 0.2745, 0.2745,  ..., 0.2745, 0.2784, 0.2745],
         [0.2706, 0.2824, 0.2745,  ..., 0.2745, 0.2745, 0.2667],
         [0.2745, 0.2745, 0.2745,  ..., 0.2784, 0.2745, 0.2745],
         ...,
         [0.2706, 0.2667, 0.2824,  ..., 0.2784, 0.2706, 0.2706],
         [0.2824, 0.2824, 0.2745,  ..., 0.2706, 0.2745, 0.2706],
         [0.2863, 0.2706, 0.2706,  ..., 0.2745, 0.2706, 0.2824]]])",0.9456801414489746,0.9023066
"tensor([[[0.3098, 0.3137, 0.3059,  ..., 0.3137, 0.3176, 0.3137],
         [0.3098, 0.3059, 0.3098,  ..., 0.3137, 0.3098, 0.3020],
         [0.3137, 0.3137, 0.3176,  ..., 0.3176, 0.2941, 0.3137],
         ...,
         [0.3020, 0.3059, 0.3059,  ..., 0.3020, 0.3098, 0.3059],
         [0.3216, 0.3176, 0.3137,  ..., 0.3020, 0.3020, 0.3098],
         [0.3137, 0.2980, 0.3098,  ..., 0.3137, 0.3098, 0.3059]]])",0.8983193039894104,0.8391147
"tensor([[[0.3020, 0.3098, 0.3255,  ..., 0.3059, 0.3098, 0.3333],
         [0.3255, 0.3059, 0.3137,  ..., 0.3137, 0.3137, 0.3059],
         [0.3098, 0.3216, 0.3176,  ..., 0.3020, 0.3020, 0.3137],
         ...,
         [0.3216, 0.2980, 0.3216,  ..., 0.3059, 0.3255, 0.3216],
         [0.3059, 0.3255, 0.3255,  ..., 0.3137, 0.2980, 0.3176],
         [0.3137, 0.3216, 0.2941,  ..., 0.3373, 0.3137, 0.3020]]])",0.8483840823173523,0.78736234
"tensor([[[0.2392, 0.2392, 0.2353,  ..., 0.2353, 0.2314, 0.2314],
         [0.2431, 0.2392, 0.2431,  ..., 0.2353, 0.2314, 0.2314],
         [0.2431, 0.2314, 0.2392,  ..., 0.2431, 0.2275, 0.2314],
         ...,
         [0.2392, 0.2314, 0.2314,  ..., 0.2275, 0.2431, 0.2353],
         [0.2353, 0.2353, 0.2431,  ..., 0.2314, 0.2314, 0.2392],
         [0.2314, 0.2431, 0.2353,  ..., 0.2471, 0.2353, 0.2353]]])",0.9193618297576904,0.86528194
"tensor([[[0.3216, 0.3451, 0.3216,  ..., 0.3216, 0.3333, 0.3255],
         [0.3373, 0.3333, 0.3490,  ..., 0.3373, 0.3216, 0.3098],
         [0.3294, 0.3333, 0.3412,  ..., 0.3176, 0.3176, 0.3216],
         ...,
         [0.3294, 0.3216, 0.3255,  ..., 0.3412, 0.3137, 0.3333],
         [0.3255, 0.3176, 0.3294,  ..., 0.3412, 0.3412, 0.3176],
         [0.3255, 0.3294, 0.3333,  ..., 0.3294, 0.3333, 0.3255]]])",0.8508087992668152,0.81506455
"tensor([[[0.3098, 0.3176, 0.3255,  ..., 0.3098, 0.2902, 0.2902],
         [0.3137, 0.3098, 0.3216,  ..., 0.2902, 0.2902, 0.3020],
         [0.3294, 0.3098, 0.3137,  ..., 0.2824, 0.3137, 0.3020],
         ...,
         [0.2941, 0.3176, 0.2824,  ..., 0.3216, 0.2980, 0.3020],
         [0.3216, 0.2863, 0.3098,  ..., 0.3176, 0.3098, 0.2980],
         [0.2902, 0.2863, 0.3020,  ..., 0.3176, 0.3098, 0.3216]]])",0.8330489993095398,0.7943286
"tensor([[[0.4863, 0.5059, 0.4902,  ..., 0.4824, 0.4745, 0.4902],
         [0.4941, 0.4941, 0.4863,  ..., 0.4745, 0.4824, 0.4745],
         [0.4784, 0.4941, 0.4745,  ..., 0.4863, 0.4784, 0.4745],
         ...,
         [0.4745, 0.4745, 0.4784,  ..., 0.4863, 0.4902, 0.4863],
         [0.4706, 0.4784, 0.4863,  ..., 0.4745, 0.4745, 0.4863],
         [0.4667, 0.4902, 0.4667,  ..., 0.4824, 0.4745, 0.4824]]])",0.8715919852256775,0.82571375
"tensor([[[0.3647, 0.3608, 0.3961,  ..., 0.3569, 0.3647, 0.3451],
         [0.3686, 0.3529, 0.3804,  ..., 0.3608, 0.3412, 0.3608],
         [0.3686, 0.3373, 0.3451,  ..., 0.3529, 0.3451, 0.3490],
         ...,
         [0.3529, 0.3255, 0.3529,  ..., 0.3294, 0.3294, 0.3176],
         [0.3176, 0.3333, 0.3333,  ..., 0.3216, 0.3333, 0.3373],
         [0.3255, 0.3490, 0.3176,  ..., 0.3373, 0.3216, 0.3294]]])",0.8542588353157043,0.80341053
"tensor([[[0.3725, 0.3882, 0.4000,  ..., 0.3804, 0.3725, 0.3765],
         [0.3725, 0.3765, 0.3961,  ..., 0.3608, 0.3843, 0.3843],
         [0.4000, 0.3686, 0.3922,  ..., 0.3725, 0.3882, 0.3765],
         ...,
         [0.3373, 0.3686, 0.3569,  ..., 0.3451, 0.3608, 0.3569],
         [0.3725, 0.3608, 0.3647,  ..., 0.3647, 0.3529, 0.3608],
         [0.3843, 0.3529, 0.3686,  ..., 0.3569, 0.3725, 0.3529]]])",0.8302457928657532,0.7968648
"tensor([[[0.2353, 0.2471, 0.2431,  ..., 0.2392, 0.2392, 0.2392],
         [0.2510, 0.2392, 0.2471,  ..., 0.2392, 0.2392, 0.2431],
         [0.2510, 0.2431, 0.2431,  ..., 0.2431, 0.2431, 0.2392],
         ...,
         [0.2314, 0.2392, 0.2353,  ..., 0.2392, 0.2353, 0.2353],
         [0.2353, 0.2392, 0.2392,  ..., 0.2392, 0.2392, 0.2314],
         [0.2431, 0.2353, 0.2392,  ..., 0.2353, 0.2392, 0.2392]]])",0.9516913294792175,0.89685845
"tensor([[[0.2902, 0.3176, 0.2941,  ..., 0.2902, 0.2863, 0.2902],
         [0.3020, 0.2980, 0.3059,  ..., 0.2941, 0.2824, 0.2980],
         [0.3098, 0.3020, 0.2902,  ..., 0.2941, 0.2980, 0.2902],
         ...,
         [0.2941, 0.2902, 0.2784,  ..., 0.2902, 0.2784, 0.2863],
         [0.2980, 0.2706, 0.3059,  ..., 0.3020, 0.2902, 0.2667],
         [0.2941, 0.2863, 0.3098,  ..., 0.2941, 0.2980, 0.2902]]])",0.8513105511665344,0.8135328
"tensor([[[0.4353, 0.4392, 0.4314,  ..., 0.4314, 0.4078, 0.4196],
         [0.4235, 0.4353, 0.4275,  ..., 0.4118, 0.4118, 0.4275],
         [0.4392, 0.4353, 0.4275,  ..., 0.4078, 0.4392, 0.4235],
         ...,
         [0.4157, 0.4196, 0.4275,  ..., 0.4353, 0.4118, 0.4157],
         [0.4314, 0.4157, 0.4392,  ..., 0.4275, 0.4196, 0.4039],
         [0.4196, 0.4314, 0.4353,  ..., 0.4235, 0.4157, 0.4157]]])",0.8708313703536987,0.8299529
"tensor([[[0.3451, 0.3608, 0.3490,  ..., 0.3451, 0.3255, 0.3333],
         [0.3451, 0.3490, 0.3529,  ..., 0.3333, 0.3333, 0.3569],
         [0.3569, 0.3490, 0.3529,  ..., 0.3373, 0.3412, 0.3451],
         ...,
         [0.3451, 0.3451, 0.3373,  ..., 0.3529, 0.3333, 0.3412],
         [0.3412, 0.3412, 0.3490,  ..., 0.3333, 0.3490, 0.3216],
         [0.3412, 0.3451, 0.3529,  ..., 0.3373, 0.3490, 0.3255]]])",0.8375439643859863,0.8319537
"tensor([[[0.3569, 0.3725, 0.3569,  ..., 0.3451, 0.3412, 0.3451],
         [0.3569, 0.3647, 0.3686,  ..., 0.3490, 0.3451, 0.3529],
         [0.3529, 0.3608, 0.3608,  ..., 0.3490, 0.3529, 0.3451],
         ...,
         [0.3569, 0.3686, 0.3765,  ..., 0.3412, 0.3647, 0.3373],
         [0.3608, 0.3569, 0.3412,  ..., 0.3608, 0.3451, 0.3529],
         [0.3529, 0.3412, 0.3686,  ..., 0.3569, 0.3529, 0.3569]]])",0.8542383313179016,0.8384348
"tensor([[[0.4549, 0.4510, 0.4431,  ..., 0.4431, 0.4431, 0.4392],
         [0.4471, 0.4549, 0.4549,  ..., 0.4431, 0.4392, 0.4431],
         [0.4471, 0.4431, 0.4588,  ..., 0.4392, 0.4392, 0.4471],
         ...,
         [0.4431, 0.4392, 0.4549,  ..., 0.4510, 0.4431, 0.4471],
         [0.4392, 0.4549, 0.4471,  ..., 0.4431, 0.4431, 0.4431],
         [0.4549, 0.4510, 0.4471,  ..., 0.4549, 0.4431, 0.4392]]])",0.9156426787376404,0.876953
"tensor([[[0.2745, 0.2706, 0.2667,  ..., 0.2627, 0.2549, 0.2627],
         [0.2667, 0.2706, 0.2706,  ..., 0.2627, 0.2627, 0.2549],
         [0.2745, 0.2667, 0.2745,  ..., 0.2627, 0.2588, 0.2627],
         ...,
         [0.2627, 0.2627, 0.2745,  ..., 0.2784, 0.2745, 0.2706],
         [0.2627, 0.2667, 0.2627,  ..., 0.2745, 0.2667, 0.2627],
         [0.2706, 0.2706, 0.2627,  ..., 0.2745, 0.2784, 0.2706]]])",0.8888098001480103,0.8431775
"tensor([[[0.3922, 0.3843, 0.3961,  ..., 0.3725, 0.3765, 0.3765],
         [0.3882, 0.3804, 0.3961,  ..., 0.3882, 0.3804, 0.3725],
         [0.3804, 0.3922, 0.3922,  ..., 0.3804, 0.3725, 0.3804],
         ...,
         [0.3765, 0.3647, 0.4000,  ..., 0.4078, 0.4000, 0.3804],
         [0.3882, 0.3922, 0.3843,  ..., 0.3922, 0.4118, 0.3922],
         [0.3725, 0.3804, 0.3686,  ..., 0.3843, 0.3843, 0.4000]]])",0.8555830717086792,0.82720906
"tensor([[[0.4118, 0.4039, 0.4078,  ..., 0.4039, 0.3922, 0.4039],
         [0.4039, 0.4118, 0.4078,  ..., 0.3922, 0.4000, 0.4000],
         [0.4000, 0.4078, 0.4196,  ..., 0.4000, 0.4039, 0.3961],
         ...,
         [0.4000, 0.3922, 0.3961,  ..., 0.4275, 0.4196, 0.4235],
         [0.3922, 0.4000, 0.4118,  ..., 0.4118, 0.4275, 0.4196],
         [0.3922, 0.4078, 0.3843,  ..., 0.4314, 0.3922, 0.4196]]])",0.8646113276481628,0.8320528
"tensor([[[0.3882, 0.3882, 0.3882,  ..., 0.3843, 0.3804, 0.3765],
         [0.3922, 0.3922, 0.3843,  ..., 0.3765, 0.3843, 0.3725],
         [0.3882, 0.3961, 0.3922,  ..., 0.3804, 0.3804, 0.3922],
         ...,
         [0.3647, 0.3843, 0.3843,  ..., 0.4000, 0.4039, 0.4039],
         [0.3804, 0.3882, 0.3804,  ..., 0.4039, 0.3961, 0.4000],
         [0.3882, 0.3765, 0.3765,  ..., 0.4118, 0.3961, 0.3961]]])",0.8926917314529419,0.85039616
"tensor([[[0.3333, 0.3333, 0.3569,  ..., 0.3255, 0.3294, 0.3333],
         [0.3490, 0.3333, 0.3255,  ..., 0.3294, 0.3451, 0.3294],
         [0.3451, 0.3569, 0.3412,  ..., 0.3451, 0.3294, 0.3294],
         ...,
         [0.3451, 0.3137, 0.3333,  ..., 0.3608, 0.3490, 0.3490],
         [0.3255, 0.3176, 0.3569,  ..., 0.3451, 0.3608, 0.3569],
         [0.3373, 0.3373, 0.3255,  ..., 0.3647, 0.3451, 0.3490]]])",0.8842182159423828,0.8338419
"tensor([[[0.4157, 0.4314, 0.4275,  ..., 0.4118, 0.4000, 0.4000],
         [0.4196, 0.4118, 0.4275,  ..., 0.4118, 0.4078, 0.4235],
         [0.4314, 0.4235, 0.4275,  ..., 0.4118, 0.4275, 0.4196],
         ...,
         [0.4235, 0.4118, 0.4000,  ..., 0.4353, 0.4275, 0.4431],
         [0.4196, 0.3882, 0.4078,  ..., 0.4314, 0.4314, 0.4353],
         [0.4000, 0.4078, 0.4275,  ..., 0.4588, 0.4314, 0.4353]]])",0.826170802116394,0.7928054
"tensor([[[0.3725, 0.3686, 0.3765,  ..., 0.3686, 0.3725, 0.3608],
         [0.3725, 0.3686, 0.3765,  ..., 0.3765, 0.3608, 0.3647],
         [0.3647, 0.3647, 0.3725,  ..., 0.3608, 0.3647, 0.3686],
         ...,
         [0.3569, 0.3686, 0.3686,  ..., 0.3804, 0.3765, 0.3843],
         [0.3686, 0.3765, 0.3569,  ..., 0.3843, 0.3686, 0.3882],
         [0.3765, 0.3529, 0.3451,  ..., 0.3882, 0.3765, 0.3686]]])",0.8638550639152527,0.8446417
"tensor([[[0.3804, 0.3922, 0.3922,  ..., 0.3882, 0.3882, 0.3765],
         [0.3882, 0.3843, 0.3922,  ..., 0.3882, 0.3804, 0.3961],
         [0.3922, 0.3882, 0.3843,  ..., 0.3882, 0.3882, 0.3882],
         ...,
         [0.3922, 0.3882, 0.3922,  ..., 0.3961, 0.3922, 0.3922],
         [0.3882, 0.3922, 0.3922,  ..., 0.3882, 0.3922, 0.3882],
         [0.3922, 0.3922, 0.3882,  ..., 0.3922, 0.3922, 0.3922]]])",0.9447802901268005,0.91891104
"tensor([[[0.3490, 0.3647, 0.3529,  ..., 0.3529, 0.3647, 0.3569],
         [0.3529, 0.3490, 0.3686,  ..., 0.3686, 0.3412, 0.3373],
         [0.3490, 0.3490, 0.3490,  ..., 0.3255, 0.3529, 0.3647],
         ...,
         [0.3647, 0.3608, 0.3529,  ..., 0.3569, 0.3608, 0.3569],
         [0.3569, 0.3608, 0.3569,  ..., 0.3608, 0.3569, 0.3647],
         [0.3647, 0.3608, 0.3608,  ..., 0.3490, 0.3569, 0.3608]]])",0.8892629146575928,0.86500776
"tensor([[[0.3255, 0.3137, 0.3412,  ..., 0.3176, 0.3333, 0.3451],
         [0.3373, 0.3294, 0.3216,  ..., 0.3216, 0.3451, 0.3176],
         [0.3333, 0.3255, 0.3255,  ..., 0.3294, 0.3255, 0.3098],
         ...,
         [0.3373, 0.3373, 0.3333,  ..., 0.3412, 0.3412, 0.3137],
         [0.3529, 0.3451, 0.3294,  ..., 0.3176, 0.3373, 0.3529],
         [0.3412, 0.3137, 0.3490,  ..., 0.3529, 0.3137, 0.3294]]])",0.8345637321472168,0.8249495
"tensor([[[0.3647, 0.3451, 0.3373,  ..., 0.3412, 0.3529, 0.3608],
         [0.3490, 0.3569, 0.3451,  ..., 0.3373, 0.3686, 0.3529],
         [0.3569, 0.3451, 0.3569,  ..., 0.3608, 0.3490, 0.3373],
         ...,
         [0.3569, 0.3765, 0.3569,  ..., 0.3608, 0.3412, 0.3647],
         [0.3725, 0.3529, 0.3490,  ..., 0.3412, 0.3686, 0.3373],
         [0.3569, 0.3451, 0.3765,  ..., 0.3569, 0.3451, 0.3647]]])",0.8055747747421265,0.8122033
"tensor([[[0.3333, 0.3176, 0.3176,  ..., 0.3333, 0.3137, 0.3176],
         [0.3176, 0.3255, 0.3216,  ..., 0.3176, 0.3216, 0.3294],
         [0.3216, 0.3176, 0.3255,  ..., 0.3294, 0.3216, 0.3176],
         ...,
         [0.3333, 0.3216, 0.3176,  ..., 0.3255, 0.3098, 0.3294],
         [0.3176, 0.3216, 0.3373,  ..., 0.3137, 0.3255, 0.3137],
         [0.3255, 0.3373, 0.3176,  ..., 0.3255, 0.3176, 0.3176]]])",0.9200328588485718,0.90061593
"tensor([[[0.3804, 0.3843, 0.3843,  ..., 0.3922, 0.3804, 0.3765],
         [0.3882, 0.3804, 0.3843,  ..., 0.3843, 0.3804, 0.3922],
         [0.3804, 0.3882, 0.3843,  ..., 0.3843, 0.3882, 0.3804],
         ...,
         [0.3961, 0.3843, 0.3765,  ..., 0.3843, 0.3765, 0.3843],
         [0.3765, 0.3804, 0.3922,  ..., 0.3843, 0.3882, 0.3804],
         [0.3765, 0.3961, 0.3922,  ..., 0.3843, 0.3804, 0.3882]]])",0.9379227757453918,0.9169415
"tensor([[[0.4902, 0.4863, 0.4784,  ..., 0.4824, 0.4902, 0.4941],
         [0.4824, 0.4902, 0.4863,  ..., 0.4902, 0.4980, 0.4824],
         [0.4824, 0.4784, 0.4941,  ..., 0.4902, 0.4824, 0.4863],
         ...,
         [0.4980, 0.4902, 0.4902,  ..., 0.5098, 0.4667, 0.4941],
         [0.4784, 0.4902, 0.4980,  ..., 0.4941, 0.4941, 0.4706],
         [0.4941, 0.5059, 0.4902,  ..., 0.4824, 0.4941, 0.4902]]])",0.8489965200424194,0.82804096
"tensor([[[0.4471, 0.4588, 0.4627,  ..., 0.4314, 0.4353, 0.4275],
         [0.4549, 0.4431, 0.4588,  ..., 0.4392, 0.4353, 0.4353],
         [0.4627, 0.4549, 0.4549,  ..., 0.4314, 0.4353, 0.4314],
         ...,
         [0.4392, 0.4510, 0.4431,  ..., 0.4549, 0.4510, 0.4431],
         [0.4627, 0.4471, 0.4471,  ..., 0.4510, 0.4667, 0.4627],
         [0.4627, 0.4392, 0.4471,  ..., 0.4667, 0.4471, 0.4706]]])",0.8826320767402649,0.82330453
"tensor([[[0.3765, 0.3804, 0.3843,  ..., 0.3569, 0.3608, 0.3765],
         [0.3843, 0.3882, 0.3804,  ..., 0.3647, 0.3843, 0.3608],
         [0.3843, 0.3804, 0.4000,  ..., 0.3686, 0.3647, 0.3569],
         ...,
         [0.3843, 0.3686, 0.3765,  ..., 0.3765, 0.3843, 0.3804],
         [0.3725, 0.3765, 0.3765,  ..., 0.3882, 0.3765, 0.3804],
         [0.3882, 0.3804, 0.3765,  ..., 0.3765, 0.3804, 0.3725]]])",0.8494594693183899,0.82585347
"tensor([[[0.3255, 0.3176, 0.3098,  ..., 0.3098, 0.3059, 0.3059],
         [0.3137, 0.3255, 0.3176,  ..., 0.3098, 0.3059, 0.3059],
         [0.3137, 0.3137, 0.3216,  ..., 0.3098, 0.3098, 0.3137],
         ...,
         [0.3176, 0.3020, 0.3216,  ..., 0.3137, 0.3098, 0.3176],
         [0.3216, 0.3059, 0.3294,  ..., 0.3216, 0.3098, 0.3059],
         [0.2980, 0.3216, 0.3255,  ..., 0.3059, 0.3216, 0.3137]]])",0.8814215064048767,0.85662365
"tensor([[[0.3922, 0.3804, 0.3882,  ..., 0.3725, 0.3922, 0.3882],
         [0.3922, 0.3922, 0.3922,  ..., 0.3882, 0.3882, 0.3882],
         [0.3843, 0.3804, 0.3961,  ..., 0.3922, 0.3882, 0.3804],
         ...,
         [0.3882, 0.3843, 0.4000,  ..., 0.3882, 0.3922, 0.3804],
         [0.3804, 0.4039, 0.3922,  ..., 0.3843, 0.3843, 0.3882],
         [0.3961, 0.3922, 0.3765,  ..., 0.3804, 0.3804, 0.3843]]])",0.8785011172294617,0.8561021
"tensor([[[0.4588, 0.4392, 0.4627,  ..., 0.4627, 0.4392, 0.4353],
         [0.4549, 0.4431, 0.4549,  ..., 0.4471, 0.4353, 0.4314],
         [0.4588, 0.4431, 0.4471,  ..., 0.4431, 0.4471, 0.4588],
         ...,
         [0.4471, 0.4431, 0.4588,  ..., 0.4510, 0.4471, 0.4431],
         [0.4510, 0.4471, 0.4510,  ..., 0.4431, 0.4549, 0.4471],
         [0.4431, 0.4510, 0.4392,  ..., 0.4431, 0.4510, 0.4510]]])",0.8412846326828003,0.820038
"tensor([[[0.3333, 0.3294, 0.3216,  ..., 0.3255, 0.3176, 0.2980],
         [0.3098, 0.3294, 0.3294,  ..., 0.3098, 0.3098, 0.3294],
         [0.3137, 0.3255, 0.3255,  ..., 0.3137, 0.3294, 0.3294],
         ...,
         [0.3255, 0.3333, 0.3294,  ..., 0.3294, 0.3216, 0.3255],
         [0.3333, 0.3216, 0.3216,  ..., 0.3333, 0.3255, 0.3216],
         [0.3294, 0.3255, 0.3216,  ..., 0.3333, 0.3255, 0.3216]]])",0.8596290946006775,0.8426447
"tensor([[[0.4157, 0.4196, 0.4078,  ..., 0.4039, 0.4078, 0.4235],
         [0.4157, 0.4196, 0.4157,  ..., 0.4000, 0.4196, 0.4000],
         [0.4157, 0.4157, 0.4118,  ..., 0.4078, 0.4078, 0.4157],
         ...,
         [0.4235, 0.4157, 0.4078,  ..., 0.4235, 0.4118, 0.4157],
         [0.4000, 0.4039, 0.4078,  ..., 0.4235, 0.4235, 0.4235],
         [0.4196, 0.4157, 0.4196,  ..., 0.4235, 0.4157, 0.4078]]])",0.8792389035224915,0.8368373
"tensor([[[0.3765, 0.3843, 0.3804,  ..., 0.3804, 0.3804, 0.3882],
         [0.3765, 0.3804, 0.3765,  ..., 0.3804, 0.3804, 0.3725],
         [0.3765, 0.3804, 0.3843,  ..., 0.3765, 0.3765, 0.3804],
         ...,
         [0.3765, 0.3765, 0.3843,  ..., 0.3843, 0.3804, 0.3843],
         [0.3725, 0.3765, 0.3765,  ..., 0.3804, 0.3804, 0.3843],
         [0.3686, 0.3804, 0.3804,  ..., 0.3765, 0.3804, 0.3725]]])",0.9345806837081909,0.9196382
"tensor([[[0.3059, 0.3059, 0.3059,  ..., 0.3059, 0.3059, 0.3020],
         [0.3098, 0.3098, 0.3059,  ..., 0.3059, 0.3020, 0.3098],
         [0.3098, 0.3098, 0.3098,  ..., 0.3059, 0.3059, 0.3059],
         ...,
         [0.3098, 0.3098, 0.3098,  ..., 0.3137, 0.3098, 0.3059],
         [0.3098, 0.3098, 0.3059,  ..., 0.3059, 0.3098, 0.3059],
         [0.3098, 0.3098, 0.3059,  ..., 0.3059, 0.3098, 0.3059]]])",0.9746790528297424,0.9264384
"tensor([[[0.3176, 0.3137, 0.3216,  ..., 0.3176, 0.3059, 0.3098],
         [0.3176, 0.3137, 0.3137,  ..., 0.3137, 0.3020, 0.3176],
         [0.3216, 0.3176, 0.3137,  ..., 0.3059, 0.3098, 0.3098],
         ...,
         [0.3059, 0.3098, 0.3176,  ..., 0.3137, 0.3216, 0.3098],
         [0.3137, 0.3176, 0.3216,  ..., 0.3176, 0.3216, 0.3255],
         [0.3137, 0.3137, 0.3020,  ..., 0.3216, 0.3176, 0.3294]]])",0.9483926296234131,0.9016153
"tensor([[[0.3804, 0.3765, 0.3725,  ..., 0.3725, 0.3529, 0.3647],
         [0.3843, 0.3765, 0.3765,  ..., 0.3686, 0.3608, 0.3686],
         [0.3765, 0.3765, 0.3765,  ..., 0.3569, 0.3686, 0.3647],
         ...,
         [0.3608, 0.3686, 0.3765,  ..., 0.3765, 0.3725, 0.3647],
         [0.3765, 0.3843, 0.3765,  ..., 0.3686, 0.3725, 0.3725],
         [0.3686, 0.3686, 0.3608,  ..., 0.3804, 0.3686, 0.3725]]])",0.894307553768158,0.85352093
"tensor([[[0.2784, 0.2745, 0.2588,  ..., 0.2471, 0.2706, 0.2627],
         [0.2745, 0.2863, 0.2667,  ..., 0.2667, 0.2627, 0.2431],
         [0.2706, 0.2824, 0.2706,  ..., 0.2667, 0.2471, 0.2588],
         ...,
         [0.2627, 0.2824, 0.2588,  ..., 0.2745, 0.2549, 0.2667],
         [0.2706, 0.2667, 0.2549,  ..., 0.2627, 0.2706, 0.2745],
         [0.2627, 0.2588, 0.2706,  ..., 0.2745, 0.2588, 0.2706]]])",0.8576260805130005,0.81841725
"tensor([[[0.3843, 0.3882, 0.4039,  ..., 0.3922, 0.3765, 0.3843],
         [0.4000, 0.3843, 0.3882,  ..., 0.3765, 0.3843, 0.3961],
         [0.3961, 0.4039, 0.3843,  ..., 0.3882, 0.3922, 0.3804],
         ...,
         [0.3961, 0.3843, 0.3804,  ..., 0.4039, 0.3961, 0.3961],
         [0.3882, 0.3922, 0.3961,  ..., 0.4000, 0.3882, 0.3961],
         [0.3608, 0.4118, 0.3882,  ..., 0.4000, 0.4039, 0.3922]]])",0.8187422156333923,0.807606
"tensor([[[0.2902, 0.2902, 0.2980,  ..., 0.2941, 0.2902, 0.3020],
         [0.2980, 0.2941, 0.3137,  ..., 0.2980, 0.2824, 0.2941],
         [0.3020, 0.2863, 0.2824,  ..., 0.2863, 0.2863, 0.2902],
         ...,
         [0.2902, 0.2784, 0.2863,  ..., 0.3059, 0.3020, 0.3137],
         [0.2588, 0.2863, 0.2863,  ..., 0.3137, 0.3020, 0.3020],
         [0.2863, 0.3020, 0.2902,  ..., 0.3020, 0.3176, 0.3137]]])",0.838043749332428,0.815856
"tensor([[[0.3804, 0.3922, 0.4039,  ..., 0.3882, 0.4078, 0.3804],
         [0.3843, 0.3882, 0.3961,  ..., 0.4039, 0.3843, 0.3804],
         [0.4078, 0.3804, 0.3882,  ..., 0.3725, 0.3843, 0.4039],
         ...,
         [0.4000, 0.3922, 0.3882,  ..., 0.3882, 0.4118, 0.3961],
         [0.3843, 0.3843, 0.3804,  ..., 0.4118, 0.3843, 0.4000],
         [0.4000, 0.3882, 0.3843,  ..., 0.4000, 0.4039, 0.3765]]])",0.8339904546737671,0.7962763
"tensor([[[0.4000, 0.4078, 0.4000,  ..., 0.4000, 0.4039, 0.3843],
         [0.3843, 0.3843, 0.4078,  ..., 0.3804, 0.3961, 0.4000],
         [0.4000, 0.3804, 0.3843,  ..., 0.4000, 0.3922, 0.4157],
         ...,
         [0.4000, 0.4000, 0.3922,  ..., 0.4000, 0.3961, 0.4000],
         [0.3922, 0.3922, 0.4000,  ..., 0.4039, 0.3882, 0.3843],
         [0.4039, 0.4039, 0.4039,  ..., 0.3843, 0.4000, 0.3765]]])",0.8216584324836731,0.7921548
"tensor([[[0.4745, 0.4510, 0.4588,  ..., 0.4549, 0.4549, 0.4588],
         [0.4667, 0.4706, 0.4588,  ..., 0.4549, 0.4588, 0.4627],
         [0.4471, 0.4627, 0.4588,  ..., 0.4667, 0.4588, 0.4588],
         ...,
         [0.4510, 0.4510, 0.4588,  ..., 0.4824, 0.4314, 0.4667],
         [0.4588, 0.4667, 0.4706,  ..., 0.4667, 0.4627, 0.4275],
         [0.4588, 0.4627, 0.4627,  ..., 0.4275, 0.4627, 0.4510]]])",0.8303549289703369,0.81292975
"tensor([[[0.3176, 0.3216, 0.3333,  ..., 0.3333, 0.3176, 0.3294],
         [0.3216, 0.3216, 0.3216,  ..., 0.3373, 0.3216, 0.3333],
         [0.3216, 0.3216, 0.3294,  ..., 0.3216, 0.3333, 0.3216],
         ...,
         [0.3333, 0.3216, 0.3255,  ..., 0.3216, 0.3216, 0.3137],
         [0.3255, 0.3294, 0.3176,  ..., 0.3137, 0.3216, 0.3098],
         [0.3176, 0.3216, 0.3216,  ..., 0.3176, 0.3176, 0.3216]]])",0.8846383094787598,0.8481984
"tensor([[[0.4667, 0.4784, 0.4824,  ..., 0.4824, 0.4863, 0.4863],
         [0.4706, 0.4745, 0.4745,  ..., 0.4784, 0.4863, 0.4745],
         [0.4784, 0.4784, 0.4784,  ..., 0.4863, 0.4863, 0.4824],
         ...,
         [0.4745, 0.4745, 0.4824,  ..., 0.4706, 0.4784, 0.4902],
         [0.4784, 0.4824, 0.4745,  ..., 0.4745, 0.4745, 0.4667],
         [0.4824, 0.4784, 0.4784,  ..., 0.4824, 0.4706, 0.4745]]])",0.9010518193244934,0.86095333
"tensor([[[0.4314, 0.4275, 0.4392,  ..., 0.4549, 0.4392, 0.4431],
         [0.4392, 0.4353, 0.4392,  ..., 0.4431, 0.4431, 0.4549],
         [0.4275, 0.4431, 0.4353,  ..., 0.4431, 0.4549, 0.4392],
         ...,
         [0.4392, 0.4314, 0.4235,  ..., 0.4314, 0.4588, 0.4314],
         [0.4353, 0.4275, 0.4392,  ..., 0.4196, 0.4353, 0.4667],
         [0.4314, 0.4314, 0.4431,  ..., 0.4431, 0.4275, 0.4471]]])",0.8230657577514648,0.79593396
"tensor([[[0.4745, 0.5020, 0.4784,  ..., 0.5020, 0.4902, 0.4824],
         [0.4824, 0.4745, 0.4902,  ..., 0.4980, 0.4824, 0.5059],
         [0.4863, 0.4745, 0.4745,  ..., 0.4745, 0.4980, 0.5098],
         ...,
         [0.4745, 0.4824, 0.4902,  ..., 0.5059, 0.4863, 0.4784],
         [0.4863, 0.4941, 0.4784,  ..., 0.4863, 0.5059, 0.4745],
         [0.4824, 0.4745, 0.4863,  ..., 0.4745, 0.4980, 0.5020]]])",0.8445082902908325,0.81124264
"tensor([[[0.4039, 0.4039, 0.3961,  ..., 0.4118, 0.4039, 0.4000],
         [0.3961, 0.3922, 0.3882,  ..., 0.4118, 0.4000, 0.4275],
         [0.3922, 0.3961, 0.3882,  ..., 0.4118, 0.4118, 0.4118],
         ...,
         [0.3961, 0.4039, 0.4000,  ..., 0.4157, 0.4118, 0.4039],
         [0.4078, 0.4078, 0.3922,  ..., 0.3961, 0.4039, 0.4039],
         [0.4078, 0.3882, 0.4000,  ..., 0.4000, 0.3961, 0.4078]]])",0.8858829736709595,0.838373
"tensor([[[0.3020, 0.2980, 0.3020,  ..., 0.3176, 0.3137, 0.3216],
         [0.3059, 0.2941, 0.2980,  ..., 0.3176, 0.3137, 0.3137],
         [0.2980, 0.3059, 0.2980,  ..., 0.3255, 0.3059, 0.3020],
         ...,
         [0.3098, 0.2980, 0.2980,  ..., 0.2902, 0.3255, 0.3020],
         [0.3020, 0.2980, 0.3020,  ..., 0.3059, 0.3059, 0.3098],
         [0.3059, 0.3020, 0.3137,  ..., 0.3294, 0.3098, 0.3098]]])",0.8836818933486938,0.8340612
"tensor([[[0.3686, 0.3529, 0.3569,  ..., 0.3686, 0.3804, 0.3569],
         [0.3569, 0.3490, 0.3569,  ..., 0.3843, 0.3569, 0.3647],
         [0.3529, 0.3569, 0.3529,  ..., 0.3725, 0.3490, 0.3765],
         ...,
         [0.3569, 0.3412, 0.3490,  ..., 0.3451, 0.3686, 0.3412],
         [0.3373, 0.3373, 0.3569,  ..., 0.3451, 0.3529, 0.3647],
         [0.3451, 0.3647, 0.3451,  ..., 0.3647, 0.3451, 0.3725]]])",0.872954249382019,0.8287425
"tensor([[[0.3137, 0.3255, 0.3059,  ..., 0.3216, 0.3137, 0.3294],
         [0.3059, 0.3137, 0.3059,  ..., 0.3255, 0.3059, 0.3176],
         [0.3216, 0.3137, 0.3020,  ..., 0.3176, 0.3020, 0.3294],
         ...,
         [0.2941, 0.2863, 0.2902,  ..., 0.3020, 0.2863, 0.2902],
         [0.2980, 0.2980, 0.2980,  ..., 0.2941, 0.2980, 0.2863],
         [0.3216, 0.3098, 0.3020,  ..., 0.2863, 0.3059, 0.2902]]])",0.852706253528595,0.7613746
"tensor([[[0.5608, 0.5608, 0.5608,  ..., 0.5373, 0.5608, 0.5647],
         [0.5529, 0.5647, 0.5373,  ..., 0.5451, 0.5647, 0.5294],
         [0.5529, 0.5608, 0.5569,  ..., 0.5686, 0.5451, 0.5451],
         ...,
         [0.5451, 0.5451, 0.5333,  ..., 0.5569, 0.5373, 0.5216],
         [0.5529, 0.5255, 0.5529,  ..., 0.5333, 0.5451, 0.5176],
         [0.5373, 0.5490, 0.5529,  ..., 0.5373, 0.5333, 0.5294]]])",0.8451364040374756,0.78073895
"tensor([[[0.4314, 0.4706, 0.4588,  ..., 0.4510, 0.4549, 0.4667],
         [0.4667, 0.4588, 0.4745,  ..., 0.4471, 0.4745, 0.4627],
         [0.4745, 0.4627, 0.4627,  ..., 0.4863, 0.4667, 0.4510],
         ...,
         [0.4392, 0.4745, 0.4471,  ..., 0.4588, 0.4706, 0.4667],
         [0.4471, 0.4471, 0.4196,  ..., 0.4667, 0.4824, 0.4471],
         [0.4431, 0.4353, 0.4431,  ..., 0.4588, 0.4314, 0.4275]]])",0.8078325390815735,0.7770631
"tensor([[[0.5490, 0.5333, 0.5490,  ..., 0.5373, 0.5373, 0.5373],
         [0.5412, 0.5490, 0.5373,  ..., 0.5490, 0.5412, 0.5412],
         [0.5373, 0.5490, 0.5451,  ..., 0.5451, 0.5412, 0.5373],
         ...,
         [0.5333, 0.5333, 0.5412,  ..., 0.5294, 0.5255, 0.5216],
         [0.5333, 0.5373, 0.5333,  ..., 0.5333, 0.5255, 0.5098],
         [0.5333, 0.5333, 0.5373,  ..., 0.5255, 0.5373, 0.5216]]])",0.903530478477478,0.850318
"tensor([[[0.4431, 0.4392, 0.4431,  ..., 0.4118, 0.4078, 0.4314],
         [0.4431, 0.4353, 0.4314,  ..., 0.4196, 0.4157, 0.4275],
         [0.4196, 0.4431, 0.4275,  ..., 0.4078, 0.4314, 0.4039],
         ...,
         [0.4039, 0.4235, 0.4235,  ..., 0.4118, 0.3804, 0.4078],
         [0.4275, 0.4157, 0.4000,  ..., 0.4039, 0.3922, 0.3765],
         [0.3961, 0.4078, 0.3961,  ..., 0.3843, 0.4078, 0.3804]]])",0.8286957144737244,0.78945524
"tensor([[[0.3608, 0.3608, 0.3765,  ..., 0.3608, 0.3373, 0.3412],
         [0.3647, 0.3608, 0.3765,  ..., 0.3451, 0.3451, 0.3490],
         [0.3647, 0.3647, 0.3373,  ..., 0.3608, 0.3373, 0.3569],
         ...,
         [0.3490, 0.3255, 0.3529,  ..., 0.3373, 0.3451, 0.3373],
         [0.3412, 0.3569, 0.3451,  ..., 0.3451, 0.3490, 0.3412],
         [0.3333, 0.3490, 0.3451,  ..., 0.3333, 0.3333, 0.3412]]])",0.8441118597984314,0.80087566
"tensor([[[0.4039, 0.4118, 0.4275,  ..., 0.3961, 0.4039, 0.3922],
         [0.4235, 0.4157, 0.4118,  ..., 0.4078, 0.3922, 0.4039],
         [0.4039, 0.4314, 0.4000,  ..., 0.4039, 0.3961, 0.4039],
         ...,
         [0.4039, 0.3922, 0.4078,  ..., 0.3961, 0.3843, 0.4078],
         [0.3961, 0.3961, 0.4118,  ..., 0.4078, 0.3882, 0.3882],
         [0.4118, 0.4000, 0.3961,  ..., 0.4039, 0.4039, 0.3804]]])",0.8506610989570618,0.80961376
"tensor([[[0.3804, 0.4000, 0.4157,  ..., 0.3765, 0.3961, 0.3882],
         [0.3961, 0.3882, 0.3961,  ..., 0.3882, 0.3922, 0.3804],
         [0.4000, 0.3882, 0.4000,  ..., 0.4000, 0.3725, 0.3843],
         ...,
         [0.3765, 0.3765, 0.3804,  ..., 0.3608, 0.3647, 0.3569],
         [0.3843, 0.3765, 0.3725,  ..., 0.3569, 0.3569, 0.3569],
         [0.3765, 0.3686, 0.3922,  ..., 0.3725, 0.3569, 0.3569]]])",0.8458892703056335,0.8123102
"tensor([[[0.3529, 0.3647, 0.3412,  ..., 0.3255, 0.3294, 0.3451],
         [0.3451, 0.3647, 0.3490,  ..., 0.3294, 0.3490, 0.3294],
         [0.3294, 0.3412, 0.3529,  ..., 0.3294, 0.3255, 0.3020],
         ...,
         [0.3294, 0.3176, 0.3333,  ..., 0.3059, 0.2980, 0.3216],
         [0.3373, 0.3255, 0.3451,  ..., 0.3137, 0.2941, 0.2941],
         [0.3373, 0.3373, 0.3216,  ..., 0.3176, 0.3216, 0.3020]]])",0.8286950588226318,0.795038
"tensor([[[0.2549, 0.2706, 0.2471,  ..., 0.2588, 0.2471, 0.2549],
         [0.2549, 0.2706, 0.2667,  ..., 0.2471, 0.2510, 0.2471],
         [0.2667, 0.2549, 0.2706,  ..., 0.2510, 0.2549, 0.2549],
         ...,
         [0.2353, 0.2471, 0.2549,  ..., 0.2314, 0.2235, 0.2353],
         [0.2588, 0.2588, 0.2549,  ..., 0.2471, 0.2275, 0.2314],
         [0.2667, 0.2510, 0.2627,  ..., 0.2431, 0.2431, 0.2431]]])",0.8759168386459351,0.8307269
"tensor([[[0.3843, 0.3804, 0.4039,  ..., 0.3725, 0.3843, 0.3843],
         [0.3647, 0.3804, 0.3843,  ..., 0.3765, 0.3804, 0.3569],
         [0.3882, 0.3804, 0.3686,  ..., 0.3725, 0.3569, 0.3804],
         ...,
         [0.3961, 0.3961, 0.3882,  ..., 0.3529, 0.3569, 0.3608],
         [0.4000, 0.3922, 0.3922,  ..., 0.3608, 0.3765, 0.3686],
         [0.3804, 0.4000, 0.3882,  ..., 0.3608, 0.3529, 0.3725]]])",0.8498358726501465,0.81156033
"tensor([[[0.2784, 0.2745, 0.2745,  ..., 0.2667, 0.2784, 0.2627],
         [0.2588, 0.2745, 0.2667,  ..., 0.2667, 0.2667, 0.2549],
         [0.2745, 0.2667, 0.2706,  ..., 0.2588, 0.2667, 0.2549],
         ...,
         [0.2824, 0.2902, 0.2745,  ..., 0.2549, 0.2667, 0.2706],
         [0.2824, 0.2784, 0.2627,  ..., 0.2588, 0.2588, 0.2706],
         [0.2745, 0.2588, 0.2824,  ..., 0.2667, 0.2627, 0.2549]]])",0.8964371085166931,0.85427266
"tensor([[[0.2471, 0.2431, 0.2510,  ..., 0.2353, 0.2471, 0.2314],
         [0.2431, 0.2510, 0.2431,  ..., 0.2353, 0.2471, 0.2392],
         [0.2353, 0.2431, 0.2353,  ..., 0.2392, 0.2392, 0.2353],
         ...,
         [0.2549, 0.2549, 0.2510,  ..., 0.2392, 0.2471, 0.2510],
         [0.2588, 0.2510, 0.2510,  ..., 0.2431, 0.2431, 0.2431],
         [0.2549, 0.2471, 0.2549,  ..., 0.2510, 0.2431, 0.2471]]])",0.9198355078697205,0.86800253
"tensor([[[0.4510, 0.4510, 0.4471,  ..., 0.4549, 0.4471, 0.4510],
         [0.4549, 0.4549, 0.4510,  ..., 0.4471, 0.4510, 0.4510],
         [0.4510, 0.4510, 0.4549,  ..., 0.4510, 0.4510, 0.4431],
         ...,
         [0.4510, 0.4588, 0.4510,  ..., 0.4549, 0.4588, 0.4471],
         [0.4627, 0.4549, 0.4588,  ..., 0.4549, 0.4549, 0.4549],
         [0.4667, 0.4510, 0.4588,  ..., 0.4510, 0.4549, 0.4510]]])",0.936911404132843,0.88945127
"tensor([[[0.4000, 0.4039, 0.4039,  ..., 0.4039, 0.4039, 0.4039],
         [0.4196, 0.4078, 0.3922,  ..., 0.4118, 0.3882, 0.4000],
         [0.3882, 0.4118, 0.4196,  ..., 0.4157, 0.3961, 0.4157],
         ...,
         [0.4157, 0.4196, 0.4314,  ..., 0.4157, 0.4039, 0.4039],
         [0.4353, 0.4314, 0.4118,  ..., 0.4275, 0.4275, 0.3961],
         [0.4118, 0.4118, 0.4235,  ..., 0.3922, 0.4235, 0.4235]]])",0.8453062176704407,0.799943
"tensor([[[0.3333, 0.3451, 0.3451,  ..., 0.3412, 0.3529, 0.3451],
         [0.3529, 0.3490, 0.3333,  ..., 0.3569, 0.3412, 0.3412],
         [0.3373, 0.3490, 0.3490,  ..., 0.3373, 0.3373, 0.3451],
         ...,
         [0.3686, 0.3647, 0.3529,  ..., 0.3647, 0.3373, 0.3529],
         [0.3569, 0.3608, 0.3490,  ..., 0.3647, 0.3608, 0.3608],
         [0.3569, 0.3647, 0.3725,  ..., 0.3569, 0.3686, 0.3451]]])",0.8298169374465942,0.7850752
"tensor([[[0.3569, 0.3490, 0.3490,  ..., 0.3490, 0.3490, 0.3608],
         [0.3608, 0.3529, 0.3529,  ..., 0.3412, 0.3529, 0.3647],
         [0.3373, 0.3569, 0.3608,  ..., 0.3569, 0.3608, 0.3333],
         ...,
         [0.3451, 0.3686, 0.3647,  ..., 0.3765, 0.3490, 0.3569],
         [0.3647, 0.3686, 0.3529,  ..., 0.3608, 0.3725, 0.3686],
         [0.3529, 0.3529, 0.3608,  ..., 0.3765, 0.3451, 0.3490]]])",0.8392837047576904,0.81069165
"tensor([[[0.3647, 0.3647, 0.3647,  ..., 0.3686, 0.3725, 0.3569],
         [0.3647, 0.3647, 0.3608,  ..., 0.3490, 0.3686, 0.3647],
         [0.3725, 0.3608, 0.3725,  ..., 0.3686, 0.3686, 0.3569],
         ...,
         [0.3804, 0.3765, 0.3765,  ..., 0.3882, 0.3804, 0.3686],
         [0.3647, 0.3765, 0.3843,  ..., 0.3608, 0.3725, 0.3725],
         [0.3882, 0.3804, 0.3647,  ..., 0.3961, 0.3765, 0.3490]]])",0.8229319453239441,0.82073665
"tensor([[[0.4824, 0.4941, 0.4824,  ..., 0.4863, 0.4863, 0.4706],
         [0.4784, 0.4863, 0.4863,  ..., 0.4824, 0.4745, 0.4980],
         [0.4824, 0.4902, 0.4824,  ..., 0.4784, 0.4902, 0.4863],
         ...,
         [0.4784, 0.5020, 0.5020,  ..., 0.4902, 0.4863, 0.4980],
         [0.4980, 0.5020, 0.4863,  ..., 0.5098, 0.4902, 0.4941],
         [0.4980, 0.4863, 0.4863,  ..., 0.4863, 0.4941, 0.4941]]])",0.8308418393135071,0.8312106
"tensor([[[0.4196, 0.4157, 0.4118,  ..., 0.4118, 0.4196, 0.4078],
         [0.4078, 0.4196, 0.4118,  ..., 0.4196, 0.4118, 0.4078],
         [0.4235, 0.4078, 0.4157,  ..., 0.4118, 0.4118, 0.4196],
         ...,
         [0.4157, 0.4235, 0.4275,  ..., 0.4196, 0.4196, 0.4157],
         [0.4196, 0.4196, 0.4157,  ..., 0.4353, 0.4235, 0.4157],
         [0.4039, 0.4275, 0.4353,  ..., 0.4000, 0.4353, 0.4235]]])",0.8505196571350098,0.86186117
"tensor([[[0.4000, 0.3922, 0.3961,  ..., 0.3882, 0.3843, 0.3922],
         [0.3922, 0.3922, 0.3882,  ..., 0.4000, 0.3922, 0.4000],
         [0.3961, 0.3961, 0.3843,  ..., 0.3922, 0.3843, 0.3804],
         ...,
         [0.4078, 0.3961, 0.3882,  ..., 0.3922, 0.3882, 0.4000],
         [0.3922, 0.3882, 0.4000,  ..., 0.4000, 0.4039, 0.3804],
         [0.3843, 0.4118, 0.4039,  ..., 0.3882, 0.4000, 0.4196]]])",0.8253888487815857,0.838045
"tensor([[[0.3333, 0.3412, 0.3373,  ..., 0.3333, 0.3333, 0.3059],
         [0.3294, 0.3333, 0.3451,  ..., 0.3294, 0.3255, 0.3333],
         [0.3373, 0.3333, 0.3294,  ..., 0.3451, 0.3294, 0.3412],
         ...,
         [0.3412, 0.3255, 0.3333,  ..., 0.3333, 0.3373, 0.3373],
         [0.3294, 0.3490, 0.3490,  ..., 0.3490, 0.3373, 0.3412],
         [0.3569, 0.3373, 0.3255,  ..., 0.3373, 0.3412, 0.3412]]])",0.862228512763977,0.8683003
"tensor([[[0.3922, 0.4000, 0.3961,  ..., 0.4000, 0.3882, 0.4000],
         [0.3961, 0.4000, 0.3961,  ..., 0.3882, 0.4000, 0.3961],
         [0.4039, 0.3961, 0.4000,  ..., 0.3961, 0.4000, 0.3922],
         ...,
         [0.3882, 0.4000, 0.4078,  ..., 0.4039, 0.4039, 0.3882],
         [0.4000, 0.4039, 0.4000,  ..., 0.3961, 0.4039, 0.4039],
         [0.4039, 0.3961, 0.3922,  ..., 0.4039, 0.4000, 0.4039]]])",0.9110815525054932,0.9025067
"tensor([[[0.2980, 0.3020, 0.3020,  ..., 0.2980, 0.3020, 0.3098],
         [0.2980, 0.3059, 0.3020,  ..., 0.3059, 0.3020, 0.2902],
         [0.2980, 0.3020, 0.3059,  ..., 0.2980, 0.2941, 0.2980],
         ...,
         [0.2980, 0.2980, 0.2980,  ..., 0.2980, 0.2980, 0.3020],
         [0.2941, 0.3020, 0.2980,  ..., 0.3020, 0.3020, 0.3059],
         [0.3059, 0.3020, 0.3059,  ..., 0.2980, 0.3020, 0.3020]]])",0.9431894421577454,0.9191432
"tensor([[[0.4157, 0.4078, 0.4196,  ..., 0.4000, 0.4078, 0.3843],
         [0.4118, 0.4196, 0.4235,  ..., 0.4039, 0.4078, 0.3922],
         [0.4157, 0.4196, 0.4196,  ..., 0.4078, 0.3961, 0.4000],
         ...,
         [0.4157, 0.4078, 0.4039,  ..., 0.3922, 0.4039, 0.4000],
         [0.4039, 0.4078, 0.4157,  ..., 0.4078, 0.3882, 0.3922],
         [0.3961, 0.4157, 0.4078,  ..., 0.3922, 0.4118, 0.3961]]])",0.8284407258033752,0.8002436
"tensor([[[0.3412, 0.3333, 0.3451,  ..., 0.3255, 0.3294, 0.3294],
         [0.3569, 0.3529, 0.3333,  ..., 0.3255, 0.3333, 0.3176],
         [0.3294, 0.3529, 0.3373,  ..., 0.3216, 0.3255, 0.3216],
         ...,
         [0.3216, 0.3333, 0.3255,  ..., 0.3255, 0.3216, 0.3333],
         [0.3333, 0.3294, 0.3333,  ..., 0.3216, 0.3176, 0.3176],
         [0.3294, 0.3412, 0.3294,  ..., 0.3255, 0.3294, 0.3137]]])",0.8645734786987305,0.83919483
"tensor([[[0.3373, 0.3373, 0.3255,  ..., 0.3255, 0.3255, 0.3176],
         [0.3294, 0.3412, 0.3412,  ..., 0.3294, 0.3176, 0.3255],
         [0.3451, 0.3255, 0.3373,  ..., 0.3098, 0.3176, 0.3255],
         ...,
         [0.3294, 0.3137, 0.3294,  ..., 0.3176, 0.3255, 0.3216],
         [0.3059, 0.3255, 0.3333,  ..., 0.3216, 0.3137, 0.3137],
         [0.3216, 0.3373, 0.3216,  ..., 0.3137, 0.3216, 0.3098]]])",0.8505795001983643,0.8354134
"tensor([[[0.4039, 0.3843, 0.3843,  ..., 0.3686, 0.3922, 0.3804],
         [0.3882, 0.3961, 0.3922,  ..., 0.3882, 0.3765, 0.3686],
         [0.4000, 0.3843, 0.3843,  ..., 0.3765, 0.3647, 0.3804],
         ...,
         [0.3686, 0.3765, 0.3961,  ..., 0.3765, 0.3765, 0.3922],
         [0.3804, 0.3961, 0.3804,  ..., 0.3922, 0.3843, 0.3686],
         [0.3804, 0.3804, 0.3765,  ..., 0.3725, 0.3882, 0.3843]]])",0.8682224154472351,0.83358616
"tensor([[[0.3922, 0.4078, 0.4039,  ..., 0.4039, 0.4039, 0.3843],
         [0.4000, 0.4078, 0.4000,  ..., 0.4000, 0.3922, 0.3882],
         [0.4039, 0.4000, 0.4000,  ..., 0.3882, 0.3882, 0.4039],
         ...,
         [0.3961, 0.3843, 0.4118,  ..., 0.4039, 0.3922, 0.4000],
         [0.3804, 0.4000, 0.3961,  ..., 0.3882, 0.3961, 0.4000],
         [0.3961, 0.4000, 0.3882,  ..., 0.3961, 0.3843, 0.3922]]])",0.8853505253791809,0.836197
"tensor([[[0.3020, 0.2980, 0.2941,  ..., 0.3020, 0.3059, 0.2824],
         [0.3098, 0.3059, 0.3020,  ..., 0.2941, 0.2863, 0.2863],
         [0.2941, 0.3059, 0.3020,  ..., 0.2941, 0.2980, 0.3020],
         ...,
         [0.2941, 0.2902, 0.2941,  ..., 0.2980, 0.3020, 0.3059],
         [0.2863, 0.3020, 0.3020,  ..., 0.2941, 0.3020, 0.2941],
         [0.2941, 0.2980, 0.2863,  ..., 0.3020, 0.2980, 0.2902]]])",0.9116352200508118,0.8505178
"tensor([[[0.3176, 0.3137, 0.3255,  ..., 0.3294, 0.3098, 0.3059],
         [0.3294, 0.3216, 0.3176,  ..., 0.3059, 0.3137, 0.3216],
         [0.3137, 0.3216, 0.3333,  ..., 0.3255, 0.3137, 0.3098],
         ...,
         [0.2980, 0.3176, 0.3059,  ..., 0.3176, 0.3216, 0.3333],
         [0.3294, 0.3176, 0.3020,  ..., 0.3255, 0.3137, 0.3216],
         [0.3294, 0.2980, 0.3216,  ..., 0.3294, 0.3216, 0.3176]]])",0.8885405659675598,0.84109735
"tensor([[[0.3765, 0.3725, 0.3765,  ..., 0.3647, 0.3686, 0.3725],
         [0.3804, 0.3725, 0.3686,  ..., 0.3725, 0.3647, 0.3647],
         [0.3765, 0.3686, 0.3686,  ..., 0.3686, 0.3647, 0.3608],
         ...,
         [0.3686, 0.3569, 0.3765,  ..., 0.3647, 0.3843, 0.3725],
         [0.3765, 0.3608, 0.3608,  ..., 0.3686, 0.3608, 0.3765],
         [0.3686, 0.3608, 0.3569,  ..., 0.3686, 0.3843, 0.3647]]])",0.8690307140350342,0.81967527
"tensor([[[0.3765, 0.3608, 0.3686,  ..., 0.3608, 0.3569, 0.3725],
         [0.3765, 0.3569, 0.3647,  ..., 0.3647, 0.3686, 0.3608],
         [0.3647, 0.3647, 0.3647,  ..., 0.3608, 0.3608, 0.3608],
         ...,
         [0.3569, 0.3608, 0.3725,  ..., 0.3686, 0.3804, 0.3647],
         [0.3647, 0.3725, 0.3647,  ..., 0.3608, 0.3647, 0.3843],
         [0.3608, 0.3765, 0.3569,  ..., 0.3765, 0.3647, 0.3608]]])",0.920192301273346,0.87834394
"tensor([[[0.2784, 0.2824, 0.2863,  ..., 0.2784, 0.2745, 0.2863],
         [0.2824, 0.2745, 0.2784,  ..., 0.2745, 0.2824, 0.2824],
         [0.2824, 0.2824, 0.2824,  ..., 0.2863, 0.2784, 0.2784],
         ...,
         [0.2745, 0.2824, 0.2863,  ..., 0.2824, 0.2824, 0.2824],
         [0.2824, 0.2863, 0.2784,  ..., 0.2863, 0.2863, 0.2863],
         [0.2902, 0.2824, 0.2745,  ..., 0.2824, 0.2784, 0.2784]]])",0.9481273293495178,0.8983904
"tensor([[[0.2745, 0.2784, 0.2824,  ..., 0.2784, 0.2745, 0.2824],
         [0.2745, 0.2784, 0.2784,  ..., 0.2745, 0.2784, 0.2784],
         [0.2745, 0.2784, 0.2745,  ..., 0.2784, 0.2784, 0.2745],
         ...,
         [0.2784, 0.2745, 0.2784,  ..., 0.2824, 0.2784, 0.2784],
         [0.2784, 0.2784, 0.2824,  ..., 0.2824, 0.2824, 0.2784],
         [0.2824, 0.2863, 0.2784,  ..., 0.2745, 0.2824, 0.2824]]])",0.9487329125404358,0.9000235
"tensor([[[0.3686, 0.3686, 0.3765,  ..., 0.3686, 0.3686, 0.3608],
         [0.3686, 0.3686, 0.3725,  ..., 0.3647, 0.3686, 0.3725],
         [0.3843, 0.3608, 0.3882,  ..., 0.3686, 0.3765, 0.3686],
         ...,
         [0.3686, 0.3608, 0.3765,  ..., 0.3843, 0.3843, 0.3725],
         [0.3647, 0.3804, 0.3804,  ..., 0.3725, 0.3843, 0.3765],
         [0.3922, 0.3647, 0.3647,  ..., 0.3765, 0.3843, 0.3882]]])",0.8946214318275452,0.847692
"tensor([[[0.4588, 0.4549, 0.4588,  ..., 0.4588, 0.4510, 0.4510],
         [0.4588, 0.4588, 0.4510,  ..., 0.4549, 0.4471, 0.4549],
         [0.4549, 0.4667, 0.4588,  ..., 0.4431, 0.4510, 0.4667],
         ...,
         [0.4627, 0.4627, 0.4549,  ..., 0.4706, 0.4588, 0.4588],
         [0.4627, 0.4510, 0.4549,  ..., 0.4588, 0.4667, 0.4627],
         [0.4588, 0.4588, 0.4588,  ..., 0.4588, 0.4627, 0.4745]]])",0.8944688439369202,0.84404266
"tensor([[[0.4039, 0.4235, 0.4235,  ..., 0.4157, 0.4235, 0.4118],
         [0.4275, 0.4118, 0.4235,  ..., 0.4196, 0.4078, 0.4118],
         [0.4314, 0.4157, 0.4235,  ..., 0.4078, 0.4157, 0.4196],
         ...,
         [0.4039, 0.4235, 0.4157,  ..., 0.4353, 0.4196, 0.4235],
         [0.4353, 0.4157, 0.4118,  ..., 0.4275, 0.4314, 0.4353],
         [0.4157, 0.4039, 0.4118,  ..., 0.4275, 0.4196, 0.4118]]])",0.8756322860717773,0.83181405
"tensor([[[0.3451, 0.3608, 0.3765,  ..., 0.3647, 0.3529, 0.3569],
         [0.3569, 0.3569, 0.3686,  ..., 0.3490, 0.3529, 0.3529],
         [0.3686, 0.3529, 0.3647,  ..., 0.3608, 0.3569, 0.3608],
         ...,
         [0.3569, 0.3451, 0.3608,  ..., 0.3765, 0.3608, 0.3686],
         [0.3765, 0.3569, 0.3647,  ..., 0.3686, 0.3765, 0.3725],
         [0.3529, 0.3490, 0.3569,  ..., 0.3804, 0.3765, 0.3686]]])",0.8494787216186523,0.8153701
"tensor([[[0.3647, 0.3608, 0.3647,  ..., 0.3608, 0.3490, 0.3647],
         [0.3647, 0.3569, 0.3725,  ..., 0.3490, 0.3569, 0.3608],
         [0.3647, 0.3647, 0.3569,  ..., 0.3608, 0.3647, 0.3608],
         ...,
         [0.3569, 0.3569, 0.3569,  ..., 0.3569, 0.3569, 0.3608],
         [0.3686, 0.3647, 0.3608,  ..., 0.3529, 0.3725, 0.3686],
         [0.3529, 0.3529, 0.3490,  ..., 0.3725, 0.3647, 0.3765]]])",0.8910606503486633,0.85062695
"tensor([[[0.3333, 0.3333, 0.3373,  ..., 0.3412, 0.3294, 0.3216],
         [0.3373, 0.3333, 0.3451,  ..., 0.3373, 0.3255, 0.3373],
         [0.3451, 0.3373, 0.3373,  ..., 0.3216, 0.3412, 0.3333],
         ...,
         [0.3294, 0.3294, 0.3333,  ..., 0.3333, 0.3333, 0.3412],
         [0.3216, 0.3412, 0.3294,  ..., 0.3333, 0.3412, 0.3490],
         [0.3412, 0.3412, 0.3294,  ..., 0.3373, 0.3412, 0.3451]]])",0.9073104858398438,0.86861527
"tensor([[[0.2863, 0.2902, 0.2941,  ..., 0.2902, 0.2941, 0.2941],
         [0.2902, 0.2902, 0.2863,  ..., 0.2824, 0.2941, 0.2784],
         [0.2902, 0.2941, 0.2863,  ..., 0.2902, 0.2863, 0.2863],
         ...,
         [0.2784, 0.2941, 0.2863,  ..., 0.2863, 0.2980, 0.2745],
         [0.2863, 0.2863, 0.2784,  ..., 0.2784, 0.2824, 0.3020],
         [0.2902, 0.2902, 0.2824,  ..., 0.2902, 0.2745, 0.2902]]])",0.917264461517334,0.8657674
"tensor([[[0.2235, 0.2275, 0.2275,  ..., 0.2235, 0.2235, 0.2275],
         [0.2275, 0.2235, 0.2275,  ..., 0.2235, 0.2275, 0.2196],
         [0.2314, 0.2275, 0.2235,  ..., 0.2314, 0.2196, 0.2275],
         ...,
         [0.2196, 0.2235, 0.2275,  ..., 0.2275, 0.2275, 0.2235],
         [0.2275, 0.2275, 0.2196,  ..., 0.2196, 0.2235, 0.2353],
         [0.2235, 0.2235, 0.2157,  ..., 0.2235, 0.2196, 0.2275]]])",0.9523241519927979,0.90183115
"tensor([[[0.3725, 0.3725, 0.3843,  ..., 0.3765, 0.3725, 0.3647],
         [0.3804, 0.3765, 0.3765,  ..., 0.3725, 0.3686, 0.3804],
         [0.3725, 0.3804, 0.3725,  ..., 0.3765, 0.3765, 0.3686],
         ...,
         [0.3765, 0.3647, 0.3725,  ..., 0.3804, 0.3765, 0.3725],
         [0.3647, 0.3686, 0.3765,  ..., 0.3647, 0.3804, 0.3765],
         [0.3647, 0.3804, 0.3765,  ..., 0.3725, 0.3686, 0.3804]]])",0.9120697975158691,0.8575494
"tensor([[[0.2941, 0.3255, 0.3059,  ..., 0.3020, 0.3098, 0.2980],
         [0.3176, 0.3020, 0.3176,  ..., 0.3137, 0.2980, 0.3059],
         [0.3176, 0.3137, 0.3098,  ..., 0.3137, 0.2980, 0.3137],
         ...,
         [0.3059, 0.3098, 0.3059,  ..., 0.3176, 0.2980, 0.3098],
         [0.3098, 0.3098, 0.2980,  ..., 0.3098, 0.3098, 0.3059],
         [0.3098, 0.2980, 0.3098,  ..., 0.3059, 0.3176, 0.3098]]])",0.8791072964668274,0.8329736
"tensor([[[0.4431, 0.4353, 0.4275,  ..., 0.3961, 0.4275, 0.4078],
         [0.4118, 0.4392, 0.4235,  ..., 0.4235, 0.4235, 0.3961],
         [0.4235, 0.4275, 0.4353,  ..., 0.4235, 0.3922, 0.4157],
         ...,
         [0.4157, 0.4157, 0.4314,  ..., 0.4235, 0.4196, 0.4157],
         [0.4196, 0.4275, 0.4000,  ..., 0.4275, 0.4157, 0.4431],
         [0.4157, 0.4157, 0.4118,  ..., 0.4353, 0.4196, 0.4157]]])",0.8469713926315308,0.79442483
"tensor([[[0.3882, 0.3961, 0.3922,  ..., 0.3765, 0.3922, 0.3647],
         [0.3843, 0.4000, 0.4000,  ..., 0.3843, 0.3725, 0.3725],
         [0.3843, 0.3922, 0.3961,  ..., 0.3765, 0.3765, 0.3922],
         ...,
         [0.3725, 0.3843, 0.3804,  ..., 0.3882, 0.3882, 0.3765],
         [0.3882, 0.3843, 0.3765,  ..., 0.3922, 0.3843, 0.4078],
         [0.3804, 0.3765, 0.3843,  ..., 0.3922, 0.3843, 0.3843]]])",0.8865490555763245,0.8261274
"tensor([[[0.6039, 0.6118, 0.6157,  ..., 0.6000, 0.6000, 0.6118],
         [0.6039, 0.6118, 0.6118,  ..., 0.5961, 0.6078, 0.6039],
         [0.6235, 0.6078, 0.6157,  ..., 0.6000, 0.6000, 0.6000],
         ...,
         [0.6039, 0.6078, 0.6000,  ..., 0.6078, 0.6039, 0.6078],
         [0.5922, 0.6039, 0.6039,  ..., 0.6157, 0.6078, 0.6078],
         [0.6078, 0.5961, 0.5882,  ..., 0.6118, 0.6078, 0.6118]]])",0.9294266700744629,0.8438141
"tensor([[[0.5922, 0.6000, 0.5961,  ..., 0.5804, 0.5686, 0.5804],
         [0.5765, 0.5882, 0.5961,  ..., 0.5882, 0.5843, 0.5843],
         [0.5961, 0.5804, 0.5843,  ..., 0.5804, 0.5843, 0.5765],
         ...,
         [0.5765, 0.5843, 0.5882,  ..., 0.5922, 0.5882, 0.5882],
         [0.5765, 0.5804, 0.5804,  ..., 0.5843, 0.5882, 0.5843],
         [0.5922, 0.5843, 0.5725,  ..., 0.5843, 0.5882, 0.5961]]])",0.927233874797821,0.84243023
"tensor([[[0.4431, 0.4667, 0.4706,  ..., 0.4549, 0.4314, 0.4471],
         [0.4471, 0.4510, 0.4706,  ..., 0.4510, 0.4431, 0.4471],
         [0.4706, 0.4471, 0.4549,  ..., 0.4549, 0.4471, 0.4471],
         ...,
         [0.4353, 0.4471, 0.4471,  ..., 0.4431, 0.4627, 0.4471],
         [0.4510, 0.4549, 0.4510,  ..., 0.4431, 0.4588, 0.4431],
         [0.4510, 0.4431, 0.4431,  ..., 0.4510, 0.4588, 0.4706]]])",0.8713832497596741,0.8325985
"tensor([[[0.5608, 0.5529, 0.5569,  ..., 0.5490, 0.5529, 0.5490],
         [0.5529, 0.5529, 0.5569,  ..., 0.5451, 0.5490, 0.5451],
         [0.5529, 0.5529, 0.5569,  ..., 0.5529, 0.5451, 0.5490],
         ...,
         [0.5490, 0.5451, 0.5490,  ..., 0.5490, 0.5529, 0.5529],
         [0.5490, 0.5529, 0.5490,  ..., 0.5490, 0.5490, 0.5569],
         [0.5412, 0.5490, 0.5451,  ..., 0.5529, 0.5490, 0.5529]]])",0.9484231472015381,0.8926319
"tensor([[[0.3216, 0.3137, 0.3216,  ..., 0.3137, 0.3176, 0.3176],
         [0.3176, 0.3137, 0.3255,  ..., 0.3098, 0.3137, 0.3176],
         [0.3255, 0.3137, 0.3176,  ..., 0.3059, 0.3137, 0.3098],
         ...,
         [0.3216, 0.3137, 0.3137,  ..., 0.3216, 0.3137, 0.3216],
         [0.3098, 0.3137, 0.3137,  ..., 0.3098, 0.3137, 0.3176],
         [0.3098, 0.3137, 0.3176,  ..., 0.3098, 0.3137, 0.3059]]])",0.9419035911560059,0.8968935
"tensor([[[0.3569, 0.3569, 0.3569,  ..., 0.3490, 0.3412, 0.3490],
         [0.3608, 0.3412, 0.3686,  ..., 0.3451, 0.3373, 0.3373],
         [0.3569, 0.3490, 0.3569,  ..., 0.3412, 0.3333, 0.3412],
         ...,
         [0.3569, 0.3529, 0.3451,  ..., 0.3490, 0.3451, 0.3294],
         [0.3412, 0.3490, 0.3255,  ..., 0.3373, 0.3529, 0.3569],
         [0.3529, 0.3412, 0.3647,  ..., 0.3373, 0.3333, 0.3451]]])",0.8848710656166077,0.8423097
"tensor([[[0.3333, 0.3647, 0.3490,  ..., 0.3412, 0.3451, 0.3412],
         [0.3490, 0.3529, 0.3451,  ..., 0.3294, 0.3412, 0.3294],
         [0.3412, 0.3569, 0.3608,  ..., 0.3451, 0.3333, 0.3373],
         ...,
         [0.3412, 0.3412, 0.3569,  ..., 0.3373, 0.3373, 0.3412],
         [0.3490, 0.3608, 0.3373,  ..., 0.3412, 0.3373, 0.3412],
         [0.3490, 0.3373, 0.3529,  ..., 0.3333, 0.3373, 0.3451]]])",0.8790186643600464,0.836378
"tensor([[[0.3216, 0.3216, 0.3137,  ..., 0.3098, 0.3020, 0.2902],
         [0.3294, 0.3176, 0.3255,  ..., 0.2980, 0.3059, 0.3176],
         [0.3294, 0.3176, 0.3216,  ..., 0.3098, 0.3098, 0.3059],
         ...,
         [0.3176, 0.3137, 0.3255,  ..., 0.2980, 0.3098, 0.3176],
         [0.3176, 0.3255, 0.3059,  ..., 0.3137, 0.2980, 0.3098],
         [0.3294, 0.3176, 0.3137,  ..., 0.3098, 0.3098, 0.3059]]])",0.8911820650100708,0.84655386
"tensor([[[0.3216, 0.3255, 0.3255,  ..., 0.3137, 0.3098, 0.3176],
         [0.3294, 0.3255, 0.3216,  ..., 0.3137, 0.3216, 0.3137],
         [0.3255, 0.3255, 0.3216,  ..., 0.3098, 0.3059, 0.2941],
         ...,
         [0.3216, 0.3216, 0.3137,  ..., 0.3137, 0.3098, 0.3176],
         [0.3216, 0.3294, 0.3176,  ..., 0.3098, 0.3059, 0.3137],
         [0.3294, 0.3137, 0.3098,  ..., 0.3137, 0.3137, 0.3098]]])",0.9080505967140198,0.85182816
"tensor([[[0.3333, 0.3216, 0.3373,  ..., 0.3137, 0.3216, 0.3137],
         [0.3490, 0.3294, 0.3333,  ..., 0.3294, 0.3176, 0.3137],
         [0.3490, 0.3373, 0.3333,  ..., 0.3137, 0.3059, 0.3137],
         ...,
         [0.3216, 0.3333, 0.3216,  ..., 0.3059, 0.3137, 0.3059],
         [0.3333, 0.3176, 0.3176,  ..., 0.3098, 0.3137, 0.3216],
         [0.3137, 0.3216, 0.3098,  ..., 0.3020, 0.3098, 0.3216]]])",0.8524166345596313,0.8105874
"tensor([[[0.3176, 0.2902, 0.3059,  ..., 0.2980, 0.2941, 0.2902],
         [0.3216, 0.3098, 0.3176,  ..., 0.2980, 0.2941, 0.2863],
         [0.3059, 0.3216, 0.2980,  ..., 0.2941, 0.2902, 0.2863],
         ...,
         [0.2941, 0.3020, 0.2941,  ..., 0.2902, 0.2863, 0.2902],
         [0.3059, 0.3020, 0.3059,  ..., 0.2980, 0.2784, 0.2902],
         [0.2863, 0.2980, 0.2824,  ..., 0.2941, 0.2863, 0.2941]]])",0.8731441497802734,0.81742847
"tensor([[[0.3294, 0.3176, 0.3059,  ..., 0.3098, 0.3059, 0.2980],
         [0.3059, 0.3373, 0.3098,  ..., 0.3098, 0.3059, 0.3137],
         [0.3137, 0.3098, 0.3255,  ..., 0.3059, 0.3137, 0.2980],
         ...,
         [0.3176, 0.2980, 0.3255,  ..., 0.3020, 0.3059, 0.3059],
         [0.2980, 0.3137, 0.3098,  ..., 0.3098, 0.2980, 0.3059],
         [0.3216, 0.3176, 0.2980,  ..., 0.3098, 0.3137, 0.3059]]])",0.8913621306419373,0.8453762
"tensor([[[0.3451, 0.3490, 0.3529,  ..., 0.3529, 0.3333, 0.3255],
         [0.3569, 0.3412, 0.3569,  ..., 0.3333, 0.3294, 0.3373],
         [0.3373, 0.3608, 0.3490,  ..., 0.3412, 0.3412, 0.3490],
         ...,
         [0.3412, 0.3412, 0.3490,  ..., 0.3373, 0.3490, 0.3490],
         [0.3294, 0.3490, 0.3490,  ..., 0.3255, 0.3333, 0.3451],
         [0.3451, 0.3647, 0.3412,  ..., 0.3529, 0.3451, 0.3373]]])",0.8820741176605225,0.83142686
"tensor([[[0.2078, 0.2118, 0.2118,  ..., 0.2039, 0.2078, 0.2078],
         [0.2118, 0.2078, 0.2078,  ..., 0.2118, 0.2078, 0.2039],
         [0.2157, 0.2118, 0.2118,  ..., 0.2118, 0.2078, 0.2078],
         ...,
         [0.2078, 0.2118, 0.2118,  ..., 0.2078, 0.2118, 0.2118],
         [0.2078, 0.2157, 0.2078,  ..., 0.2118, 0.2078, 0.2196],
         [0.2157, 0.2039, 0.2118,  ..., 0.2157, 0.2039, 0.2157]]])",0.9509667754173279,0.91850376
"tensor([[[0.2902, 0.2784, 0.2824,  ..., 0.2745, 0.2667, 0.2745],
         [0.2902, 0.2902, 0.2824,  ..., 0.2824, 0.2863, 0.2824],
         [0.2824, 0.2941, 0.2941,  ..., 0.2784, 0.2745, 0.2706],
         ...,
         [0.2745, 0.2863, 0.2863,  ..., 0.2941, 0.2902, 0.2902],
         [0.2980, 0.2941, 0.2784,  ..., 0.2784, 0.2784, 0.2941],
         [0.2980, 0.2706, 0.2784,  ..., 0.2980, 0.2863, 0.2902]]])",0.8582006692886353,0.83699733
"tensor([[[0.3020, 0.3020, 0.2902,  ..., 0.2941, 0.2863, 0.2980],
         [0.2980, 0.2980, 0.3020,  ..., 0.2941, 0.2941, 0.2824],
         [0.2941, 0.2941, 0.3020,  ..., 0.2863, 0.2902, 0.2863],
         ...,
         [0.2941, 0.3059, 0.2902,  ..., 0.2980, 0.2941, 0.2941],
         [0.3059, 0.2980, 0.2863,  ..., 0.2941, 0.3020, 0.2941],
         [0.2863, 0.2902, 0.3059,  ..., 0.2941, 0.2980, 0.2941]]])",0.905105471611023,0.87140125
"tensor([[[0.3608, 0.3843, 0.3725,  ..., 0.3647, 0.3686, 0.3725],
         [0.3608, 0.3608, 0.3804,  ..., 0.3804, 0.3608, 0.3647],
         [0.3843, 0.3725, 0.3569,  ..., 0.3569, 0.3765, 0.3490],
         ...,
         [0.3725, 0.3843, 0.3608,  ..., 0.3804, 0.3490, 0.3804],
         [0.3765, 0.3647, 0.3647,  ..., 0.3843, 0.3843, 0.3373],
         [0.3804, 0.3647, 0.3725,  ..., 0.3451, 0.3961, 0.3765]]])",0.8396449089050293,0.83561283
"tensor([[[0.3451, 0.3255, 0.3255,  ..., 0.3176, 0.3255, 0.3451],
         [0.3216, 0.3294, 0.3373,  ..., 0.3412, 0.3451, 0.3098],
         [0.3373, 0.3137, 0.3333,  ..., 0.3412, 0.3020, 0.3451],
         ...,
         [0.3294, 0.3216, 0.3333,  ..., 0.3373, 0.3216, 0.3373],
         [0.3255, 0.3412, 0.3373,  ..., 0.3333, 0.3451, 0.3176],
         [0.3373, 0.3294, 0.3216,  ..., 0.3294, 0.3412, 0.3412]]])",0.8173511028289795,0.81908417
"tensor([[[0.4392, 0.4627, 0.4902,  ..., 0.4902, 0.4549, 0.4784],
         [0.4980, 0.4549, 0.4627,  ..., 0.4510, 0.4941, 0.4784],
         [0.4784, 0.4863, 0.4784,  ..., 0.4706, 0.4863, 0.4471],
         ...,
         [0.4667, 0.4745, 0.4706,  ..., 0.4588, 0.4588, 0.5059],
         [0.4784, 0.4706, 0.4627,  ..., 0.4902, 0.4549, 0.4471],
         [0.4588, 0.4588, 0.4706,  ..., 0.4745, 0.5098, 0.4392]]])",0.7685067057609558,0.7820463
"tensor([[[0.4314, 0.4196, 0.4078,  ..., 0.4353, 0.4118, 0.4078],
         [0.4118, 0.4275, 0.4196,  ..., 0.4000, 0.4235, 0.4196],
         [0.4196, 0.4157, 0.4196,  ..., 0.4275, 0.4235, 0.4118],
         ...,
         [0.4000, 0.4235, 0.4275,  ..., 0.4157, 0.4235, 0.4118],
         [0.4275, 0.4196, 0.4039,  ..., 0.4275, 0.4078, 0.4275],
         [0.4118, 0.4000, 0.4196,  ..., 0.4039, 0.4392, 0.4000]]])",0.8114136457443237,0.8307903
"tensor([[[0.4667, 0.4314, 0.4392,  ..., 0.4314, 0.4667, 0.4196],
         [0.4314, 0.4588, 0.4392,  ..., 0.4667, 0.4157, 0.4353],
         [0.4392, 0.4353, 0.4471,  ..., 0.4275, 0.4392, 0.4667],
         ...,
         [0.4392, 0.4314, 0.4431,  ..., 0.4431, 0.4431, 0.4353],
         [0.4314, 0.4471, 0.4353,  ..., 0.4314, 0.4510, 0.4314],
         [0.4627, 0.4275, 0.4353,  ..., 0.4549, 0.4431, 0.4510]]])",0.8212626576423645,0.83994
"tensor([[[0.4078, 0.3882, 0.3804,  ..., 0.3922, 0.4000, 0.3686],
         [0.3765, 0.4039, 0.3882,  ..., 0.3882, 0.3804, 0.3804],
         [0.4039, 0.3725, 0.4039,  ..., 0.3961, 0.3804, 0.4000],
         ...,
         [0.3843, 0.3922, 0.3843,  ..., 0.3804, 0.4039, 0.3843],
         [0.3922, 0.3882, 0.3843,  ..., 0.3961, 0.3686, 0.4000],
         [0.4000, 0.3843, 0.3922,  ..., 0.4196, 0.4000, 0.3569]]])",0.7904080152511597,0.81238455
"tensor([[[0.3098, 0.3020, 0.2980,  ..., 0.3137, 0.3137, 0.3098],
         [0.3020, 0.3255, 0.2980,  ..., 0.3176, 0.3098, 0.2863],
         [0.2941, 0.3098, 0.3255,  ..., 0.3176, 0.3059, 0.3216],
         ...,
         [0.2980, 0.3020, 0.2902,  ..., 0.3059, 0.3059, 0.2941],
         [0.3098, 0.3059, 0.2941,  ..., 0.3020, 0.3020, 0.3020],
         [0.3098, 0.2980, 0.3098,  ..., 0.3098, 0.2980, 0.2980]]])",0.816644012928009,0.8111065
"tensor([[[0.3765, 0.3647, 0.3490,  ..., 0.3569, 0.3686, 0.3922],
         [0.3765, 0.3490, 0.3686,  ..., 0.3686, 0.3961, 0.3608],
         [0.3804, 0.3686, 0.3569,  ..., 0.3961, 0.3725, 0.3647],
         ...,
         [0.3804, 0.3569, 0.3843,  ..., 0.3529, 0.3765, 0.3608],
         [0.3608, 0.3765, 0.3529,  ..., 0.3608, 0.3569, 0.3686],
         [0.3647, 0.3882, 0.3569,  ..., 0.3725, 0.3529, 0.3647]]])",0.8081769943237305,0.80913126
"tensor([[[0.3451, 0.3529, 0.3490,  ..., 0.3608, 0.3608, 0.3451],
         [0.3451, 0.3490, 0.3647,  ..., 0.3569, 0.3608, 0.3529],
         [0.3451, 0.3490, 0.3451,  ..., 0.3686, 0.3529, 0.3529],
         ...,
         [0.3451, 0.3490, 0.3412,  ..., 0.3451, 0.3451, 0.3412],
         [0.3608, 0.3490, 0.3451,  ..., 0.3569, 0.3490, 0.3451],
         [0.3608, 0.3451, 0.3529,  ..., 0.3451, 0.3490, 0.3569]]])",0.8831190466880798,0.8535999
"tensor([[[0.3569, 0.3294, 0.3490,  ..., 0.3529, 0.3333, 0.3686],
         [0.3608, 0.3569, 0.3412,  ..., 0.3451, 0.3686, 0.3647],
         [0.3451, 0.3529, 0.3608,  ..., 0.3686, 0.3608, 0.3451],
         ...,
         [0.3569, 0.3490, 0.3451,  ..., 0.3569, 0.3373, 0.3569],
         [0.3686, 0.3451, 0.3569,  ..., 0.3569, 0.3608, 0.3373],
         [0.3412, 0.3529, 0.3569,  ..., 0.3373, 0.3608, 0.3490]]])",0.845716118812561,0.8139154
"tensor([[[0.2471, 0.2431, 0.2667,  ..., 0.2549, 0.2627, 0.2549],
         [0.2588, 0.2392, 0.2471,  ..., 0.2588, 0.2549, 0.2471],
         [0.2549, 0.2549, 0.2471,  ..., 0.2549, 0.2471, 0.2627],
         ...,
         [0.2431, 0.2431, 0.2471,  ..., 0.2627, 0.2549, 0.2510],
         [0.2431, 0.2549, 0.2431,  ..., 0.2549, 0.2549, 0.2510],
         [0.2471, 0.2510, 0.2392,  ..., 0.2471, 0.2588, 0.2549]]])",0.9127089977264404,0.8664648
"tensor([[[0.4118, 0.4078, 0.4157,  ..., 0.4196, 0.4196, 0.4235],
         [0.4078, 0.4078, 0.4196,  ..., 0.4118, 0.4235, 0.4196],
         [0.4039, 0.4157, 0.4118,  ..., 0.4157, 0.4275, 0.4196],
         ...,
         [0.4118, 0.4196, 0.4078,  ..., 0.4314, 0.4314, 0.4078],
         [0.4000, 0.4235, 0.4078,  ..., 0.4196, 0.4314, 0.4353],
         [0.4118, 0.4235, 0.4118,  ..., 0.4314, 0.4078, 0.4196]]])",0.8341429233551025,0.7807444
"tensor([[[0.3451, 0.3412, 0.3647,  ..., 0.3490, 0.3608, 0.3608],
         [0.3529, 0.3647, 0.3529,  ..., 0.3686, 0.3725, 0.3608],
         [0.3451, 0.3608, 0.3686,  ..., 0.3686, 0.3569, 0.3569],
         ...,
         [0.3686, 0.3490, 0.3490,  ..., 0.3765, 0.3608, 0.3647],
         [0.3608, 0.3490, 0.3647,  ..., 0.3608, 0.3765, 0.3647],
         [0.3608, 0.3569, 0.3686,  ..., 0.3451, 0.3608, 0.3843]]])",0.8567670583724976,0.79877734
"tensor([[[0.2667, 0.2667, 0.2980,  ..., 0.2784, 0.2941, 0.2902],
         [0.2902, 0.2627, 0.2824,  ..., 0.2863, 0.2784, 0.2784],
         [0.2784, 0.2824, 0.2745,  ..., 0.2902, 0.2824, 0.2863],
         ...,
         [0.2588, 0.2745, 0.2824,  ..., 0.2784, 0.2784, 0.2863],
         [0.2745, 0.2863, 0.2706,  ..., 0.2902, 0.2941, 0.2745],
         [0.2863, 0.2706, 0.2706,  ..., 0.2745, 0.2824, 0.2941]]])",0.8383619785308838,0.7823108
"tensor([[[0.3647, 0.3490, 0.3373,  ..., 0.3529, 0.3647, 0.3569],
         [0.3490, 0.3569, 0.3569,  ..., 0.3569, 0.3647, 0.3490],
         [0.3451, 0.3412, 0.3569,  ..., 0.3686, 0.3490, 0.3608],
         ...,
         [0.3647, 0.3529, 0.3451,  ..., 0.3569, 0.3686, 0.3490],
         [0.3529, 0.3412, 0.3529,  ..., 0.3451, 0.3608, 0.3725],
         [0.3490, 0.3569, 0.3608,  ..., 0.3569, 0.3490, 0.3647]]])",0.8912113308906555,0.83867997
"tensor([[[0.2902, 0.2863, 0.3020,  ..., 0.3059, 0.2902, 0.3059],
         [0.2980, 0.2863, 0.2941,  ..., 0.2980, 0.3059, 0.2980],
         [0.3059, 0.2824, 0.2941,  ..., 0.3059, 0.3020, 0.2980],
         ...,
         [0.2902, 0.2941, 0.2902,  ..., 0.3020, 0.3098, 0.2941],
         [0.2824, 0.2941, 0.2980,  ..., 0.2980, 0.2941, 0.3020],
         [0.2941, 0.2980, 0.2980,  ..., 0.2980, 0.3059, 0.3020]]])",0.8807783722877502,0.82542866
"tensor([[[0.3294, 0.3020, 0.3098,  ..., 0.3294, 0.3176, 0.3294],
         [0.3373, 0.3216, 0.3098,  ..., 0.3176, 0.3255, 0.3255],
         [0.3098, 0.3216, 0.3098,  ..., 0.3216, 0.3216, 0.3255],
         ...,
         [0.3255, 0.3098, 0.3059,  ..., 0.3137, 0.3176, 0.3098],
         [0.3098, 0.3059, 0.3176,  ..., 0.3137, 0.3137, 0.3098],
         [0.3098, 0.3059, 0.3176,  ..., 0.3255, 0.3255, 0.3059]]])",0.8780151009559631,0.82731414
"tensor([[[0.3255, 0.2941, 0.2980,  ..., 0.3216, 0.3020, 0.3176],
         [0.3216, 0.3216, 0.2902,  ..., 0.3059, 0.3333, 0.3098],
         [0.3059, 0.3255, 0.2980,  ..., 0.3255, 0.3098, 0.3176],
         ...,
         [0.2980, 0.3020, 0.3176,  ..., 0.3098, 0.2980, 0.2980],
         [0.3098, 0.3137, 0.2980,  ..., 0.3020, 0.3098, 0.2941],
         [0.2980, 0.2863, 0.3020,  ..., 0.3020, 0.3020, 0.3137]]])",0.8290182948112488,0.79842854
"tensor([[[0.2471, 0.2471, 0.2392,  ..., 0.2510, 0.2392, 0.2510],
         [0.2510, 0.2471, 0.2353,  ..., 0.2431, 0.2471, 0.2510],
         [0.2431, 0.2510, 0.2431,  ..., 0.2471, 0.2549, 0.2471],
         ...,
         [0.2353, 0.2392, 0.2510,  ..., 0.2431, 0.2392, 0.2314],
         [0.2392, 0.2510, 0.2431,  ..., 0.2314, 0.2353, 0.2471],
         [0.2431, 0.2392, 0.2392,  ..., 0.2510, 0.2353, 0.2353]]])",0.9113035798072815,0.8556192
"tensor([[[0.1961, 0.1922, 0.1961,  ..., 0.1961, 0.2039, 0.2039],
         [0.2000, 0.1922, 0.1961,  ..., 0.2039, 0.1961, 0.1922],
         [0.2039, 0.1961, 0.1922,  ..., 0.1961, 0.1961, 0.2000],
         ...,
         [0.1922, 0.2000, 0.1961,  ..., 0.1922, 0.1961, 0.1882],
         [0.2000, 0.1922, 0.1922,  ..., 0.1922, 0.1882, 0.1961],
         [0.1843, 0.1961, 0.2000,  ..., 0.1961, 0.1922, 0.1882]]])",0.9523200988769531,0.8868989
"tensor([[[0.2667, 0.2667, 0.2588,  ..., 0.2784, 0.2627, 0.2745],
         [0.2784, 0.2667, 0.2510,  ..., 0.2627, 0.2667, 0.2745],
         [0.2627, 0.2667, 0.2627,  ..., 0.2588, 0.2784, 0.2588],
         ...,
         [0.2706, 0.2549, 0.2549,  ..., 0.2627, 0.2471, 0.2706],
         [0.2510, 0.2627, 0.2745,  ..., 0.2510, 0.2471, 0.2549],
         [0.2588, 0.2706, 0.2627,  ..., 0.2627, 0.2627, 0.2588]]])",0.8907997012138367,0.85048777
"tensor([[[0.3255, 0.3255, 0.3255,  ..., 0.3294, 0.3294, 0.3333],
         [0.3412, 0.3176, 0.3294,  ..., 0.3373, 0.3294, 0.3255],
         [0.3255, 0.3373, 0.3176,  ..., 0.3333, 0.3255, 0.3255],
         ...,
         [0.3255, 0.3176, 0.3176,  ..., 0.3137, 0.3216, 0.3333],
         [0.3176, 0.3255, 0.3294,  ..., 0.3176, 0.3098, 0.3098],
         [0.3137, 0.3137, 0.3255,  ..., 0.3373, 0.3137, 0.3216]]])",0.8856492638587952,0.8438418
"tensor([[[0.4000, 0.4039, 0.3922,  ..., 0.3843, 0.4118, 0.4000],
         [0.3961, 0.3961, 0.3961,  ..., 0.4078, 0.3961, 0.3843],
         [0.3961, 0.4000, 0.3961,  ..., 0.4078, 0.3961, 0.4000],
         ...,
         [0.3961, 0.3961, 0.3922,  ..., 0.3922, 0.3804, 0.4039],
         [0.4000, 0.3882, 0.3961,  ..., 0.3961, 0.3961, 0.3725],
         [0.3765, 0.3843, 0.3922,  ..., 0.4000, 0.3961, 0.4078]]])",0.8755358457565308,0.8458575
"tensor([[[0.3608, 0.3686, 0.3451,  ..., 0.3608, 0.3725, 0.3608],
         [0.3569, 0.3725, 0.3608,  ..., 0.3647, 0.3686, 0.3412],
         [0.3569, 0.3529, 0.3725,  ..., 0.3647, 0.3569, 0.3608],
         ...,
         [0.3608, 0.3490, 0.3647,  ..., 0.3451, 0.3608, 0.3529],
         [0.3608, 0.3569, 0.3686,  ..., 0.3647, 0.3569, 0.3608],
         [0.3451, 0.3569, 0.3608,  ..., 0.3608, 0.3608, 0.3529]]])",0.8760212659835815,0.8345686
"tensor([[[0.3451, 0.3255, 0.3412,  ..., 0.3333, 0.3294, 0.3451],
         [0.3412, 0.3412, 0.3412,  ..., 0.3333, 0.3373, 0.3333],
         [0.3294, 0.3333, 0.3373,  ..., 0.3373, 0.3333, 0.3333],
         ...,
         [0.3333, 0.3294, 0.3373,  ..., 0.3294, 0.3333, 0.3490],
         [0.3333, 0.3373, 0.3294,  ..., 0.3294, 0.3294, 0.3294],
         [0.3412, 0.3333, 0.3373,  ..., 0.3412, 0.3451, 0.3294]]])",0.8742668032646179,0.8350377
"tensor([[[0.3529, 0.3765, 0.3451,  ..., 0.3608, 0.3569, 0.3765],
         [0.3647, 0.3647, 0.3725,  ..., 0.3647, 0.3725, 0.3608],
         [0.3490, 0.3569, 0.3725,  ..., 0.3647, 0.3569, 0.3647],
         ...,
         [0.3569, 0.3451, 0.3569,  ..., 0.3725, 0.3490, 0.3765],
         [0.3608, 0.3412, 0.3569,  ..., 0.3608, 0.3686, 0.3529],
         [0.3451, 0.3608, 0.3569,  ..., 0.3608, 0.3725, 0.3608]]])",0.812271237373352,0.78193176
"tensor([[[0.3451, 0.3608, 0.3686,  ..., 0.3569, 0.3608, 0.3608],
         [0.3529, 0.3490, 0.3647,  ..., 0.3569, 0.3647, 0.3451],
         [0.3529, 0.3490, 0.3608,  ..., 0.3569, 0.3490, 0.3490],
         ...,
         [0.3333, 0.3490, 0.3412,  ..., 0.3529, 0.3490, 0.3529],
         [0.3412, 0.3490, 0.3373,  ..., 0.3412, 0.3647, 0.3647],
         [0.3333, 0.3412, 0.3451,  ..., 0.3569, 0.3647, 0.3490]]])",0.8405009508132935,0.7913241
"tensor([[[0.3020, 0.2941, 0.3020,  ..., 0.2902, 0.2980, 0.2863],
         [0.2824, 0.2902, 0.2980,  ..., 0.2902, 0.2941, 0.2863],
         [0.3059, 0.2902, 0.2902,  ..., 0.2980, 0.2902, 0.2863],
         ...,
         [0.2824, 0.2863, 0.2941,  ..., 0.2863, 0.2863, 0.2941],
         [0.2941, 0.2863, 0.2902,  ..., 0.2902, 0.2902, 0.2980],
         [0.2941, 0.2784, 0.2824,  ..., 0.2980, 0.2863, 0.2980]]])",0.9205203652381897,0.8654673
"tensor([[[0.2706, 0.2706, 0.2706,  ..., 0.2706, 0.2706, 0.2627],
         [0.2667, 0.2667, 0.2706,  ..., 0.2667, 0.2667, 0.2667],
         [0.2706, 0.2706, 0.2706,  ..., 0.2706, 0.2667, 0.2667],
         ...,
         [0.2667, 0.2706, 0.2745,  ..., 0.2667, 0.2627, 0.2745],
         [0.2667, 0.2667, 0.2588,  ..., 0.2706, 0.2627, 0.2667],
         [0.2667, 0.2627, 0.2667,  ..., 0.2706, 0.2706, 0.2667]]])",0.9635604023933411,0.8906286
"tensor([[[0.2118, 0.2000, 0.2157,  ..., 0.2000, 0.2196, 0.2000],
         [0.2157, 0.2235, 0.2118,  ..., 0.2039, 0.2118, 0.2039],
         [0.2118, 0.2157, 0.2118,  ..., 0.2196, 0.2078, 0.2157],
         ...,
         [0.2078, 0.2157, 0.2235,  ..., 0.2039, 0.2118, 0.2039],
         [0.2039, 0.2078, 0.1961,  ..., 0.1961, 0.2118, 0.2039],
         [0.2000, 0.2118, 0.2078,  ..., 0.2118, 0.2039, 0.2235]]])",0.9188985824584961,0.8564811
"tensor([[[0.2706, 0.2706, 0.2706,  ..., 0.2706, 0.2667, 0.2706],
         [0.2745, 0.2745, 0.2706,  ..., 0.2667, 0.2627, 0.2784],
         [0.2627, 0.2706, 0.2745,  ..., 0.2510, 0.2784, 0.2588],
         ...,
         [0.2667, 0.2667, 0.2627,  ..., 0.2588, 0.2706, 0.2549],
         [0.2627, 0.2627, 0.2706,  ..., 0.2588, 0.2588, 0.2667],
         [0.2627, 0.2667, 0.2627,  ..., 0.2745, 0.2588, 0.2706]]])",0.9107500314712524,0.8590956
"tensor([[[0.3490, 0.3373, 0.3451,  ..., 0.3490, 0.3412, 0.3373],
         [0.3412, 0.3569, 0.3529,  ..., 0.3451, 0.3451, 0.3373],
         [0.3569, 0.3490, 0.3608,  ..., 0.3490, 0.3412, 0.3569],
         ...,
         [0.3412, 0.3451, 0.3333,  ..., 0.3412, 0.3373, 0.3412],
         [0.3333, 0.3451, 0.3529,  ..., 0.3412, 0.3373, 0.3373],
         [0.3490, 0.3608, 0.3451,  ..., 0.3412, 0.3451, 0.3451]]])",0.9018734097480774,0.85075045
"tensor([[[0.2824, 0.2784, 0.2745,  ..., 0.2745, 0.2745, 0.2667],
         [0.2824, 0.2863, 0.2863,  ..., 0.2706, 0.2745, 0.2824],
         [0.2824, 0.2784, 0.2863,  ..., 0.2784, 0.2745, 0.2784],
         ...,
         [0.2745, 0.2784, 0.2745,  ..., 0.2667, 0.2706, 0.2667],
         [0.2667, 0.2784, 0.2706,  ..., 0.2706, 0.2706, 0.2627],
         [0.2784, 0.2784, 0.2745,  ..., 0.2706, 0.2745, 0.2706]]])",0.9121668338775635,0.8671707
"tensor([[[0.2745, 0.2706, 0.2549,  ..., 0.2471, 0.2706, 0.2549],
         [0.2627, 0.2745, 0.2745,  ..., 0.2706, 0.2588, 0.2627],
         [0.2745, 0.2745, 0.2745,  ..., 0.2549, 0.2549, 0.2627],
         ...,
         [0.2588, 0.2863, 0.2745,  ..., 0.2510, 0.2549, 0.2588],
         [0.2706, 0.2627, 0.2549,  ..., 0.2510, 0.2392, 0.2588],
         [0.2588, 0.2510, 0.2667,  ..., 0.2392, 0.2549, 0.2510]]])",0.8563296794891357,0.80927956
"tensor([[[0.3255, 0.3451, 0.3412,  ..., 0.3137, 0.3216, 0.3451],
         [0.3451, 0.3333, 0.3412,  ..., 0.3216, 0.3451, 0.3255],
         [0.3451, 0.3333, 0.3490,  ..., 0.3373, 0.3216, 0.3059],
         ...,
         [0.3373, 0.3294, 0.3373,  ..., 0.3176, 0.3294, 0.3137],
         [0.3333, 0.3451, 0.3373,  ..., 0.3176, 0.3255, 0.3137],
         [0.3333, 0.3255, 0.3412,  ..., 0.3216, 0.3020, 0.3255]]])",0.857255220413208,0.81468856
"tensor([[[0.2627, 0.2706, 0.2667,  ..., 0.2588, 0.2471, 0.2627],
         [0.2549, 0.2667, 0.2745,  ..., 0.2510, 0.2706, 0.2627],
         [0.2784, 0.2667, 0.2706,  ..., 0.2627, 0.2549, 0.2588],
         ...,
         [0.2745, 0.2745, 0.2627,  ..., 0.2588, 0.2510, 0.2627],
         [0.2549, 0.2667, 0.2745,  ..., 0.2667, 0.2471, 0.2471],
         [0.2627, 0.2706, 0.2627,  ..., 0.2431, 0.2706, 0.2549]]])",0.894169807434082,0.8485615
"tensor([[[0.3569, 0.3490, 0.3608,  ..., 0.3490, 0.3490, 0.3451],
         [0.3569, 0.3490, 0.3529,  ..., 0.3412, 0.3490, 0.3529],
         [0.3608, 0.3490, 0.3569,  ..., 0.3569, 0.3490, 0.3490],
         ...,
         [0.3490, 0.3451, 0.3529,  ..., 0.3373, 0.3373, 0.3451],
         [0.3412, 0.3608, 0.3490,  ..., 0.3490, 0.3451, 0.3412],
         [0.3490, 0.3529, 0.3412,  ..., 0.3373, 0.3529, 0.3490]]])",0.8971168398857117,0.86392206
"tensor([[[0.2431, 0.2392, 0.2471,  ..., 0.2353, 0.2392, 0.2353],
         [0.2471, 0.2431, 0.2392,  ..., 0.2431, 0.2431, 0.2353],
         [0.2392, 0.2431, 0.2431,  ..., 0.2431, 0.2353, 0.2392],
         ...,
         [0.2392, 0.2314, 0.2392,  ..., 0.2392, 0.2431, 0.2314],
         [0.2392, 0.2431, 0.2431,  ..., 0.2314, 0.2275, 0.2431],
         [0.2431, 0.2431, 0.2275,  ..., 0.2431, 0.2353, 0.2392]]])",0.9043388962745667,0.85871816
"tensor([[[0.3725, 0.3686, 0.3529,  ..., 0.3608, 0.3569, 0.3490],
         [0.3569, 0.3765, 0.3608,  ..., 0.3647, 0.3529, 0.3569],
         [0.3686, 0.3608, 0.3529,  ..., 0.3529, 0.3569, 0.3686],
         ...,
         [0.3451, 0.3608, 0.3686,  ..., 0.3608, 0.3725, 0.3569],
         [0.3569, 0.3725, 0.3529,  ..., 0.3529, 0.3608, 0.3451],
         [0.3725, 0.3647, 0.3529,  ..., 0.3569, 0.3647, 0.3608]]])",0.823684573173523,0.8057542
"tensor([[[0.3294, 0.3059, 0.3020,  ..., 0.3176, 0.3176, 0.3176],
         [0.3255, 0.3294, 0.3216,  ..., 0.3294, 0.3059, 0.3216],
         [0.3137, 0.3098, 0.3137,  ..., 0.3176, 0.3176, 0.3333],
         ...,
         [0.3294, 0.3216, 0.3373,  ..., 0.3333, 0.3176, 0.3333],
         [0.3333, 0.3137, 0.3216,  ..., 0.3255, 0.3333, 0.3216],
         [0.3059, 0.3216, 0.3176,  ..., 0.3137, 0.3333, 0.2980]]])",0.8384210467338562,0.80401313
"tensor([[[0.4275, 0.3922, 0.4118,  ..., 0.4235, 0.4118, 0.4235],
         [0.4157, 0.4314, 0.4157,  ..., 0.4314, 0.4275, 0.4275],
         [0.4039, 0.4039, 0.4196,  ..., 0.4275, 0.4078, 0.4235],
         ...,
         [0.4196, 0.4353, 0.4275,  ..., 0.4314, 0.4353, 0.4275],
         [0.4235, 0.4157, 0.4196,  ..., 0.4235, 0.4392, 0.4314],
         [0.4235, 0.4157, 0.4196,  ..., 0.4353, 0.4353, 0.4353]]])",0.8192243576049805,0.7823273
"tensor([[[0.3961, 0.4078, 0.3882,  ..., 0.4118, 0.4118, 0.4078],
         [0.3882, 0.4078, 0.4000,  ..., 0.4118, 0.4078, 0.4000],
         [0.3961, 0.3882, 0.4078,  ..., 0.4039, 0.4078, 0.4000],
         ...,
         [0.3961, 0.4039, 0.4039,  ..., 0.4039, 0.4157, 0.4039],
         [0.4000, 0.4118, 0.4000,  ..., 0.4039, 0.4275, 0.4157],
         [0.4078, 0.4118, 0.3882,  ..., 0.4078, 0.4118, 0.4275]]])",0.8865617513656616,0.83238995
"tensor([[[0.3451, 0.3451, 0.3490,  ..., 0.3569, 0.3765, 0.3686],
         [0.3529, 0.3490, 0.3529,  ..., 0.3608, 0.3608, 0.3608],
         [0.3569, 0.3451, 0.3608,  ..., 0.3608, 0.3686, 0.3608],
         ...,
         [0.3412, 0.3529, 0.3529,  ..., 0.3647, 0.3608, 0.3647],
         [0.3529, 0.3647, 0.3569,  ..., 0.3608, 0.3569, 0.3686],
         [0.3725, 0.3529, 0.3490,  ..., 0.3725, 0.3686, 0.3569]]])",0.8400114178657532,0.8064941
"tensor([[[0.2392, 0.2471, 0.2588,  ..., 0.2471, 0.2510, 0.2588],
         [0.2667, 0.2353, 0.2431,  ..., 0.2471, 0.2588, 0.2549],
         [0.2588, 0.2627, 0.2471,  ..., 0.2588, 0.2549, 0.2471],
         ...,
         [0.2549, 0.2431, 0.2471,  ..., 0.2549, 0.2549, 0.2627],
         [0.2510, 0.2471, 0.2588,  ..., 0.2706, 0.2627, 0.2431],
         [0.2431, 0.2549, 0.2549,  ..., 0.2392, 0.2627, 0.2549]]])",0.8735300898551941,0.8320727
"tensor([[[0.2235, 0.2471, 0.2392,  ..., 0.2431, 0.2471, 0.2392],
         [0.2275, 0.2275, 0.2353,  ..., 0.2471, 0.2275, 0.2392],
         [0.2392, 0.2353, 0.2353,  ..., 0.2314, 0.2314, 0.2471],
         ...,
         [0.2510, 0.2392, 0.2196,  ..., 0.2392, 0.2471, 0.2588],
         [0.2275, 0.2235, 0.2314,  ..., 0.2510, 0.2431, 0.2549],
         [0.2353, 0.2353, 0.2471,  ..., 0.2627, 0.2510, 0.2353]]])",0.871365487575531,0.8416469
"tensor([[[0.3451, 0.3255, 0.3529,  ..., 0.3451, 0.3451, 0.3608],
         [0.3569, 0.3294, 0.3412,  ..., 0.3529, 0.3412, 0.3490],
         [0.3451, 0.3451, 0.3412,  ..., 0.3294, 0.3490, 0.3412],
         ...,
         [0.3451, 0.3412, 0.3333,  ..., 0.3569, 0.3608, 0.3333],
         [0.3412, 0.3412, 0.3412,  ..., 0.3490, 0.3529, 0.3725],
         [0.3333, 0.3451, 0.3490,  ..., 0.3765, 0.3451, 0.3569]]])",0.8409969806671143,0.81957024
"tensor([[[0.3176, 0.3412, 0.3451,  ..., 0.3451, 0.3255, 0.3569],
         [0.3412, 0.3216, 0.3412,  ..., 0.3216, 0.3529, 0.3451],
         [0.3490, 0.3412, 0.3294,  ..., 0.3490, 0.3412, 0.3176],
         ...,
         [0.3373, 0.3451, 0.3216,  ..., 0.3529, 0.3412, 0.3333],
         [0.3490, 0.3255, 0.3412,  ..., 0.3451, 0.3451, 0.3490],
         [0.3216, 0.3412, 0.3529,  ..., 0.3451, 0.3569, 0.3333]]])",0.8441317081451416,0.8271841
"tensor([[[0.3647, 0.3686, 0.3647,  ..., 0.3647, 0.3686, 0.3843],
         [0.3529, 0.3647, 0.3647,  ..., 0.3686, 0.3686, 0.3569],
         [0.3804, 0.3686, 0.3608,  ..., 0.3608, 0.3647, 0.3765],
         ...,
         [0.3725, 0.3725, 0.3647,  ..., 0.3725, 0.3725, 0.3686],
         [0.3686, 0.3725, 0.3686,  ..., 0.3725, 0.3725, 0.3765],
         [0.3843, 0.3686, 0.3765,  ..., 0.3686, 0.3686, 0.3765]]])",0.8539524078369141,0.8290801
"tensor([[[0.3020, 0.2941, 0.3020,  ..., 0.2902, 0.3059, 0.3020],
         [0.2902, 0.2980, 0.2980,  ..., 0.3176, 0.2980, 0.2941],
         [0.3098, 0.2941, 0.2980,  ..., 0.2902, 0.2980, 0.3020],
         ...,
         [0.2941, 0.3020, 0.3059,  ..., 0.2941, 0.3098, 0.3059],
         [0.3059, 0.3098, 0.3020,  ..., 0.2980, 0.2980, 0.3098],
         [0.3137, 0.2980, 0.2980,  ..., 0.3137, 0.2980, 0.2980]]])",0.8981229662895203,0.88578284
"tensor([[[0.3882, 0.4000, 0.3961,  ..., 0.3804, 0.3961, 0.3843],
         [0.3961, 0.3843, 0.4039,  ..., 0.3922, 0.3725, 0.3765],
         [0.4000, 0.3922, 0.3922,  ..., 0.3725, 0.3922, 0.3922],
         ...,
         [0.3804, 0.4000, 0.3961,  ..., 0.3843, 0.4118, 0.3961],
         [0.3961, 0.3961, 0.3843,  ..., 0.3922, 0.3882, 0.4157],
         [0.3804, 0.3843, 0.3922,  ..., 0.4157, 0.3882, 0.3922]]])",0.8567705154418945,0.83883464
"tensor([[[0.3451, 0.3686, 0.3451,  ..., 0.3412, 0.3451, 0.3412],
         [0.3490, 0.3569, 0.3647,  ..., 0.3412, 0.3333, 0.3490],
         [0.3725, 0.3490, 0.3647,  ..., 0.3490, 0.3529, 0.3412],
         ...,
         [0.3333, 0.3725, 0.3333,  ..., 0.3529, 0.3608, 0.3647],
         [0.3569, 0.3608, 0.3451,  ..., 0.3608, 0.3569, 0.3569],
         [0.3569, 0.3529, 0.3529,  ..., 0.3647, 0.3725, 0.3608]]])",0.8528192043304443,0.8261652
"tensor([[[0.3176, 0.3373, 0.3412,  ..., 0.3137, 0.3137, 0.3216],
         [0.3294, 0.3255, 0.3333,  ..., 0.3216, 0.3255, 0.3294],
         [0.3216, 0.3294, 0.3176,  ..., 0.3255, 0.3059, 0.3176],
         ...,
         [0.3373, 0.3216, 0.3333,  ..., 0.3490, 0.3333, 0.3333],
         [0.3333, 0.3333, 0.3294,  ..., 0.3529, 0.3529, 0.3333],
         [0.3098, 0.3333, 0.3137,  ..., 0.3255, 0.3451, 0.3569]]])",0.8322606086730957,0.80527604
"tensor([[[0.3686, 0.3608, 0.3647,  ..., 0.3608, 0.3647, 0.3686],
         [0.3686, 0.3490, 0.3686,  ..., 0.3647, 0.3686, 0.3608],
         [0.3608, 0.3647, 0.3686,  ..., 0.3569, 0.3569, 0.3490],
         ...,
         [0.3922, 0.3608, 0.3647,  ..., 0.3843, 0.3765, 0.3686],
         [0.3686, 0.3529, 0.3725,  ..., 0.3765, 0.3804, 0.3608],
         [0.3333, 0.3765, 0.3765,  ..., 0.3725, 0.3804, 0.3882]]])",0.8283138275146484,0.81751275
"tensor([[[0.3451, 0.3529, 0.3373,  ..., 0.3608, 0.3529, 0.3451],
         [0.3373, 0.3412, 0.3412,  ..., 0.3373, 0.3373, 0.3373],
         [0.3490, 0.3373, 0.3490,  ..., 0.3451, 0.3529, 0.3608],
         ...,
         [0.3529, 0.3451, 0.3490,  ..., 0.3490, 0.3529, 0.3608],
         [0.3647, 0.3412, 0.3608,  ..., 0.3765, 0.3490, 0.3412],
         [0.3451, 0.3451, 0.3608,  ..., 0.3569, 0.3804, 0.3725]]])",0.8043373227119446,0.7985058
"tensor([[[0.2941, 0.3059, 0.3020,  ..., 0.2941, 0.2902, 0.3059],
         [0.2980, 0.2902, 0.3020,  ..., 0.2902, 0.2980, 0.3059],
         [0.3137, 0.3059, 0.3020,  ..., 0.2980, 0.3059, 0.2863],
         ...,
         [0.3137, 0.3020, 0.3059,  ..., 0.2980, 0.3020, 0.3255],
         [0.3059, 0.2941, 0.3059,  ..., 0.3255, 0.2941, 0.3098],
         [0.3059, 0.2980, 0.3137,  ..., 0.3059, 0.3059, 0.2941]]])",0.8572902083396912,0.8243088
"tensor([[[0.2235, 0.2157, 0.2196,  ..., 0.2196, 0.2157, 0.2157],
         [0.2196, 0.2235, 0.2157,  ..., 0.2118, 0.2118, 0.2235],
         [0.2157, 0.2196, 0.2196,  ..., 0.2118, 0.2235, 0.2196],
         ...,
         [0.2118, 0.2235, 0.2118,  ..., 0.2196, 0.2196, 0.2235],
         [0.2157, 0.2196, 0.2157,  ..., 0.2157, 0.2196, 0.2196],
         [0.2235, 0.2118, 0.2157,  ..., 0.2235, 0.2157, 0.2157]]])",0.965120255947113,0.8885728
"tensor([[[0.3255, 0.3255, 0.3255,  ..., 0.3255, 0.3216, 0.3216],
         [0.3294, 0.3255, 0.3255,  ..., 0.3216, 0.3255, 0.3294],
         [0.3255, 0.3255, 0.3255,  ..., 0.3216, 0.3294, 0.3216],
         ...,
         [0.3216, 0.3294, 0.3255,  ..., 0.3216, 0.3255, 0.3255],
         [0.3255, 0.3294, 0.3216,  ..., 0.3255, 0.3216, 0.3255],
         [0.3294, 0.3255, 0.3216,  ..., 0.3255, 0.3255, 0.3255]]])",0.9739329218864441,0.9284001
"tensor([[[0.2706, 0.2667, 0.2745,  ..., 0.2667, 0.2667, 0.2745],
         [0.2706, 0.2706, 0.2627,  ..., 0.2667, 0.2706, 0.2706],
         [0.2706, 0.2745, 0.2706,  ..., 0.2627, 0.2667, 0.2667],
         ...,
         [0.2784, 0.2667, 0.2667,  ..., 0.2706, 0.2667, 0.2706],
         [0.2745, 0.2667, 0.2706,  ..., 0.2706, 0.2706, 0.2667],
         [0.2706, 0.2667, 0.2706,  ..., 0.2667, 0.2706, 0.2745]]])",0.9644877910614014,0.9085554
"tensor([[[0.3059, 0.2863, 0.3137,  ..., 0.2824, 0.2941, 0.3020],
         [0.3098, 0.2863, 0.3059,  ..., 0.3098, 0.3020, 0.3137],
         [0.3137, 0.3216, 0.2980,  ..., 0.2941, 0.2902, 0.2980],
         ...,
         [0.3137, 0.2902, 0.2941,  ..., 0.3020, 0.2902, 0.2941],
         [0.3098, 0.2941, 0.3059,  ..., 0.3137, 0.2980, 0.3137],
         [0.2902, 0.3059, 0.3020,  ..., 0.3098, 0.3137, 0.2980]]])",0.8451293110847473,0.82036525
"tensor([[[0.2549, 0.2588, 0.2627,  ..., 0.2627, 0.2549, 0.2549],
         [0.2549, 0.2510, 0.2627,  ..., 0.2549, 0.2392, 0.2549],
         [0.2549, 0.2588, 0.2627,  ..., 0.2510, 0.2549, 0.2549],
         ...,
         [0.2471, 0.2510, 0.2549,  ..., 0.2549, 0.2510, 0.2549],
         [0.2588, 0.2627, 0.2431,  ..., 0.2627, 0.2510, 0.2510],
         [0.2627, 0.2510, 0.2471,  ..., 0.2549, 0.2588, 0.2510]]])",0.8738871216773987,0.8455197
"tensor([[[0.3216, 0.3216, 0.3255,  ..., 0.3176, 0.3333, 0.3137],
         [0.3216, 0.3176, 0.3333,  ..., 0.3255, 0.3255, 0.3098],
         [0.3216, 0.3255, 0.3176,  ..., 0.3216, 0.3176, 0.3176],
         ...,
         [0.3137, 0.3294, 0.3137,  ..., 0.3216, 0.3255, 0.3176],
         [0.3255, 0.3216, 0.3137,  ..., 0.3176, 0.3255, 0.3294],
         [0.3294, 0.3098, 0.3176,  ..., 0.3255, 0.3176, 0.3176]]])",0.8990706205368042,0.8805946
"tensor([[[0.2784, 0.2824, 0.2824,  ..., 0.2824, 0.2902, 0.2706],
         [0.2784, 0.2824, 0.2824,  ..., 0.2902, 0.2745, 0.2784],
         [0.2824, 0.2824, 0.2824,  ..., 0.2706, 0.2824, 0.2824],
         ...,
         [0.2863, 0.2824, 0.2706,  ..., 0.2863, 0.2980, 0.2745],
         [0.2784, 0.2745, 0.2824,  ..., 0.2745, 0.2824, 0.2863],
         [0.2784, 0.2784, 0.2824,  ..., 0.2902, 0.2784, 0.2784]]])",0.8933871388435364,0.84550476
"tensor([[[0.3961, 0.4078, 0.4078,  ..., 0.4039, 0.4157, 0.4196],
         [0.4039, 0.4039, 0.4078,  ..., 0.4196, 0.4118, 0.3882],
         [0.4000, 0.4118, 0.4118,  ..., 0.4078, 0.4000, 0.4118],
         ...,
         [0.3961, 0.3961, 0.4039,  ..., 0.3961, 0.4235, 0.4275],
         [0.3961, 0.4039, 0.4078,  ..., 0.4078, 0.4078, 0.4314],
         [0.4118, 0.4118, 0.3922,  ..., 0.4314, 0.4157, 0.4118]]])",0.863060474395752,0.73670375
"tensor([[[0.3373, 0.3255, 0.3333,  ..., 0.3569, 0.3255, 0.3373],
         [0.3294, 0.3294, 0.3333,  ..., 0.3373, 0.3255, 0.3373],
         [0.3255, 0.3294, 0.3412,  ..., 0.3216, 0.3373, 0.3412],
         ...,
         [0.3412, 0.3294, 0.3137,  ..., 0.3333, 0.3294, 0.3451],
         [0.3294, 0.3137, 0.3294,  ..., 0.3333, 0.3333, 0.3294],
         [0.3255, 0.3333, 0.3412,  ..., 0.3294, 0.3373, 0.3333]]])",0.8618361353874207,0.8186742
"tensor([[[0.4667, 0.4627, 0.4745,  ..., 0.4745, 0.4745, 0.4745],
         [0.4706, 0.4627, 0.4627,  ..., 0.4745, 0.4824, 0.4706],
         [0.4745, 0.4706, 0.4667,  ..., 0.4824, 0.4706, 0.4706],
         ...,
         [0.4745, 0.4745, 0.4588,  ..., 0.4667, 0.4784, 0.4627],
         [0.4745, 0.4627, 0.4667,  ..., 0.4706, 0.4706, 0.4784],
         [0.4627, 0.4745, 0.4627,  ..., 0.4863, 0.4588, 0.4549]]])",0.8785393834114075,0.80047095
"tensor([[[0.3961, 0.4078, 0.4196,  ..., 0.4235, 0.4314, 0.4275],
         [0.4157, 0.4000, 0.4078,  ..., 0.4196, 0.4157, 0.4275],
         [0.4314, 0.4157, 0.4078,  ..., 0.4235, 0.4235, 0.4078],
         ...,
         [0.4118, 0.4196, 0.4000,  ..., 0.4157, 0.4078, 0.4275],
         [0.4275, 0.4235, 0.3922,  ..., 0.4314, 0.3922, 0.4118],
         [0.4235, 0.4118, 0.3922,  ..., 0.4157, 0.4235, 0.3804]]])",0.8222545981407166,0.7891903
"tensor([[[0.3725, 0.3686, 0.3843,  ..., 0.3804, 0.3765, 0.3843],
         [0.3608, 0.3569, 0.3608,  ..., 0.3647, 0.3804, 0.3725],
         [0.3725, 0.3804, 0.3647,  ..., 0.3804, 0.3765, 0.3647],
         ...,
         [0.3725, 0.3647, 0.3608,  ..., 0.3686, 0.3647, 0.3843],
         [0.3686, 0.3686, 0.3608,  ..., 0.3686, 0.3608, 0.3529],
         [0.3608, 0.3765, 0.3569,  ..., 0.3765, 0.3686, 0.3490]]])",0.8551543354988098,0.81113786
"tensor([[[0.3647, 0.3608, 0.3608,  ..., 0.3608, 0.3490, 0.3686],
         [0.3569, 0.3647, 0.3569,  ..., 0.3569, 0.3686, 0.3647],
         [0.3529, 0.3569, 0.3608,  ..., 0.3569, 0.3686, 0.3608],
         ...,
         [0.3686, 0.3608, 0.3490,  ..., 0.3647, 0.3529, 0.3608],
         [0.3569, 0.3608, 0.3608,  ..., 0.3686, 0.3490, 0.3529],
         [0.3569, 0.3608, 0.3608,  ..., 0.3608, 0.3725, 0.3529]]])",0.9071018695831299,0.86115503
"tensor([[[0.2784, 0.2784, 0.2902,  ..., 0.2902, 0.2863, 0.3020],
         [0.2863, 0.2784, 0.2863,  ..., 0.2863, 0.2941, 0.2784],
         [0.2863, 0.2745, 0.3020,  ..., 0.2941, 0.2824, 0.2863],
         ...,
         [0.2824, 0.2824, 0.2824,  ..., 0.2941, 0.2667, 0.2824],
         [0.2902, 0.2863, 0.2745,  ..., 0.2863, 0.2863, 0.2784],
         [0.2784, 0.2745, 0.2784,  ..., 0.2784, 0.2941, 0.2824]]])",0.886893630027771,0.82513005
"tensor([[[0.3490, 0.3490, 0.3569,  ..., 0.3529, 0.3569, 0.3608],
         [0.3490, 0.3529, 0.3569,  ..., 0.3647, 0.3529, 0.3451],
         [0.3529, 0.3569, 0.3569,  ..., 0.3569, 0.3569, 0.3529],
         ...,
         [0.3569, 0.3451, 0.3490,  ..., 0.3451, 0.3569, 0.3373],
         [0.3569, 0.3451, 0.3451,  ..., 0.3569, 0.3451, 0.3529],
         [0.3333, 0.3412, 0.3490,  ..., 0.3569, 0.3412, 0.3490]]])",0.8533278703689575,0.8172313
"tensor([[[0.4000, 0.4235, 0.4078,  ..., 0.4000, 0.4118, 0.3882],
         [0.4078, 0.4039, 0.4196,  ..., 0.4078, 0.3961, 0.4039],
         [0.4196, 0.4157, 0.4157,  ..., 0.4118, 0.4078, 0.4157],
         ...,
         [0.4118, 0.4039, 0.3882,  ..., 0.3922, 0.4039, 0.3922],
         [0.4000, 0.4039, 0.4039,  ..., 0.3961, 0.4000, 0.3922],
         [0.4039, 0.4000, 0.3922,  ..., 0.3922, 0.4000, 0.3961]]])",0.8293237090110779,0.7898239
"tensor([[[0.2980, 0.3098, 0.3059,  ..., 0.2980, 0.2941, 0.2980],
         [0.2980, 0.3059, 0.3137,  ..., 0.2902, 0.3059, 0.2941],
         [0.2941, 0.3059, 0.3098,  ..., 0.2980, 0.3059, 0.2941],
         ...,
         [0.2980, 0.2941, 0.2980,  ..., 0.2902, 0.2902, 0.2863],
         [0.2980, 0.2980, 0.2863,  ..., 0.2863, 0.2902, 0.2863],
         [0.2980, 0.2863, 0.2863,  ..., 0.2863, 0.2863, 0.2980]]])",0.8565545678138733,0.8176978
"tensor([[[0.3059, 0.3020, 0.3176,  ..., 0.3137, 0.2980, 0.2824],
         [0.3216, 0.3059, 0.3059,  ..., 0.2980, 0.3020, 0.3020],
         [0.3098, 0.3098, 0.3059,  ..., 0.3059, 0.3020, 0.3137],
         ...,
         [0.3059, 0.2941, 0.2980,  ..., 0.2980, 0.2941, 0.2941],
         [0.3059, 0.2980, 0.3020,  ..., 0.2980, 0.3059, 0.3020],
         [0.2941, 0.3059, 0.2941,  ..., 0.2980, 0.2980, 0.2902]]])",0.8770524859428406,0.8121935
"tensor([[[0.3529, 0.3333, 0.3412,  ..., 0.3451, 0.3255, 0.3569],
         [0.3412, 0.3490, 0.3529,  ..., 0.3373, 0.3333, 0.3490],
         [0.3255, 0.3451, 0.3451,  ..., 0.3373, 0.3451, 0.3373],
         ...,
         [0.3373, 0.3412, 0.3333,  ..., 0.3373, 0.3294, 0.3294],
         [0.3490, 0.3373, 0.3451,  ..., 0.3294, 0.3333, 0.3333],
         [0.3451, 0.3529, 0.3373,  ..., 0.3255, 0.3373, 0.3412]]])",0.877958357334137,0.802689
"tensor([[[0.3176, 0.3059, 0.3020,  ..., 0.3059, 0.3059, 0.3255],
         [0.3098, 0.3216, 0.3098,  ..., 0.3098, 0.3137, 0.3098],
         [0.3098, 0.3137, 0.3059,  ..., 0.3137, 0.3020, 0.3059],
         ...,
         [0.3059, 0.3098, 0.3059,  ..., 0.3020, 0.3020, 0.3020],
         [0.3059, 0.3098, 0.3137,  ..., 0.2941, 0.2980, 0.3059],
         [0.3137, 0.3098, 0.3098,  ..., 0.3020, 0.3059, 0.2902]]])",0.881483793258667,0.82686186
"tensor([[[0.4667, 0.4667, 0.4588,  ..., 0.4588, 0.4706, 0.4627],
         [0.4667, 0.4784, 0.4667,  ..., 0.4706, 0.4588, 0.4667],
         [0.4549, 0.4706, 0.4627,  ..., 0.4627, 0.4588, 0.4588],
         ...,
         [0.4588, 0.4588, 0.4627,  ..., 0.4627, 0.4549, 0.4471],
         [0.4588, 0.4745, 0.4745,  ..., 0.4549, 0.4627, 0.4549],
         [0.4667, 0.4627, 0.4627,  ..., 0.4510, 0.4549, 0.4627]]])",0.8863710165023804,0.8399875
"tensor([[[0.2784, 0.2667, 0.2824,  ..., 0.2863, 0.2784, 0.2745],
         [0.2824, 0.2706, 0.2784,  ..., 0.2784, 0.2706, 0.2745],
         [0.2745, 0.2745, 0.2706,  ..., 0.2745, 0.2745, 0.2784],
         ...,
         [0.2784, 0.2824, 0.2824,  ..., 0.2706, 0.2706, 0.2667],
         [0.2784, 0.2824, 0.2784,  ..., 0.2667, 0.2667, 0.2706],
         [0.2745, 0.2784, 0.2667,  ..., 0.2706, 0.2706, 0.2627]]])",0.9053460359573364,0.84090066
"tensor([[[0.3098, 0.2941, 0.3333,  ..., 0.3137, 0.3216, 0.3294],
         [0.3176, 0.3059, 0.3020,  ..., 0.3333, 0.3098, 0.2863],
         [0.3137, 0.3216, 0.3059,  ..., 0.3137, 0.2941, 0.3059],
         ...,
         [0.3255, 0.3294, 0.3216,  ..., 0.2980, 0.3059, 0.2980],
         [0.3255, 0.3137, 0.3137,  ..., 0.2941, 0.3098, 0.3059],
         [0.3333, 0.3059, 0.3059,  ..., 0.3098, 0.2941, 0.3059]]])",0.8685646057128906,0.8118146
"tensor([[[0.2706, 0.2667, 0.2824,  ..., 0.2627, 0.2902, 0.2706],
         [0.2667, 0.2706, 0.2706,  ..., 0.2902, 0.2706, 0.2510],
         [0.2941, 0.2627, 0.2667,  ..., 0.2667, 0.2471, 0.2510],
         ...,
         [0.2706, 0.2863, 0.2667,  ..., 0.2627, 0.2667, 0.2510],
         [0.2863, 0.2824, 0.2627,  ..., 0.2706, 0.2627, 0.2667],
         [0.2863, 0.2627, 0.2863,  ..., 0.2549, 0.2627, 0.2588]]])",0.8608250021934509,0.80941343
"tensor([[[0.4235, 0.4392, 0.4235,  ..., 0.4118, 0.4196, 0.4196],
         [0.4157, 0.4196, 0.4353,  ..., 0.4157, 0.4196, 0.4157],
         [0.4314, 0.4275, 0.4196,  ..., 0.4118, 0.4157, 0.4078],
         ...,
         [0.4196, 0.4275, 0.4275,  ..., 0.4157, 0.4078, 0.4118],
         [0.4275, 0.4314, 0.4157,  ..., 0.4275, 0.4196, 0.4000],
         [0.4196, 0.4196, 0.4353,  ..., 0.4157, 0.4157, 0.4118]]])",0.8910979628562927,0.8482035
"tensor([[[0.3843, 0.3882, 0.3961,  ..., 0.3686, 0.3725, 0.3686],
         [0.3804, 0.4000, 0.3882,  ..., 0.3843, 0.3765, 0.3765],
         [0.3608, 0.3804, 0.4000,  ..., 0.3765, 0.3686, 0.3765],
         ...,
         [0.3961, 0.3961, 0.3922,  ..., 0.3725, 0.3882, 0.3647],
         [0.4078, 0.3686, 0.3882,  ..., 0.3725, 0.3804, 0.3765],
         [0.3882, 0.3882, 0.4078,  ..., 0.3765, 0.3725, 0.3922]]])",0.8621939420700073,0.76232123
"tensor([[[0.3412, 0.3451, 0.3490,  ..., 0.3333, 0.3255, 0.3451],
         [0.3490, 0.3529, 0.3451,  ..., 0.3333, 0.3569, 0.3294],
         [0.3412, 0.3529, 0.3765,  ..., 0.3529, 0.3294, 0.3333],
         ...,
         [0.3608, 0.3451, 0.3529,  ..., 0.3373, 0.3451, 0.3412],
         [0.3569, 0.3686, 0.3529,  ..., 0.3451, 0.3412, 0.3451],
         [0.3843, 0.3490, 0.3529,  ..., 0.3451, 0.3373, 0.3451]]])",0.8033868074417114,0.75323266
"tensor([[[0.3216, 0.3216, 0.3373,  ..., 0.3294, 0.3216, 0.3255],
         [0.3490, 0.3255, 0.3373,  ..., 0.3255, 0.3255, 0.3294],
         [0.3294, 0.3490, 0.3216,  ..., 0.3333, 0.3255, 0.3176],
         ...,
         [0.3294, 0.3490, 0.3373,  ..., 0.3216, 0.3255, 0.3294],
         [0.3373, 0.3490, 0.3216,  ..., 0.3216, 0.3451, 0.3255],
         [0.3294, 0.3490, 0.3412,  ..., 0.3176, 0.3216, 0.3608]]])",0.8460724353790283,0.7822284
"tensor([[[0.3137, 0.3216, 0.3333,  ..., 0.3294, 0.3529, 0.3098],
         [0.3294, 0.3333, 0.3255,  ..., 0.3333, 0.3176, 0.3098],
         [0.3333, 0.3294, 0.3294,  ..., 0.3216, 0.3255, 0.3255],
         ...,
         [0.3529, 0.3373, 0.3333,  ..., 0.3255, 0.3412, 0.3333],
         [0.3490, 0.3255, 0.3490,  ..., 0.3176, 0.3294, 0.3412],
         [0.3333, 0.3373, 0.3451,  ..., 0.3294, 0.3255, 0.3451]]])",0.8626270890235901,0.8343065
"tensor([[[0.4039, 0.4039, 0.4000,  ..., 0.4118, 0.4078, 0.4039],
         [0.4000, 0.4078, 0.4039,  ..., 0.4078, 0.4039, 0.4078],
         [0.3961, 0.4118, 0.4078,  ..., 0.4078, 0.4118, 0.4000],
         ...,
         [0.4275, 0.3961, 0.3961,  ..., 0.4078, 0.4118, 0.4196],
         [0.4157, 0.4039, 0.4196,  ..., 0.4157, 0.4078, 0.4157],
         [0.4039, 0.4039, 0.4118,  ..., 0.4196, 0.4000, 0.4118]]])",0.8871265649795532,0.84778994
"tensor([[[0.3255, 0.3176, 0.3137,  ..., 0.3216, 0.3059, 0.3216],
         [0.3137, 0.3098, 0.3137,  ..., 0.3137, 0.3137, 0.3216],
         [0.3098, 0.3098, 0.3137,  ..., 0.3137, 0.3176, 0.3059],
         ...,
         [0.3098, 0.3137, 0.3098,  ..., 0.3255, 0.3176, 0.3216],
         [0.3176, 0.3098, 0.3059,  ..., 0.3176, 0.3176, 0.3216],
         [0.3176, 0.3059, 0.3020,  ..., 0.3176, 0.3255, 0.3255]]])",0.8872426748275757,0.8417208
"tensor([[[0.4000, 0.3961, 0.3882,  ..., 0.3961, 0.3843, 0.3922],
         [0.3922, 0.3882, 0.4000,  ..., 0.3882, 0.3843, 0.3961],
         [0.3922, 0.3843, 0.3922,  ..., 0.3882, 0.3922, 0.4000],
         ...,
         [0.3882, 0.3961, 0.3843,  ..., 0.4000, 0.4000, 0.3961],
         [0.3882, 0.3843, 0.3725,  ..., 0.3922, 0.3961, 0.3922],
         [0.3961, 0.3765, 0.3765,  ..., 0.3961, 0.3961, 0.3961]]])",0.8885300755500793,0.84811723
"tensor([[[0.3804, 0.3882, 0.3765,  ..., 0.3882, 0.3725, 0.3725],
         [0.3804, 0.3882, 0.3882,  ..., 0.3843, 0.3843, 0.3922],
         [0.3843, 0.3765, 0.3804,  ..., 0.3843, 0.3765, 0.3843],
         ...,
         [0.3765, 0.3804, 0.3765,  ..., 0.3961, 0.3922, 0.3804],
         [0.3765, 0.3765, 0.3686,  ..., 0.3843, 0.3961, 0.3882],
         [0.3882, 0.3725, 0.3804,  ..., 0.3843, 0.3765, 0.3843]]])",0.9014224410057068,0.8636749
"tensor([[[0.3843, 0.4000, 0.4000,  ..., 0.4000, 0.3725, 0.3961],
         [0.4078, 0.3882, 0.3961,  ..., 0.3843, 0.4000, 0.3922],
         [0.3961, 0.3882, 0.3922,  ..., 0.3922, 0.3961, 0.3922],
         ...,
         [0.3843, 0.3843, 0.3804,  ..., 0.4000, 0.4039, 0.4039],
         [0.3922, 0.3804, 0.3922,  ..., 0.4039, 0.3961, 0.4078],
         [0.3843, 0.3882, 0.3804,  ..., 0.4118, 0.3961, 0.3922]]])",0.8615747094154358,0.83167124
"tensor([[[0.3725, 0.3765, 0.3765,  ..., 0.3804, 0.3608, 0.3804],
         [0.3843, 0.3725, 0.3765,  ..., 0.3686, 0.3765, 0.3843],
         [0.3804, 0.3765, 0.3843,  ..., 0.3765, 0.3765, 0.3804],
         ...,
         [0.3686, 0.3725, 0.3765,  ..., 0.3882, 0.3765, 0.3804],
         [0.3765, 0.3725, 0.3569,  ..., 0.3882, 0.3882, 0.3922],
         [0.3647, 0.3647, 0.3725,  ..., 0.3922, 0.3725, 0.3882]]])",0.8726204037666321,0.8481064
"tensor([[[0.4000, 0.4157, 0.3922,  ..., 0.4118, 0.4078, 0.3961],
         [0.4000, 0.3961, 0.4157,  ..., 0.4039, 0.3922, 0.4118],
         [0.4039, 0.4000, 0.3922,  ..., 0.3922, 0.4157, 0.3922],
         ...,
         [0.3843, 0.3961, 0.4078,  ..., 0.4118, 0.4157, 0.4157],
         [0.3882, 0.4157, 0.4039,  ..., 0.4157, 0.4039, 0.4039],
         [0.4196, 0.4039, 0.3882,  ..., 0.4039, 0.4196, 0.3961]]])",0.8414126634597778,0.83097875
"tensor([[[0.3765, 0.3765, 0.3686,  ..., 0.3451, 0.3804, 0.3765],
         [0.3608, 0.3686, 0.3765,  ..., 0.3725, 0.3804, 0.3647],
         [0.3725, 0.3569, 0.3686,  ..., 0.3765, 0.3647, 0.3686],
         ...,
         [0.3765, 0.3569, 0.3686,  ..., 0.3765, 0.3725, 0.3686],
         [0.3529, 0.3725, 0.3843,  ..., 0.3725, 0.3725, 0.3725],
         [0.3882, 0.3804, 0.3569,  ..., 0.3765, 0.3686, 0.3804]]])",0.8337733745574951,0.8364539
